EllipsoidFactor,Help
EllipsoidFactor,Centroid
EllipsoidFactor,Ellipsoid
EllipsoidFactor,Trig
EllipsoidFactor,Vectors
EllipsoidFactor,Point
EllipsoidFactor,Skeletonize3D
EllipsoidFactor,ArrayHelper
EllipsoidFactor,ImageCheck
EllipsoidFactor,Multithreader
EllipsoidFactor,UsageReporter
Help,UsageReporter
SkeletonAngles,Help
SkeletonAngles,Centroid
SkeletonAngles,Trig
SkeletonAngles,AnalyzeSkeleton
SkeletonAngles,Edge
SkeletonAngles,Graph
SkeletonAngles,Point
SkeletonAngles,Skeletonize3D
SkeletonAngles,Vertex
SkeletonAngles,ResultInserter
SkeletonAngles,UsageReporter
ISQReader,Thickness
ISQReader,UsageReporter
KontronIMGReader,UsageReporter
Anisotropy,Help
Anisotropy,Moments
Anisotropy,Ellipsoid
Anisotropy,FitEllipsoid
Anisotropy,Vectors
Anisotropy,EigenvalueDecomposition
Anisotropy,Matrix
Anisotropy,Graph
Anisotropy,Point
Anisotropy,DialogModifier
Anisotropy,ImageCheck
Anisotropy,Multithreader
Anisotropy,ResultInserter
Anisotropy,UsageReporter
Connectivity,ImageCheck
Connectivity,Multithreader
Connectivity,ResultInserter
Connectivity,UsageReporter
Dilate,Help
Dilate,ImageCheck
Dilate,UsageReporter
EllipsoidFitter,Ellipsoid
EllipsoidFitter,FitEllipsoid
EllipsoidFitter,ImageCheck
EllipsoidFitter,ResultInserter
EllipsoidFitter,RoiMan
EllipsoidFitter,UsageReporter
Erode,Help
Erode,ImageCheck
Erode,UsageReporter
FractalBoxCounter,Graph
FractalBoxCounter,ImageCheck
FractalBoxCounter,ResultInserter
FractalBoxCounter,UsageReporter
MeasureSurface,Help
MeasureSurface,Vectors
MeasureSurface,ImageCheck
MeasureSurface,ResultInserter
MeasureSurface,StackStats
MeasureSurface,UsageReporter
Moments,Help
Moments,AlignThread
Moments,EigenvalueDecomposition
Moments,Matrix
Moments,DialogModifier
Moments,ImageCheck
Moments,ResultInserter
Moments,ThresholdGuesser
Moments,UsageReporter
NeckShaftAngle,Moments
NeckShaftAngle,FitCircle
NeckShaftAngle,FitSphere
NeckShaftAngle,Trig
NeckShaftAngle,Vectors
NeckShaftAngle,Matrix
NeckShaftAngle,SingularValueDecomposition
NeckShaftAngle,Point
NeckShaftAngle,DialogModifier
NeckShaftAngle,ImageCheck
NeckShaftAngle,ResultInserter
NeckShaftAngle,RoiMan
NeckShaftAngle,ThresholdGuesser
NeckShaftAngle,UsageReporter
ParticleCounter,Help
ParticleCounter,Connectivity
ParticleCounter,MeasureSurface
ParticleCounter,Moments
ParticleCounter,ConnectStructuresThread
ParticleCounter,Thickness
ParticleCounter,Ellipsoid
ParticleCounter,FitEllipsoid
ParticleCounter,Vectors
ParticleCounter,EigenvalueDecomposition
ParticleCounter,Matrix
ParticleCounter,DialogModifier
ParticleCounter,ImageCheck
ParticleCounter,Multithreader
ParticleCounter,UsageReporter
Purify,Help
Purify,ParticleCounter
Purify,DialogModifier
Purify,ImageCheck
Purify,Multithreader
Purify,UsageReporter
SliceGeometry,Help
SliceGeometry,BoneList
SliceGeometry,Moments
SliceGeometry,SliceThread
SliceGeometry,Thickness
SliceGeometry,Orienteer
SliceGeometry,DialogModifier
SliceGeometry,ImageCheck
SliceGeometry,ThresholdGuesser
SliceGeometry,UsageReporter
SphereFitter,Help
SphereFitter,Moments
SphereFitter,FitSphere
SphereFitter,DialogModifier
SphereFitter,ImageCheck
SphereFitter,ResultInserter
SphereFitter,RoiMan
SphereFitter,UsageReporter
StructureModelIndex,Help
StructureModelIndex,Dilate
StructureModelIndex,MeasureSurface
StructureModelIndex,Vectors
StructureModelIndex,Point
StructureModelIndex,ImageCheck
StructureModelIndex,ResultInserter
StructureModelIndex,UsageReporter
Thickness,Help
Thickness,Step1Thread
Thickness,Step2Thread
Thickness,Step3Thread
Thickness,LTThread
Thickness,Point
Thickness,ImageCheck
Thickness,ResultInserter
Thickness,RoiMan
Thickness,StackStats
Thickness,UsageReporter
ThresholdMinConn,Help
ThresholdMinConn,Connectivity
ThresholdMinConn,Dilate
ThresholdMinConn,Erode
ThresholdMinConn,ParticleCounter
ThresholdMinConn,Purify
ThresholdMinConn,DialogModifier
ThresholdMinConn,ImageCheck
ThresholdMinConn,Multithreader
ThresholdMinConn,StackStats
ThresholdMinConn,UsageReporter
VolumeFraction,Help
VolumeFraction,Moments
VolumeFraction,DialogModifier
VolumeFraction,ImageCheck
VolumeFraction,Multithreader
VolumeFraction,ResultInserter
VolumeFraction,RoiMan
VolumeFraction,UsageReporter
Distribution_Analysis,Help
Distribution_Analysis,ConcentricRingAnalysis
Distribution_Analysis,CorticalAnalysis
Distribution_Analysis,DetermineAlfa
Distribution_Analysis,DistributionAnalysis
Distribution_Analysis,MassDistribution
Distribution_Analysis,SoftTissueAnalysis
Distribution_Analysis,ImageAndAnalysisDetails
Distribution_Analysis,ScaledImageData
Distribution_Analysis,RoiSelector
Distribution_Analysis,SelectROI
Distribution_Analysis,SelectSoftROI
Distribution_Analysis,ResultsImage
Distribution_Analysis,ResultsWriter
Distribution_Analysis,UsageReporter
Export_Header,UsageReporter
Read_Stratec_File,UsageReporter
Strip_Stratec_File_Header,UsageReporter
ConcentricRingAnalysis,Thickness
ConcentricRingAnalysis,DetermineAlfa
ConcentricRingAnalysis,ImageAndAnalysisDetails
ConcentricRingAnalysis,SelectROI
CorticalAnalysis,SelectROI
DetermineAlfa,ImageAndAnalysisDetails
DetermineAlfa,SelectROI
DistributionAnalysis,Thickness
DistributionAnalysis,DetermineAlfa
DistributionAnalysis,ImageAndAnalysisDetails
DistributionAnalysis,SelectROI
MassDistribution,DetermineAlfa
MassDistribution,ImageAndAnalysisDetails
MassDistribution,SelectROI
SoftTissueAnalysis,SelectSoftROI
DetectedEdge,Edge
RoiSelector,ImageAndAnalysisDetails
RoiSelector,ScaledImageData
RoiSelector,DetectedEdge
RoiSelector,Vectors
RoiSelector,Edge
SelectROI,ImageAndAnalysisDetails
SelectROI,ScaledImageData
SelectROI,DetectedEdge
SelectROI,RoiSelector
SelectROI,Edge
SelectSoftROI,ImageAndAnalysisDetails
SelectSoftROI,ScaledImageData
SelectSoftROI,DetectedEdge
SelectSoftROI,RoiSelector
SelectSoftROI,Edge
SoftTissueSide,ImageAndAnalysisDetails
SoftTissueSide,SelectROI
ResultsWriter,Distribution_Analysis
ResultsWriter,ConcentricRingAnalysis
ResultsWriter,CorticalAnalysis
ResultsWriter,DetermineAlfa
ResultsWriter,DistributionAnalysis
ResultsWriter,MassDistribution
ResultsWriter,SoftTissueAnalysis
ResultsWriter,ImageAndAnalysisDetails
BinaryInterpolator,IDT
Centroid,Point
EigenCalculator,EigenvalueDecomposition
EigenCalculator,Matrix
Ellipsoid,Centroid
Ellipsoid,Vectors
Ellipsoid,EigenvalueDecomposition
Ellipsoid,Matrix
FitCircle,Centroid
FitCircle,EigenvalueDecomposition
FitCircle,Matrix
FitCircle,SingularValueDecomposition
FitEllipse,Centroid
FitEllipse,EigenvalueDecomposition
FitEllipse,Matrix
FitEllipsoid,Ellipsoid
FitEllipsoid,Trig
FitEllipsoid,Vectors
FitEllipsoid,EigenvalueDecomposition
FitEllipsoid,Matrix
FitSphere,Centroid
FitSphere,Trig
FitSphere,Matrix
Orienteer,Point
Orienteer,UsageReporter
Vectors,Trig
CholeskyDecomposition,Matrix
EigenvalueDecomposition,Maths
EigenvalueDecomposition,Matrix
LUDecomposition,Matrix
Matrix,CholeskyDecomposition
Matrix,EigenvalueDecomposition
Matrix,LUDecomposition
Matrix,Maths
Matrix,QRDecomposition
Matrix,SingularValueDecomposition
QRDecomposition,Maths
QRDecomposition,Matrix
SingularValueDecomposition,Maths
SingularValueDecomposition,Matrix
AnalyzeSkeleton,Help
AnalyzeSkeleton,Matrix
AnalyzeSkeleton,Edge
AnalyzeSkeleton,Graph
AnalyzeSkeleton,Point
AnalyzeSkeleton,SkeletonResult
AnalyzeSkeleton,Vertex
AnalyzeSkeleton,ImageCheck
AnalyzeSkeleton,UsageReporter
Edge,Point
Edge,Vertex
Graph,Edge
Graph,Vertex
Skeletonize3D,Point
Skeletonize3D,ImageCheck
Skeletonize3D,UsageReporter
SkeletonResult,Graph
SkeletonResult,Point
Vertex,Edge
Vertex,Point
DeleteSliceRange,ImageCheck
DeleteSliceRange,UsageReporter
DensityCalibrator,UsageReporter
ReporterOptions,Help
ReporterOptions,UsageReporter
RoiInterpolator,BinaryInterpolator
RoiInterpolator,ImageCheck
RoiInterpolator,UsageReporter
StackCropper,RoiMan
StackCropper,UsageReporter
StackStats,Multithreader
ThresholdGuesser,ImageCheck
ThresholdGuesser,StackStats
UsageReporter,Help
UsageReporter,ReporterOptions
VoxelDepthChecker,ImageCheck
VoxelDepthChecker,UsageReporter
SkeletonAnglesTest,SkeletonAngles
SkeletonAnglesTest,TestDataMaker
AnisotropyTest,Anisotropy
AnisotropyTest,TestDataMaker
ConnectivityTest,Connectivity
ConnectivityTest,TestDataMaker
MeasureSurfaceTest,MeasureSurface
MeasureSurfaceTest,TestDataMaker
StructureModelIndexTest,StructureModelIndex
StructureModelIndexTest,TestDataMaker
ThicknessTest,Thickness
ThicknessTest,StackStats
ThicknessTest,TestDataMaker
VolumeFractionTest,VolumeFraction
VolumeFractionTest,TestDataMaker
CentroidTest,Centroid
CentroidTest,Point
EllipsoidTest,Dilate
EllipsoidTest,Ellipsoid
EllipsoidTest,FitEllipsoid
EllipsoidTest,Trig
EllipsoidTest,Vectors
FitCircleTest,FitCircle
FitEllipseTest,FitEllipse
FitEllipsoidTest,Ellipsoid
FitEllipsoidTest,FitEllipsoid
FitEllipsoidTest,EllipsoidTest
FitSphereTest,Ellipsoid
FitSphereTest,FitEllipsoid
FitSphereTest,FitSphere
TestDataMaker,Skeletonize3D
TrigTest,Trig
VectorsTest,Vectors
ImageCheckTest,ImageCheck
RoiManTest,Point
RoiManTest,RoiMan
RoiManTest,TestDataMaker
