260
466
595
404
730
800
586
478
368
385
420
224
715
762
605
807
580
802
457
363
495
238
181
170
389
317
342
405
372
700
798
423
528
424
551
823
33
307
585
112
115
325
639
779
786
416
479
256
88
525
159
21
759
649
42
745
397
751
351
633
598
29
249
690
518
148
1
352
455
30
753
826
543
502
71
699
535
702
246
683
86
312
813
399
99
619
653
550
48
702
93
311
61
171
549
160
103
268
285
273
56
314
652
679
253
487
426
94
272
740
642
409
656
640
314
813
724
830
199
443
829
25
655
46
105
684
639
237
650
166
291
348
768
55
322
616
610
459
815
29
606
587
392
775
80
332
706
331
582
624
699
245
308
133
240
655
121
599
490
356
327
738
724
104
466
298
442
167
489
467
47
206
570
460
32
267
233
560
480
756
80
73
774
17
100
554
102
453
593
601
397
390
602
221
711
247
494
523
492
125
460
284
755
722
467
11
457
239
164
434
247
536
281
69
790
440
79
363
210
767
556
453
634
309
458
153
468
414
708
444
410
234
488
111
64
786
342
79
659
492
130
636
420
14
660
94
112
286
574
393
105
308
542
380
503
220
783
361
120
133
602
166
557
358
827
160
641
517
784
589
667
356
778
494
456
181
625
724
251
521
473
250
229
240
733
742
347
420
605
700
591
106
341
704
451
689
204
96
214
97
818
261
524
152
725
621
557
334
29
395
155
468
793
350
48
311
337
363
561
486
347
654
381
41
716
351
588
27
625
463
621
262
438
24
267
695
345
364
463
205
691
733
436
437
208
289
176
164
391
481
321
773
261
95
454
615
549
769
326
126
753
544
214
285
714
412
776
265
684
665
309
444
419
739
644
781
508
364
1
49
593
706
527
395
21
243
787
334
766
785
202
402
101
596
271
262
543
414
83
11
76
284
164
340
533
683
828
165
506
819
593
507
145
108
551
62
814
718
435
218
266
472
599
794
414
490
497
224
481
807
713
380
282
630
395
122
711
816
605
723
183
646
147
555
370
501
280
525
410
418
83
750
106
540
285
808
134
330
158
701
443
741
82
760
773
142
701
630
477
148
354
785
123
256
655
369
237
583
585
475
293
765
55
600
325
48
341
112
341
818
553
394
322
87
742
246
330
564
142
467
558
684
303
481
717
317
356
758
588
202
55
315
162
501
369
639
225
296
586
315
157
436
725
336
170
83
669
228
14
298
157
253
664
794
468
666
148
452
20
514
655
384
69
751
698
125
745
585
253
564
421
788
197
525
382
449
544
410
543
419
551
425
319
177
59
168
234
134
647
37
65
230
117
470
541
241
75
484
136
122
3
243
826
343
539
15
621
512
407
149
354
795
160
295
312
699
582
396
568
757
776
36
180
585
22
659
651
449
177
433
757
363
341
764
18
743
50
476
335
829
447
243
725
138
207
247
307
529
808
297
798
590
547
117
210
381
284
403
239
692
110
702
359
663
635
815
609
326
431
307
422
179
357
187
552
73
724
171
434
24
388
567
113
299
641
748
513
538
437
354
275
422
615
195
698
700
793
398
54
647
509
169
306
210
188
727
752
67
737
35
685
369
438
387
37
829
507
582
509
651
235
471
639
269
109
518
632
346
177
735
169
444
519
195
68
421
318
637
57
246
803
154
193
198
668
501
804
585
613
808
458
139
157
12
31
446
584
18
480
782
366
92
32
291
773
42
703
701
765
39
341
283
440
116
629
490
95
735
724
14
511
216
183
200
453
383
550
429
217
216
476
511
107
19
713
142
765
22
290
760
757
178
130
41
119
104
291
469
536
44
242
805
459
157
561
518
644
290
237
783
790
50
87
107
681
785
77
75
126
499
32
249
669
531
458
414
227
70
228
694
359
647
48
686
462
413
373
538
109
455
372
82
331
722
372
644
700
513
569
747
764
133
466
288
290
661
436
655
629
84
477
416
98
565
80
299
570
458
716
78
146
296
563
547
814
223
741
767
560
194
120
659
186
563
660
161
657
623
610
243
749
455
31
156
26
22
321
318
586
180
290
652
610
462
519
146
231
250
606
394
454
554
540
337
316
46
273
759
775
605
73
228
356
475
809
368
359
132
722
104
401
587
151
83
796
74
271
569
768
183
133
647
787
418
79
323
325
730
579
396
687
820
516
817
704
251
761
171
559
699
519
99
70
451
204
542
407
174
641
311
393
357
467
458
636
556
187
744
173
763
18
463
585
582
622
536
470
410
32
558
347
45
12
536
26
294
286
369
380
533
33
345
134
629
213
378
622
117
605
665
471
360
372
20
751
533
422
519
599
299
785
479
43
465
329
367
463
60
590
249
453
226
237
313
795
114
128
709
342
347
577
306
106
618
264
12
373
621
443
343
262
464
475
609
789
45
410
124
288
403
266
122
752
565
494
257
792
104
290
169
687
648
19
508
499
404
250
31
403
297
707
619
77
414
484
39
551
582
650
399
302
505
631
723
218
554
176
322
237
557
534
242
174
2
774
2
824
3
413
554
680
287
24
302
636
38
533
725
339
788
189
35
30
768
11
143
243
118
829
501
615
20
781
383
218
301
195
479
326
79
13
548
330
326
755
376
462
75
488
252
110
163
399
215
229
57
166
44
361
604
783
47
720
799
653
546
624
55
298
214
288
242
537
799
271
656
196
627
564
515
380
237
551
379
725
474
280
554
4
469
643
286
548
56
232
523
248
258
197
281
367
331
455
598
177
666
81
61
548
193
201
813
264
296
326
348
135
469
110
185
790
400
495
704
82
652
662
160
49
357
153
215
502
780
645
349
20
30
369
176
144
128
743
38
208
191
501
524
402
107
296
483
553
217
674
344
531
191
399
798
199
221
440
762
129
566
592
496
111
602
113
531
8
566
105
58
501
323
461
828
357
705
113
747
586
131
75
270
637
689
147
253
447
469
132
616
691
118
232
246
713
212
115
271
399
533
149
659
343
194
721
260
678
517
705
398
111
426
97
162
712
370
698
601
758
51
660
560
205
407
537
470
208
813
153
392
32
721
315
112
156
790
770
820
22
645
350
566
580
143
143
109
829
630
8
575
327
692
59
794
92
265
1
351
274
187
519
747
48
779
316
690
791
316
167
459
728
690
814
337
545
369
699
330
84
135
681
426
106
544
122
197
328
681
401
196
617
521
695
515
177
724
172
335
455
153
576
158
290
194
17
116
367
498
270
659
96
253
93
437
547
212
724
579
428
114
194
806
478
52
408
806
144
775
678
553
522
580
405
61
477
541
95
94
436
261
614
350
379
798
570
194
805
175
480
815
192
726
236
374
485
752
97
204
230
35
14
558
663
28
13
353
490
808
17
424
525
604
602
272
312
118
435
3
237
491
584
639
102
288
721
646
207
681
90
125
676
298
252
53
11
649
590
330
367
52
310
108
320
436
314
74
697
177
518
304
252
193
449
171
553
177
602
809
437
770
484
459
803
666
748
76
240
607
423
747
8
285
226
562
642
817
353
130
227
284
229
116
567
616
313
551
610
472
535
37
103
514
661
818
736
235
503
249
44
525
251
95
279
58
443
695
756
492
607
547
161
580
108
700
691
599
638
697
816
136
606
281
313
450
626
298
612
397
690
29
259
525
746
613
49
696
13
630
336
827
199
90
200
811
265
438
767
88
423
48
155
749
149
797
144
41
312
692
594
325
771
158
354
160
505
292
442
503
495
248
367
826
755
20
326
211
755
472
173
524
813
366
445
477
680
782
350
799
356
740
624
116
474
467
523
820
617
712
798
492
34
492
630
678
467
115
447
776
689
77
69
307
271
748
762
526
291
207
821
730
441
687
682
345
776
468
309
168
567
359
549
348
669
216
630
204
341
236
692
506
802
826
606
828
447
334
329
473
435
403
33
521
222
737
240
452
598
26
404
246
459
363
44
134
603
816
94
829
792
653
375
192
313
662
35
375
615
783
44
421
342
419
177
757
52
49
567
756
380
427
66
776
266
370
102
788
327
296
755
626
180
628
536
701
12
31
77
24
650
405
750
518
759
355
106
753
436
354
183
292
63
157
303
142
333
241
75
378
289
66
373
502
61
279
258
708
618
471
360
94
536
701
628
535
198
489
251
17
498
651
809
771
175
480
675
24
54
281
316
377
431
344
189
301
674
743
396
335
739
737
233
497
202
653
178
58
564
424
134
767
536
416
240
309
52
99
472
680
178
166
641
96
254
795
354
795
320
736
69
551
324
577
447
34
85
270
546
173
389
738
104
583
503
438
567
113
675
178
179
269
366
630
481
798
28
360
23
658
634
332
777
75
394
339
409
59
631
433
496
533
682
111
74
311
164
85
798
412
578
72
487
527
578
500
696
816
809
47
280
592
213
138
376
640
301
565
542
234
294
762
283
330
525
474
284
49
805
209
543
646
823
461
661
714
721
504
129
686
308
6
138
273
434
130
538
203
795
141
130
216
300
495
754
89
279
675
369
361
663
795
536
137
753
358
114
740
550
475
720
589
17
108
196
666
701
371
519
516
211
291
238
634
748
6
357
51
309
291
604
569
44
323
798
137
701
300
383
135
80
27
483
17
136
649
276
164
126
638
242
263
583
149
503
217
191
126
20
527
436
202
29
704
636
236
257
347
30
574
445
84
456
520
683
667
146
737
398
819
320
338
27
311
801
357
146
329
56
739
129
54
682
803
12
76
830
253
725
557
825
498
612
561
298
671
766
422
697
247
267
542
616
586
528
89
819
631
412
239
426
6
740
606
299
307
667
753
444
728
640
597
783
387
647
521
642
533
749
69
491
639
333
123
622
431
86
433
552
480
538
135
674
439
423
247
434
328
216
60
327
165
134
548
23
710
151
102
324
626
521
670
294
533
611
641
276
701
85
240
765
709
336
477
467
313
484
222
694
431
491
331
727
765
410
39
630
223
395
510
314
597
401
606
453
504
529
549
66
819
782
635
571
332
296
304
559
396
465
163
271
623
788
302
67
285
742
196
544
260
637
168
258
790
175
458
460
208
429
725
428
175
770
671
586
677
576
598
394
408
94
409
504
615
185
142
77
348
492
185
293
745
493
195
785
777
147
494
302
415
215
105
80
193
243
268
343
508
215
736
157
642
84
203
527
107
546
378
616
461
651
397
270
715
173
714
34
529
242
459
236
12
124
306
404
228
2
473
420
783
766
372
300
278
752
408
497
195
158
488
280
259
671
575
281
752
243
615
657
354
8
757
635
572
193
230
764
190
762
176
26
526
667
191
202
71
464
577
819
82
85
346
362
737
558
718
154
376
373
77
82
731
460
380
510
716
674
551
528
569
187
824
414
280
808
719
782
555
727
709
181
174
469
234
371
206
290
452
787
497
436
434
447
525
722
109
420
338
130
707
89
101
307
663
572
429
249
505
148
190
590
56
758
754
43
793
180
62
730
702
712
669
205
273
18
306
206
347
734
412
627
275
530
599
356
600
333
570
660
294
710
115
571
734
699
93
607
23
436
252
291
729
383
120
537
275
173
203
254
52
185
777
541
469
98
59
690
390
641
779
65
228
122
360
502
191
417
350
221
289
699
130
12
767
195
99
631
745
367
89
542
624
271
596
311
176
637
298
290
695
478
512
729
547
588
651
729
72
210
108
642
556
271
697
443
527
812
516
131
392
592
89
34
425
167
577
448
672
549
242
777
525
764
132
642
59
493
728
757
804
220
419
377
666
599
702
136
434
296
256
458
661
828
268
420
762
269
182
159
506
796
554
591
49
86
778
596
514
498
30
211
205
41
758
468
828
519
94
649
25
270
780
445
477
531
1
84
100
334
824
79
188
63
278
247
46
486
366
529
286
354
114
400
424
416
604
748
235
637
133
18
119
247
579
300
311
660
467
586
25
28
270
275
364
102
569
86
210
594
275
249
637
644
608
168
102
648
463
120
691
200
222
179
144
682
718
476
148
7
88
334
246
735
273
650
263
572
661
219
666
326
139
701
306
419
244
280
184
392
528
135
105
9
7
699
670
713
425
808
96
679
655
488
630
52
717
168
522
228
180
567
72
322
753
406
387
296
480
528
495
220
819
15
168
496
652
156
178
658
439
571
175
778
425
125
737
158
214
432
742
91
732
624
610
50
61
380
501
414
75
150
651
446
528
516
534
612
352
70
236
645
777
294
260
698
134
674
329
312
195
187
662
211
318
61
503
621
136
260
587
309
709
341
800
642
336
438
62
261
186
579
618
83
9
671
425
219
522
81
818
551
293
708
57
815
522
826
89
134
780
682
625
51
3
631
193
723
410
23
656
4
629
367
466
505
5
641
401
495
69
24
212
476
481
522
103
160
543
713
51
801
827
151
49
597
816
464
733
598
443
266
718
64
408
106
747
411
461
798
245
179
521
575
765
127
498
354
107
682
683
25
250
361
115
406
535
421
322
670
102
332
407
510
168
125
463
244
564
338
499
416
27
685
706
409
796
128
532
386
422
557
483
263
274
617
216
587
266
254
349
615
553
795
608
86
650
341
562
492
98
693
26
688
783
561
149
623
812
765
86
791
47
119
786
470
793
19
756
681
577
424
68
484
128
417
737
209
186
47
631
365
805
18
825
512
471
501
756
313
529
136
441
490
740
497
623
114
183
376
124
617
557
757
641
606
346
367
561
226
52
625
763
686
409
326
824
564
23
82
295
140
575
126
275
67
324
297
281
75
334
249
213
470
654
52
226
690
357
424
726
292
435
740
765
670
201
216
829
570
183
630
154
540
131
279
213
25
752
65
112
554
115
593
224
600
283
187
709
822
629
646
586
534
142
782
313
515
416
330
749
349
427
705
602
303
830
375
56
778
715
276
271
224
688
298
1
171
258
670
13
51
248
780
649
250
71
325
220
196
370
681
521
285
505
708
762
672
642
825
234
202
18
410
510
537
471
170
164
776
472
297
767
314
184
760
628
560
358
173
185
405
60
140
666
320
305
580
581
614
138
636
719
281
826
599
699
89
625
99
69
412
572
690
642
444
289
761
179
721
448
578
594
138
638
350
426
545
613
764
526
610
317
47
558
482
482
214
512
549
161
456
698
327
764
186
266
162
8
255
728
74
299
290
286
589
746
554
421
796
82
592
803
67
430
5
186
606
543
457
456
487
533
59
670
632
827
720
127
446
790
655
735
362
292
474
481
218
786
728
725
665
46
162
198
478
85
211
442
742
144
726
662
796
409
754
529
500
100
810
57
320
185
338
425
145
217
83
693
232
380
503
186
205
670
215
816
628
319
674
767
221
655
254
542
107
104
362
285
809
163
822
185
478
599
681
643
499
226
563
217
673
302
386
315
151
333
91
41
352
605
167
631
137
140
274
786
383
65
649
29
442
748
433
814
108
207
673
339
495
646
759
638
738
814
704
280
809
318
828
243
179
177
37
785
654
1
147
387
270
587
439
677
575
206
446
653
711
373
652
576
651
828
95
93
599
143
39
753
560
771
567
516
790
52
396
350
448
652
73
31
245
39
533
711
279
223
348
432
170
447
654
392
120
181
435
780
560
559
195
513
27
277
531
459
422
231
80
574
667
440
125
130
413
90
104
460
415
405
357
464
204
44
80
553
559
139
130
206
195
533
384
616
72
362
498
398
543
212
109
687
400
680
753
166
38
720
676
257
484
193
620
704
211
348
147
686
234
85
574
182
455
573
268
463
398
724
290
704
296
540
11
5
184
513
428
89
109
777
174
348
391
545
474
789
434
724
405
775
704
120
201
666
416
732
482
707
575
324
381
132
812
700
35
591
774
559
820
194
536
724
528
188
68
239
347
599
759
719
266
257
5
612
731
377
294
687
484
261
111
10
288
700
238
203
766
542
294
625
522
62
276
446
393
81
499
789
281
30
771
239
296
113
303
391
360
479
180
495
182
312
676
496
811
214
599
231
272
591
786
23
78
661
238
489
598
76
571
514
259
109
613
526
289
341
326
351
22
659
766
304
570
341
521
739
106
356
571
724
199
133
758
108
378
482
351
573
281
176
159
87
731
328
115
175
175
307
254
185
149
182
617
92
476
415
86
138
7
214
176
736
278
241
130
251
125
778
384
271
166
354
316
591
219
295
782
599
335
4
388
629
490
134
282
658
477
110
528
45
694
199
241
475
558
452
424
247
365
248
441
542
433
172
243
438
619
180
388
388
639
817
9
416
512
123
600
119
131
528
205
257
396
719
469
283
28
370
699
122
226
705
570
687
320
158
253
436
520
142
205
38
738
668
700
258
601
570
407
456
177
316
517
373
576
100
306
590
642
641
666
297
661
795
577
21
437
504
745
399
352
755
20
437
461
425
614
511
44
473
212
256
491
570
529
353
714
97
494
587
761
830
319
107
123
373
806
579
178
568
569
317
118
421
315
352
234
483
393
814
713
197
573
33
78
74
625
52
247
822
435
667
31
130
251
321
769
217
420
589
619
91
608
525
293
540
463
647
74
123
526
461
714
385
176
359
784
306
261
613
337
52
226
549
27
109
101
77
225
125
563
526
313
336
340
341
444
111
716
76
642
352
26
542
129
777
594
253
564
524
727
215
780
270
742
428
60
439
298
187
591
91
172
259
204
605
329
335
706
792
153
568
371
112
165
592
658
761
381
775
460
67
472
284
115
471
574
786
578
133
685
592
479
533
530
752
66
238
396
473
491
218
16
815
684
456
431
496
149
816
471
801
129
262
674
167
29
112
297
423
55
620
540
442
725
238
168
193
212
263
724
689
189
753
464
667
817
598
625
75
241
318
90
164
8
771
32
149
237
618
42
405
49
788
160
112
817
92
181
75
149
532
767
491
275
40
447
211
691
787
683
536
823
637
102
320
176
627
195
718
142
744
739
179
453
368
795
232
827
364
102
7
420
459
670
46
363
295
708
811
219
216
45
668
791
336
525
589
670
552
466
517
751
205
307
470
102
78
556
129
658
818
466
78
614
614
776
778
191
766
202
95
498
467
815
565
515
75
798
740
216
509
61
289
442
620
697
803
722
804
552
328
5
459
121
450
768
122
229
777
450
320
518
475
671
417
490
184
101
93
272
766
509
14
245
701
726
664
362
279
265
591
286
751
354
533
393
595
509
589
817
480
81
784
628
77
109
94
126
279
654
176
161
194
729
95
597
166
525
400
15
274
286
622
460
542
810
158
332
572
28
794
79
517
286
527
680
567
572
176
528
218
605
521
430
390
520
291
516
741
95
388
8
548
354
614
37
530
632
152
740
289
540
776
85
502
471
432
548
539
616
194
71
538
327
377
114
108
479
658
99
673
431
391
195
320
26
536
39
203
313
470
717
355
406
186
255
753
527
340
715
462
619
812
37
593
125
311
520
291
464
776
427
77
466
210
328
570
767
246
278
496
677
254
103
398
178
383
207
568
328
442
656
778
767
707
225
16
761
728
514
351
170
666
269
585
278
666
560
413
471
650
119
375
821
809
402
443
420
535
796
256
250
721
802
630
561
140
662
16
637
98
544
415
130
60
711
821
334
267
682
503
635
757
423
646
811
187
102
808
277
63
651
356
242
300
172
409
260
345
685
377
149
480
90
807
325
266
363
335
756
743
309
40
510
823
553
402
764
316
176
731
176
432
643
459
237
723
351
656
651
528
420
787
426
791
650
196
427
744
469
244
335
759
659
543
126
602
598
96
318
326
255
553
236
85
748
436
343
158
638
555
146
440
803
79
405
749
101
612
521
77
103
177
561
660
323
341
501
6
451
253
474
200
237
570
87
534
702
814
91
231
368
1
434
420
717
330
191
265
67
736
320
592
437
236
145
17
95
344
100
313
126
787
646
372
647
31
706
289
251
751
753
117
43
635
823
17
152
685
313
400
786
478
148
303
496
562
753
529
246
102
533
358
415
90
401
255
666
779
24
523
652
454
632
523
270
99
688
256
711
177
422
182
828
514
133
569
624
532
100
350
334
345
130
607
3
700
701
388
575
14
553
77
551
252
145
598
426
117
513
56
303
799
456
336
706
282
618
676
726
821
712
440
723
538
707
71
796
78
763
62
100
727
644
173
294
718
407
624
774
706
121
523
723
724
457
577
196
801
166
469
436
369
637
31
289
350
197
200
189
294
191
412
571
40
10
152
535
254
155
210
413
196
259
714
62
26
629
643
100
221
65
229
431
635
821
539
644
311
355
760
332
436
435
264
198
326
365
372
661
193
657
275
195
712
375
82
731
394
262
93
813
308
163
312
635
637
214
610
44
196
451
189
35
11
527
65
61
39
545
561
50
564
795
681
570
333
578
101
616
335
451
354
567
201
766
232
385
809
437
430
218
671
484
510
699
354
493
34
387
617
686
335
115
331
305
90
658
137
695
675
709
445
721
422
498
666
333
668
820
120
136
485
70
465
599
763
462
434
623
602
172
414
404
105
701
147
53
361
482
703
425
748
26
533
73
351
182
285
682
398
317
555
567
194
775
217
362
52
781
99
761
388
522
109
18
268
331
761
503
526
93
612
479
697
591
15
805
159
702
628
94
546
783
197
578
364
306
181
709
119
70
340
315
42
316
462
491
278
658
702
133
125
412
793
379
802
479
220
429
548
558
451
137
592
479
250
393
696
51
351
294
559
457
365
64
8
589
286
419
71
126
630
254
75
227
553
602
280
120
265
643
266
430
132
61
553
263
667
717
522
445
170
119
561
677
781
756
748
759
177
386
748
353
220
614
144
604
75
58
802
60
512
805
19
520
773
368
533
186
397
510
656
748
760
752
79
324
820
181
566
525
502
440
817
353
237
297
290
634
500
570
357
408
376
536
344
573
264
608
269
31
723
748
329
294
516
721
10
656
821
141
210
117
382
602
683
395
328
688
395
449
373
236
674
143
3
161
780
319
593
542
232
725
392
644
752
550
509
459
812
377
213
467
192
519
289
44
510
418
212
264
474
75
236
121
301
697
585
429
267
258
652
298
199
246
761
282
685
621
453
151
620
403
703
88
587
792
586
201
800
476
689
81
236
624
802
151
300
829
98
193
482
169
575
9
520
718
781
123
778
41
613
514
451
466
519
129
442
724
778
726
402
708
187
2
693
143
41
350
85
436
743
224
651
759
464
184
584
716
15
335
745
20
155
619
29
515
462
179
290
170
556
187
438
641
801
126
487
153
549
622
382
562
361
492
248
654
131
61
77
467
439
132
494
357
37
314
328
327
698
441
811
633
277
726
460
47
217
749
232
165
315
686
715
758
153
116
252
770
393
179
370
234
258
87
687
393
143
373
744
648
594
261
734
830
700
712
296
98
425
317
83
115
264
777
434
393
582
694
428
103
507
93
226
574
705
694
608
776
737
346
659
95
698
529
381
144
563
271
798
783
80
22
383
111
751
401
605
312
786
286
571
313
625
420
244
584
175
442
671
345
689
656
439
82
97
133
274
545
476
550
814
640
695
116
703
128
248
796
317
643
363
695
443
473
365
469
489
322
437
542
194
790
328
218
697
685
781
612
366
727
543
800
419
439
697
810
763
345
780
594
260
356
136
117
76
34
4
750
250
108
812
36
202
827
78
381
539
475
774
681
127
775
361
611
75
134
182
245
704
41
571
701
185
803
330
327
123
168
470
714
75
318
51
376
801
230
545
777
347
132
527
211
826
378
565
26
466
573
316
100
582
344
465
644
71
233
588
622
782
335
86
130
493
641
571
482
378
104
556
491
107
821
237
330
292
557
200
174
165
774
309
409
730
404
23
679
450
626
146
763
494
452
495
704
663
820
267
650
744
360
350
12
792
778
318
78
715
570
373
169
740
212
459
523
621
397
85
57
528
537
498
406
462
159
38
811
329
139
822
718
274
269
443
206
238
409
428
196
676
719
88
701
87
191
778
297
402
350
451
84
633
184
93
451
376
395
319
510
506
280
761
663
170
51
98
722
87
704
604
475
196
85
84
422
421
469
755
556
287
195
481
620
166
231
196
423
241
77
8
643
532
676
691
546
763
672
75
452
418
698
419
647
375
203
796
483
800
148
755
476
150
494
299
783
614
562
472
34
419
216
319
735
802
218
482
193
503
515
551
420
144
291
399
239
159
110
443
346
725
826
248
52
91
467
616
549
748
53
240
446
378
827
522
774
77
686
405
439
568
807
319
380
507
774
264
720
405
502
206
249
827
90
3
535
482
500
143
321
7
229
275
609
152
592
789
641
162
211
91
501
29
539
73
286
271
736
600
106
668
268
300
237
286
765
442
336
160
728
399
197
345
278
32
368
40
329
24
827
335
798
766
442
173
299
517
708
316
252
7
386
490
115
97
149
93
761
422
334
517
442
369
540
378
51
543
312
152
682
101
357
24
790
403
779
17
1
757
89
706
568
147
351
84
298
621
490
784
62
820
801
125
594
96
91
50
511
554
653
549
421
546
366
432
191
381
102
623
302
73
285
718
643
397
751
45
295
295
644
191
202
673
821
637
744
74
675
67
126
649
118
743
568
218
398
476
394
124
829
59
690
672
605
154
445
165
540
614
635
736
107
168
317
692
90
804
433
679
728
285
503
483
191
191
342
242
253
435
629
539
651
80
14
535
328
754
418
687
808
480
476
826
432
412
548
63
240
572
323
411
152
476
310
245
415
207
238
648
644
812
61
151
348
410
218
483
342
331
736
336
488
629
635
75
795
18
218
771
276
772
685
514
457
608
742
340
415
803
817
811
17
371
675
530
19
396
561
143
503
226
682
333
652
772
634
118
161
510
385
36
310
345
210
85
550
63
668
507
6
800
94
497
646
294
807
772
697
409
203
338
808
674
690
72
1
505
77
362
395
71
406
622
342
772
734
565
728
745
471
477
134
261
364
827
581
381
641
455
580
48
558
178
13
671
479
190
170
684
265
336
422
516
629
791
648
816
437
120
710
145
771
173
587
770
750
297
45
383
68
440
31
302
426
223
222
409
155
827
281
775
694
529
295
161
285
825
606
69
75
578
216
211
739
568
88
243
280
54
78
748
234
390
632
813
462
377
781
274
800
45
318
615
79
273
396
521
405
131
529
425
457
490
272
599
415
447
294
484
575
546
423
690
143
417
350
504
506
172
168
413
348
443
278
201
783
152
274
33
458
264
580
223
552
327
810
672
635
352
819
679
361
94
350
373
821
10
779
203
272
412
704
385
792
41
417
160
566
707
178
492
605
9
199
681
780
358
193
827
735
89
545
454
800
686
608
476
299
96
194
700
279
322
583
205
328
216
531
15
211
780
769
208
577
631
711
298
551
720
739
618
718
755
65
170
143
42
662
302
437
175
814
671
381
86
589
627
546
590
631
599
655
512
589
601
274
584
371
313
785
729
580
585
310
646
548
148
200
781
227
737
829
818
81
799
190
298
238
482
22
436
192
539
662
463
321
356
512
739
216
422
640
256
699
225
618
104
462
210
789
34
49
78
706
417
681
53
60
774
523
766
358
78
62
444
748
822
260
643
289
211
256
776
759
214
754
422
533
690
302
537
18
227
812
776
688
412
255
571
659
418
780
611
228
780
710
180
291
206
2
281
507
569
149
466
93
239
603
176
373
81
615
607
357
344
792
285
808
202
481
87
131
451
374
725
618
425
187
580
373
236
640
509
104
10
173
105
658
44
434
97
447
757
320
94
165
640
603
92
787
410
785
187
95
539
234
595
108
323
563
133
286
486
707
672
579
41
815
404
749
175
244
265
721
441
109
545
388
33
257
305
1
65
278
202
379
659
823
825
818
46
700
628
751
509
480
536
267
699
21
691
436
524
414
443
699
5
57
473
54
248
251
691
558
488
144
819
585
400
341
823
376
413
389
795
422
416
477
223
758
554
303
428
198
631
499
41
544
314
29
424
644
628
14
385
398
365
118
29
385
545
502
810
769
394
87
379
786
772
155
23
156
303
793
416
436
206
563
356
803
410
584
628
48
499
390
685
437
535
306
356
675
615
13
824
459
641
248
54
105
781
272
776
229
713
648
500
782
785
217
354
752
499
405
233
749
245
20
135
492
396
628
149
391
399
245
50
702
742
808
245
367
401
617
828
210
26
220
357
569
274
802
778
608
537
682
799
666
779
110
781
699
758
794
188
498
642
59
251
269
137
557
733
661
762
131
669
808
205
108
241
312
612
671
520
270
206
378
369
124
410
21
666
360
323
173
344
592
228
205
714
35
278
441
180
431
658
681
467
385
177
457
693
50
470
256
752
790
57
745
715
236
285
487
739
771
15
748
410
244
277
422
68
592
603
59
312
756
37
658
361
228
168
518
70
159
241
697
271
25
467
741
508
138
238
434
771
812
554
10
516
665
454
815
709
400
317
338
542
692
43
601
266
730
407
637
10
624
810
586
721
298
473
383
117
317
783
102
497
734
304
803
182
231
291
350
512
627
602
623
548
655
102
428
146
190
263
246
369
235
290
686
471
60
83
415
394
667
507
683
112
467
360
458
611
254
660
585
271
374
51
652
460
43
436
750
545
25
332
304
530
497
129
722
200
33
541
200
27
764
522
745
306
742
336
531
219
259
535
336
786
345
173
268
405
391
828
93
205
641
714
343
770
766
179
169
218
619
246
375
401
25
726
795
94
265
765
77
226
271
9
392
361
613
711
521
794
819
324
300
123
289
639
350
387
338
487
28
483
648
664
336
40
721
91
806
29
627
764
162
461
160
91
247
113
700
216
770
351
646
160
241
72
794
19
540
742
590
296
117
227
319
718
8
663
525
820
759
403
117
447
41
550
531
565
109
558
449
308
734
144
265
651
225
668
105
739
337
466
828
567
735
304
541
610
81
193
455
291
571
673
566
179
696
72
68
469
133
474
319
633
724
270
647
26
264
77
67
435
606
579
207
665
398
700
370
613
550
77
185
381
363
501
187
762
553
107
547
720
437
313
751
812
87
198
41
86
420
685
339
414
785
802
585
825
825
465
783
423
106
539
194
372
141
149
226
200
434
598
400
603
781
480
12
666
757
812
143
97
530
277
458
381
516
820
650
274
510
549
265
383
413
398
88
722
609
177
268
465
788
242
200
53
503
352
826
660
627
328
462
510
219
770
701
66
588
90
708
707
549
561
736
672
540
425
690
299
518
552
84
247
219
456
401
695
720
40
830
233
412
533
276
790
734
443
245
184
672
21
271
542
752
637
11
714
513
481
810
627
184
464
87
102
435
502
105
581
41
734
199
687
605
282
783
352
530
821
529
731
799
595
412
671
222
265
48
566
103
300
45
483
200
496
208
165
212
503
778
89
210
156
52
292
806
374
100
549
270
439
245
458
196
816
452
789
569
71
206
728
7
617
68
241
750
563
113
541
527
115
816
579
668
658
405
792
606
41
357
58
694
467
493
761
779
223
756
238
426
321
761
337
473
659
664
830
446
534
445
669
117
631
756
657
724
715
692
809
623
466
661
312
263
673
345
150
498
717
238
480
272
820
692
256
423
77
464
627
529
711
179
799
402
19
372
733
579
309
353
797
395
111
531
519
491
786
382
47
34
554
279
17
679
139
380
203
353
198
794
689
221
388
220
325
337
536
148
718
208
183
461
507
466
95
794
577
690
489
742
512
543
104
384
117
695
820
374
663
550
580
454
393
327
166
776
608
91
722
737
107
679
647
243
501
443
501
535
429
228
85
171
181
702
647
86
718
44
546
718
800
605
329
583
619
696
359
163
307
315
691
798
714
198
76
158
545
51
461
674
830
588
769
458
443
243
686
406
338
640
787
643
784
336
232
498
595
264
28
789
527
378
717
195
385
273
168
681
672
418
735
823
760
606
593
342
295
324
522
794
660
690
573
623
207
830
108
457
646
341
799
464
689
242
434
780
68
739
323
590
806
363
254
51
689
83
532
795
343
764
315
308
433
608
304
696
576
570
664
580
125
278
169
39
184
792
631
710
737
79
128
460
216
760
728
611
554
223
583
461
452
169
684
422
1
210
477
553
311
169
223
667
95
813
408
715
240
729
187
456
337
380
151
378
340
443
640
703
485
600
419
236
365
418
22
184
76
151
324
751
35
373
432
680
668
353
527
738
458
413
148
5
156
84
230
619
331
339
402
195
340
544
123
127
513
673
518
35
325
512
376
135
751
217
252
491
521
374
92
747
799
828
694
274
38
615
475
438
74
637
35
304
713
233
17
208
332
40
745
554
184
783
81
353
739
63
445
110
158
651
456
174
141
178
183
674
337
90
586
377
577
488
26
654
134
395
356
796
625
255
407
37
63
318
67
196
223
731
188
749
169
203
743
682
612
491
358
283
734
118
162
578
286
13
721
823
222
655
394
22
323
239
349
196
590
702
603
231
799
322
82
61
504
483
96
587
151
120
759
350
273
269
365
168
601
489
809
90
811
803
191
389
767
237
704
280
779
202
168
679
633
362
506
615
754
778
473
423
687
156
305
635
534
121
152
563
412
508
201
545
421
145
419
47
526
323
478
507
643
346
632
318
371
13
84
53
542
76
381
269
619
659
464
88
284
16
368
699
801
750
378
350
148
336
713
791
829
195
516
116
318
382
142
523
403
149
706
551
784
44
498
663
701
420
119
104
97
525
5
497
240
633
346
254
658
492
485
439
433
706
369
586
401
565
549
581
604
127
366
564
576
327
109
72
409
195
432
22
376
423
491
303
44
84
441
104
717
711
788
238
815
618
31
188
501
561
704
231
63
376
293
278
674
596
287
432
581
414
141
719
461
192
579
159
91
737
144
462
585
457
384
64
643
70
663
574
212
367
489
446
526
719
51
787
535
70
345
418
373
822
714
218
243
179
55
328
803
194
303
661
162
11
639
282
409
368
16
174
82
479
174
104
600
481
394
119
646
635
445
315
298
420
240
706
529
420
725
43
146
798
216
5
506
188
321
432
508
504
811
238
819
331
527
659
637
822
438
373
570
542
565
779
664
753
733
464
492
133
309
223
769
550
278
366
62
403
699
577
87
83
63
116
273
631
456
384
795
40
656
381
736
234
569
455
279
564
394
134
318
571
778
177
648
677
712
345
510
441
135
263
776
638
476
258
661
521
576
244
70
351
323
171
173
235
563
285
125
300
292
567
616
233
344
815
516
57
38
783
286
491
75
106
46
528
814
64
583
543
682
311
497
566
389
411
779
603
592
761
558
715
559
685
663
157
367
68
168
453
39
471
99
712
733
707
684
472
218
602
473
637
444
302
526
143
530
283
746
785
825
754
230
205
112
509
530
329
418
537
795
567
39
412
776
89
116
231
503
188
815
95
417
61
761
141
592
167
349
223
560
592
641
685
426
425
534
379
179
663
356
587
361
623
277
786
713
583
17
252
615
542
30
506
418
689
495
812
332
465
377
597
503
746
516
174
446
700
586
482
391
621
102
40
257
785
527
276
478
243
31
216
770
455
578
723
262
292
96
446
263
377
430
555
214
631
670
186
540
88
464
446
603
476
8
741
365
53
548
713
586
736
440
209
340
11
230
349
484
492
653
516
100
343
708
3
802
490
686
35
587
677
675
480
614
615
641
121
517
705
337
131
559
652
392
81
346
622
56
118
436
693
611
431
695
332
541
708
813
358
551
712
124
363
658
664
530
180
695
719
190
602
686
706
669
397
452
7
717
662
235
739
104
38
695
770
305
78
218
564
274
442
125
714
259
231
567
706
313
781
359
352
140
332
666
23
115
574
322
625
294
569
464
519
738
825
49
655
52
815
707
667
722
237
479
80
197
21
452
597
627
151
553
688
557
797
462
395
504
59
277
118
499
394
514
529
246
488
284
569
47
361
380
561
118
101
116
745
461
645
96
789
308
477
275
274
241
510
167
727
293
299
97
355
503
430
391
652
670
442
452
4
105
716
223
341
494
422
769
717
173
22
726
184
28
310
413
576
791
581
681
374
207
762
751
172
409
247
10
43
107
78
31
826
87
285
476
111
77
759
2
648
184
344
168
463
733
207
613
86
12
368
455
180
544
653
185
813
190
80
9
175
297
543
623
548
603
661
359
281
697
22
390
427
277
48
606
769
390
760
611
77
799
601
776
510
77
636
751
625
309
41
480
79
639
484
729
170
11
495
439
408
658
508
824
799
219
308
616
577
803
543
617
249
557
366
441
808
98
791
824
274
68
396
104
84
554
825
745
278
138
350
304
46
558
709
132
230
141
678
525
665
343
587
93
70
334
298
652
319
825
67
669
466
583
779
122
498
1
258
193
750
254
325
260
105
295
459
208
515
616
459
554
395
139
655
250
386
157
76
370
603
586
147
157
92
749
21
103
774
129
795
415
528
132
571
612
654
823
489
17
765
378
765
274
669
681
245
508
604
180
703
393
419
333
606
422
391
354
299
262
744
137
271
821
394
517
806
139
332
12
317
639
225
148
644
169
742
139
367
427
608
90
297
740
41
517
403
389
617
662
287
197
204
827
474
264
414
524
194
734
782
96
22
764
690
613
718
55
557
734
682
84
182
58
729
754
537
724
729
559
701
340
251
301
197
262
98
697
215
366
477
503
34
91
45
97
140
92
266
451
539
417
569
351
441
515
511
21
816
515
735
761
632
674
345
242
219
687
571
707
179
799
129
655
191
140
645
612
710
441
164
725
678
225
266
508
787
618
345
334
126
434
744
228
519
401
101
592
82
684
578
51
557
356
425
362
81
655
218
742
37
830
321
428
758
621
621
644
56
562
221
712
653
508
727
274
475
181
511
147
41
280
796
729
818
190
800
594
183
473
150
700
689
100
810
34
757
373
406
271
130
796
547
683
673
9
477
43
80
737
403
166
393
208
815
792
150
736
651
246
154
380
264
671
561
233
731
296
521
806
793
785
668
117
532
739
143
315
568
52
438
268
279
398
239
41
399
499
419
29
503
354
165
742
98
756
150
684
421
324
764
797
798
402
362
583
409
70
785
451
271
657
260
96
728
87
84
678
624
289
786
790
78
600
164
83
614
91
554
282
224
309
805
457
443
99
167
791
137
175
817
308
309
527
741
568
607
340
528
674
505
132
131
340
731
329
328
264
552
477
445
464
218
147
359
21
65
563
84
685
228
506
564
609
420
616
260
28
324
58
213
294
643
284
190
194
801
244
561
716
668
740
814
319
21
603
138
150
634
447
97
409
792
807
398
557
415
645
714
500
137
791
69
617
771
729
366
247
533
719
40
213
441
791
66
610
129
170
660
205
428
2
535
623
203
133
142
472
567
738
676
751
412
133
45
539
139
267
73
283
583
517
259
823
826
137
771
227
152
10
282
248
312
628
658
294
383
602
783
762
170
189
768
215
161
529
385
718
127
76
436
632
524
458
554
528
716
430
349
217
79
762
609
489
638
127
334
586
310
18
755
351
447
79
156
302
477
486
660
327
617
397
245
488
640
108
80
157
18
497
97
264
195
824
236
457
189
272
798
182
155
275
406
702
791
275
443
564
303
252
462
311
718
350
791
225
757
752
276
238
438
311
540
521
289
198
374
741
150
482
805
384
334
448
410
506
418
606
760
332
189
644
101
165
432
54
64
260
232
571
632
774
565
738
444
576
762
703
566
675
810
774
116
788
634
272
639
529
186
498
462
793
824
726
413
477
775
71
70
673
287
269
41
365
308
163
794
455
291
92
56
627
178
605
641
436
529
751
138
364
686
46
517
332
427
75
353
517
583
747
535
520
499
778
47
364
651
165
455
764
102
77
107
755
788
3
552
206
683
57
33
201
562
766
47
717
128
617
456
472
319
252
725
73
575
344
678
585
342
730
482
706
330
371
675
779
741
576
184
680
745
694
311
78
348
415
607
527
438
223
326
282
351
781
756
318
815
477
130
289
697
351
640
497
234
22
266
168
737
708
141
528
518
636
95
800
419
584
617
248
314
236
433
340
351
820
525
428
181
433
245
737
738
217
195
84
392
272
737
233
636
805
524
423
617
775
494
49
787
125
180
710
530
535
447
589
392
789
423
531
500
647
149
737
228
163
578
290
758
140
590
374
279
680
218
239
92
376
736
680
451
152
619
11
358
648
822
392
293
250
534
384
408
672
457
401
485
493
259
376
577
48
423
161
187
730
690
752
794
129
348
526
702
473
727
88
722
73
551
670
642
600
268
792
127
46
370
750
162
96
10
317
13
794
440
7
334
62
486
568
111
771
499
11
351
638
67
192
178
778
275
267
403
387
239
85
79
736
65
763
636
626
572
452
208
472
508
345
239
637
154
98
224
548
19
791
463
645
105
90
90
602
723
203
379
821
414
657
268
70
678
366
387
191
177
805
45
773
411
790
471
735
829
492
653
56
505
649
29
455
664
536
261
104
815
609
9
409
566
730
406
214
85
173
477
564
577
677
532
515
170
732
353
629
755
351
590
618
817
84
106
113
280
768
383
752
810
571
752
826
704
414
616
769
354
757
751
16
576
820
320
740
41
423
582
177
669
820
528
188
674
601
444
125
317
606
133
68
308
761
150
409
259
685
185
328
216
665
771
592
366
423
532
172
290
195
696
684
304
460
158
516
688
8
213
213
774
738
218
324
382
722
195
319
764
230
99
805
126
318
202
767
116
297
407
272
396
276
50
234
746
631
10
764
237
635
814
274
14
716
375
755
389
601
293
314
348
27
508
473
174
456
30
10
369
148
274
57
532
402
726
306
543
192
604
9
728
356
318
368
638
197
272
774
816
282
47
27
758
157
129
718
42
566
122
525
175
516
61
518
267
739
155
281
569
524
177
63
806
387
575
100
198
150
264
173
417
538
491
736
4
829
695
772
388
346
705
585
87
281
252
105
168
47
268
742
39
691
132
634
582
99
654
541
125
257
611
83
69
180
491
125
247
664
579
508
491
322
205
74
434
209
404
779
225
75
587
108
718
30
309
760
718
415
471
566
490
609
418
2
149
44
85
19
272
153
164
98
652
318
260
74
7
350
394
764
81
389
723
555
426
448
302
815
256
335
802
403
759
62
337
718
819
650
160
602
703
361
10
251
548
92
731
784
56
213
830
393
761
728
251
268
383
150
78
546
656
443
208
449
413
445
629
272
225
67
246
167
89
328
444
740
813
649
333
124
148
680
701
789
137
612
812
685
826
243
277
458
776
384
604
89
39
591
315
573
179
470
215
152
449
321
384
730
95
154
179
703
416
135
723
487
275
190
616
635
106
330
445
743
26
723
326
80
657
755
360
556
47
300
67
562
302
122
79
112
826
291
670
450
498
671
18
356
73
581
496
96
385
158
537
800
169
334
306
590
632
761
739
71
252
139
150
826
578
407
235
100
262
407
795
332
207
764
369
410
52
526
367
208
436
68
109
7
36
445
630
400
155
114
421
483
324
91
17
324
26
122
29
437
811
164
390
662
284
189
417
740
627
192
374
753
128
435
327
283
496
785
642
730
707
283
418
318
280
408
719
605
148
713
513
12
214
91
91
81
405
717
729
729
783
297
240
413
782
195
217
304
671
46
240
135
408
284
76
381
441
216
278
601
407
754
608
14
625
156
356
444
697
147
818
42
604
216
515
153
524
765
459
343
332
451
527
467
552
478
571
92
466
455
93
275
259
396
642
773
60
406
543
693
130
141
463
254
819
391
789
765
363
133
450
614
97
529
575
234
602
506
403
329
32
698
580
68
278
308
215
740
305
105
595
804
664
780
456
140
599
276
672
753
53
134
197
653
49
255
525
328
539
526
768
509
810
549
705
159
603
412
520
93
11
286
582
305
72
360
350
58
61
196
605
677
484
348
36
512
317
55
563
447
450
313
808
43
729
44
353
569
507
610
549
207
769
588
248
10
777
471
153
364
624
416
772
417
558
187
662
111
541
424
23
549
713
468
275
226
162
173
74
302
681
7
72
569
718
504
378
745
453
667
622
487
658
582
829
36
635
599
251
724
321
145
529
706
253
278
427
238
138
334
569
824
647
127
276
457
13
340
635
183
575
172
334
801
391
189
45
620
210
123
715
387
276
503
87
502
639
26
379
550
745
88
514
419
243
71
169
814
499
97
73
257
811
598
252
168
492
543
726
497
330
656
477
119
94
684
613
258
258
561
587
423
12
188
101
790
732
395
793
790
799
73
660
655
16
231
218
365
386
225
347
786
802
200
557
685
742
647
324
136
253
128
471
107
656
719
676
608
634
182
339
659
501
294
736
481
517
250
571
26
9
542
253
449
330
77
99
591
473
589
387
818
629
105
359
371
183
531
797
99
528
185
328
254
513
161
609
541
6
362
456
789
296
349
609
690
170
223
217
452
682
685
522
156
173
205
339
723
279
15
822
784
658
599
558
689
492
12
502
244
416
91
279
583
385
780
533
767
751
538
629
561
125
172
739
321
160
720
21
585
41
81
215
351
63
421
244
238
310
244
102
313
14
145
786
68
368
434
428
290
490
341
384
114
45
105
241
94
287
750
137
53
705
262
659
54
629
361
783
194
653
144
665
294
273
360
656
819
232
452
127
576
231
692
689
8
259
57
606
16
673
805
552
287
507
180
188
640
378
501
418
524
542
674
380
483
116
543
211
35
436
109
576
383
185
691
297
330
427
505
42
603
350
35
725
126
681
169
476
125
616
520
784
122
332
359
771
766
484
743
700
738
822
726
786
800
480
156
172
259
233
460
794
143
261
528
41
322
210
643
309
433
356
772
237
340
214
736
514
798
707
99
20
242
31
559
693
246
407
237
253
68
411
209
747
25
121
172
726
555
479
193
577
799
675
27
357
655
788
727
561
140
756
120
656
591
16
589
110
234
457
26
348
453
3
242
232
311
825
205
81
591
178
379
638
636
139
260
484
622
169
642
532
443
724
248
409
380
18
703
636
568
689
641
140
397
62
465
426
234
304
778
366
57
311
669
758
244
561
608
786
364
654
770
695
614
824
386
449
630
738
206
628
633
118
588
718
734
821
89
719
759
44
160
123
819
69
697
527
766
729
754
2
269
808
602
593
218
18
598
224
382
85
265
474
98
364
589
100
85
139
607
646
580
740
693
683
672
265
491
352
513
458
197
575
71
482
58
271
767
192
71
84
655
290
749
828
582
23
52
146
314
44
654
822
440
292
292
371
127
796
723
469
206
794
299
668
128
292
101
724
825
596
680
245
597
770
113
189
656
154
802
22
424
59
351
479
438
590
382
672
196
150
73
569
238
653
334
433
755
13
575
625
207
380
301
199
253
572
3
371
470
89
459
108
239
691
702
266
335
507
764
217
73
450
822
814
54
683
813
91
113
354
652
215
519
595
23
793
669
566
166
715
258
517
786
439
153
581
521
179
523
512
528
732
37
631
643
532
778
742
42
665
370
457
233
14
621
362
122
403
693
803
797
588
695
390
336
577
416
509
374
657
59
710
480
339
644
742
566
132
209
82
408
748
258
147
217
474
489
713
667
738
512
520
810
434
130
223
305
304
759
379
593
659
624
769
597
775
176
722
265
736
341
139
49
635
128
142
40
645
768
827
38
315
75
212
7
582
551
556
461
662
717
389
111
799
242
709
481
128
558
6
129
171
12
643
793
370
25
525
542
77
776
449
107
615
258
609
544
241
259
483
212
229
306
610
603
707
533
810
504
666
650
257
43
117
36
715
136
86
233
456
149
105
767
187
159
334
265
828
757
7
175
617
618
428
132
674
187
210
402
142
420
819
296
727
439
642
456
816
638
478
537
159
302
810
460
498
295
399
100
475
556
269
426
645
819
136
169
640
544
214
283
251
295
474
606
804
82
156
344
766
428
822
657
190
68
468
725
641
613
193
584
507
453
394
389
6
526
502
527
388
53
759
215
702
447
489
239
729
414
540
633
401
111
808
536
14
35
553
163
575
334
460
701
802
13
237
96
234
710
457
50
468
350
588
257
675
80
91
180
753
83
416
76
378
825
363
723
792
29
560
60
35
71
236
587
323
517
686
166
748
747
261
734
42
606
172
161
491
260
462
63
777
275
64
5
169
1
713
617
606
475
217
749
22
334
174
750
788
350
444
10
741
151
554
103
179
708
235
118
379
267
547
466
392
555
229
434
417
610
469
622
120
529
59
54
786
217
145
47
665
443
621
449
491
81
106
720
264
657
747
576
810
743
319
749
474
389
715
153
316
54
547
793
761
194
11
500
271
736
248
279
813
793
521
757
719
330
725
706
554
218
509
491
830
692
511
192
424
676
750
11
366
316
394
746
65
463
329
127
571
203
439
268
300
824
92
472
612
88
335
142
211
99
172
353
100
142
351
96
151
716
497
239
473
97
568
174
170
550
57
416
742
603
581
7
138
496
110
342
597
524
823
90
290
117
594
266
36
433
130
264
327
70
537
36
418
369
616
310
125
379
589
385
808
470
136
339
178
613
739
630
199
707
411
520
253
376
59
773
567
823
541
126
489
123
681
153
477
474
569
571
754
276
589
793
533
45
389
697
413
320
450
326
684
231
142
282
375
631
241
515
573
681
26
788
281
764
610
53
40
442
359
307
403
312
240
782
56
303
173
47
213
779
512
110
189
381
351
828
241
234
773
491
134
572
179
421
561
602
301
505
388
306
67
511
58
772
604
595
272
520
570
445
762
44
201
486
601
785
186
375
672
189
631
176
203
76
468
40
154
270
524
634
58
19
644
162
151
223
730
672
126
824
237
115
685
764
307
270
718
370
562
591
171
423
730
512
607
498
37
171
13
211
769
564
589
538
759
566
366
516
818
427
593
50
107
482
6
396
96
185
581
453
416
92
533
559
144
634
185
814
347
427
638
671
642
781
426
161
704
482
22
755
18
703
57
493
326
310
403
594
78
435
500
43
307
475
746
530
11
354
684
179
14
402
46
367
316
2
283
545
418
87
401
743
792
797
362
649
768
781
607
220
155
598
652
493
486
211
28
784
306
591
694
12
601
752
523
629
573
783
282
829
472
600
404
535
752
828
312
723
418
15
283
534
498
123
5
235
213
374
675
201
722
379
512
762
614
741
420
789
154
14
590
61
189
45
771
632
683
332
10
213
543
130
640
191
626
292
687
589
167
153
556
385
15
112
304
596
519
4
821
291
129
679
171
530
527
194
698
67
273
162
618
369
433
591
435
602
545
599
763
290
689
692
491
778
540
615
582
132
611
419
157
668
24
718
254
725
830
357
581
348
421
268
430
100
744
114
180
423
697
486
647
188
94
767
620
305
180
622
311
540
796
184
403
154
291
294
590
309
786
643
318
176
548
88
324
235
784
791
54
736
497
759
560
705
357
590
794
259
471
406
10
363
350
408
267
30
556
340
315
826
286
8
680
116
47
328
499
281
703
224
712
730
511
356
751
699
473
167
4
66
532
577
505
111
764
139
44
731
741
353
69
339
44
782
215
329
460
80
272
96
176
252
697
788
759
154
806
212
712
237
80
772
796
308
263
728
413
822
653
509
285
259
403
133
320
539
456
362
231
548
280
483
55
599
417
226
771
234
451
443
567
646
732
324
548
521
317
823
137
446
743
667
356
361
63
584
570
366
142
780
696
135
671
445
253
93
576
171
219
75
784
207
176
552
149
419
614
313
448
457
666
111
18
190
513
809
322
363
436
626
553
383
606
53
469
478
567
305
830
602
445
684
634
738
595
128
763
67
226
546
416
582
348
540
318
192
270
347
739
613
90
662
9
680
595
93
83
678
554
729
31
812
57
530
684
212
242
791
328
529
730
609
142
361
194
137
48
42
704
55
286
541
689
729
636
289
17
789
641
606
805
377
635
576
113
672
362
120
702
143
297
453
4
357
236
740
578
477
482
407
330
466
305
781
123
126
758
209
12
594
216
103
153
286
578
427
610
573
496
58
529
253
396
587
504
110
503
312
115
624
296
460
556
292
786
775
138
669
450
25
762
563
703
14
164
109
296
462
266
713
9
621
543
734
203
597
565
321
142
133
717
310
448
551
405
356
754
200
777
452
232
704
182
764
500
468
639
267
24
606
387
292
806
352
386
26
583
344
554
705
586
679
667
159
581
102
646
295
68
623
636
366
496
287
677
220
469
154
246
557
702
422
442
190
72
658
820
601
756
548
549
682
788
684
355
163
161
56
786
156
343
180
802
775
503
693
657
391
521
90
681
483
406
520
515
570
49
640
209
249
730
569
270
400
455
794
202
355
62
460
422
297
125
230
753
118
493
80
513
554
814
668
362
275
613
238
274
98
765
174
11
568
720
669
148
403
553
687
501
388
545
439
162
194
306
458
820
118
464
49
316
742
547
583
759
580
309
100
750
415
424
783
56
197
350
384
751
150
429
814
163
372
481
444
715
777
340
714
781
71
272
248
269
632
128
591
731
46
151
525
448
771
173
216
814
171
701
574
277
61
142
434
802
254
358
451
686
112
255
582
300
662
674
141
71
710
380
748
731
544
465
229
485
431
164
104
713
607
519
472
277
102
161
62
282
207
166
448
269
97
93
295
391
93
14
809
111
69
102
274
645
135
599
405
538
767
330
792
614
777
289
348
531
520
169
66
59
680
593
501
775
258
396
146
731
769
540
478
110
106
650
718
456
154
111
521
745
133
105
655
163
138
796
198
559
449
218
90
184
687
57
456
135
339
464
489
18
149
691
477
144
528
40
762
377
823
454
821
327
347
282
615
479
131
587
539
308
405
162
36
147
41
753
148
128
591
175
479
568
273
277
25
366
328
673
777
411
139
821
18
311
677
532
322
521
449
327
112
449
509
462
294
387
743
173
161
480
760
581
148
179
222
299
543
276
370
145
740
149
719
81
143
711
676
519
1
705
596
813
307
781
781
397
44
26
609
673
219
128
291
307
306
199
618
325
828
171
219
114
364
586
109
304
665
492
736
376
673
386
207
750
800
595
280
60
560
387
525
367
443
49
216
728
293
300
251
460
283
342
437
465
687
797
445
701
685
628
19
805
818
91
166
398
354
434
721
618
217
391
369
198
817
613
349
804
787
211
73
804
284
780
76
95
777
342
597
456
73
183
150
521
626
552
332
812
24
170
692
669
524
18
289
830
827
346
367
75
480
449
21
472
715
210
820
584
775
358
43
645
589
652
102
792
627
151
555
341
262
465
197
807
150
471
736
511
802
667
79
581
601
216
678
156
518
83
141
534
21
135
391
448
741
619
723
287
300
325
459
405
727
179
475
54
429
318
32
267
623
751
655
678
830
224
710
453
695
553
567
99
621
452
435
750
174
112
18
285
626
597
544
381
448
360
580
133
709
769
751
802
57
509
371
540
599
653
177
657
776
565
595
298
315
293
715
13
479
217
366
399
271
217
367
617
230
201
698
317
341
171
668
717
758
113
99
240
417
40
675
270
58
364
461
554
340
86
171
487
116
80
551
439
364
324
823
449
428
677
664
193
207
202
580
534
306
655
633
312
74
66
176
597
353
697
222
238
13
433
62
579
537
250
330
291
314
83
150
740
643
672
299
463
451
726
365
229
143
484
610
799
70
756
680
321
7
441
449
257
370
462
426
522
128
619
410
354
419
612
394
294
78
799
202
695
140
274
652
146
811
729
727
187
566
673
7
292
288
583
236
93
675
4
697
422
665
56
220
716
53
755
551
301
777
763
451
235
665
360
182
389
654
254
92
226
466
66
96
341
536
705
562
264
561
196
761
762
705
682
748
538
451
393
764
829
65
734
149
275
469
338
352
475
620
526
549
242
368
690
70
265
456
418
16
718
330
790
18
479
611
73
767
821
58
664
734
40
182
21
669
288
627
307
507
569
139
303
332
381
258
549
156
714
534
699
375
488
59
663
551
418
6
798
402
386
540
496
142
131
315
515
702
525
637
21
820
719
631
366
701
372
127
72
800
708
226
415
64
393
763
386
150
191
345
556
603
375
66
411
435
194
490
718
660
136
488
82
314
719
401
776
802
388
225
554
293
156
207
686
15
405
646
38
553
549
38
572
829
793
296
8
580
147
42
682
409
261
605
398
821
808
686
211
529
805
39
616
120
146
445
48
394
13
756
392
312
790
44
261
714
501
363
299
724
352
823
747
104
662
345
744
619
672
527
501
366
138
349
629
365
164
763
803
375
801
429
443
118
392
31
501
278
269
53
308
690
309
720
654
432
141
482
36
650
43
795
81
693
130
634
127
660
501
91
570
246
640
717
720
210
186
264
590
381
291
132
765
188
821
641
569
308
163
353
669
526
637
383
188
91
249
230
637
663
735
413
552
140
311
637
439
80
663
170
760
657
371
784
542
45
756
5
817
405
693
60
106
671
49
713
269
104
698
202
482
196
576
127
609
735
2
470
166
279
731
514
16
322
33
754
127
580
514
19
734
80
236
627
501
369
565
777
170
268
704
802
399
666
519
32
709
353
151
714
142
762
657
424
655
565
236
713
673
123
555
640
256
108
499
824
167
4
505
110
118
482
156
253
295
415
493
583
321
75
278
728
42
705
777
149
198
574
811
694
465
223
595
430
63
79
697
89
342
470
325
401
312
618
67
185
472
674
474
195
607
42
446
475
653
769
27
104
697
476
258
57
254
491
269
608
378
711
697
540
822
255
751
815
567
151
758
297
462
201
658
556
463
816
454
325
237
725
332
379
410
558
614
38
18
3
153
475
686
447
151
524
608
506
261
149
559
699
203
533
35
194
704
521
212
592
162
87
120
664
6
135
537
584
246
642
187
672
744
556
744
29
156
534
649
564
613
446
822
615
668
423
384
700
529
610
695
453
438
445
26
565
166
535
315
394
625
98
143
617
455
94
80
378
140
611
673
689
796
175
631
147
628
6
189
69
110
113
167
710
688
361
608
48
493
733
223
788
218
512
91
393
290
528
756
399
797
300
178
214
331
271
380
451
16
45
44
48
425
799
659
506
603
649
364
16
383
829
822
191
195
171
581
129
286
293
89
751
558
495
433
252
239
679
271
253
105
314
269
143
232
761
246
811
321
248
275
121
587
747
5
201
82
435
238
124
725
743
115
743
345
340
546
91
231
542
827
783
188
240
623
50
732
275
15
757
676
373
320
707
759
690
326
680
364
776
385
628
270
18
812
715
680
588
726
318
760
315
443
311
330
423
153
147
780
700
597
411
680
805
163
710
246
663
146
352
525
782
415
328
654
722
257
11
235
194
709
229
814
276
32
48
386
615
125
122
72
664
706
17
203
600
332
305
44
269
669
549
760
552
16
814
218
817
776
44
608
188
443
762
775
302
488
275
762
249
600
471
504
431
447
5
234
779
604
375
445
825
389
229
550
138
267
133
632
28
594
549
796
606
564
551
776
328
43
346
645
129
613
291
818
257
4
277
648
664
310
375
735
578
734
681
472
156
264
278
491
244
281
220
18
484
203
590
669
211
738
736
94
189
349
150
38
774
290
583
447
655
595
17
610
235
553
83
253
219
194
801
670
310
450
193
204
558
394
65
435
601
154
97
467
724
537
233
42
414
359
215
485
230
116
30
592
491
9
774
582
274
241
804
602
747
193
388
172
804
547
129
470
584
445
389
782
685
355
45
770
509
406
69
640
234
376
405
628
28
208
497
342
318
213
268
540
187
114
541
394
754
729
321
547
336
510
1
735
464
546
722
744
350
83
278
128
376
251
79
206
366
798
465
39
824
271
174
478
295
152
489
350
461
419
391
265
755
468
412
661
238
194
299
564
384
602
231
687
284
279
582
190
62
78
740
820
830
239
407
450
166
401
85
404
137
87
115
665
70
737
540
38
610
95
444
829
66
435
273
109
59
760
28
128
236
388
520
611
586
175
163
702
805
410
72
2
551
558
254
46
278
599
232
483
746
462
335
337
765
538
369
496
21
757
507
303
71
543
150
614
658
625
3
396
482
489
599
351
313
716
71
662
326
758
680
423
702
617
232
268
446
233
211
240
396
220
759
14
677
333
338
645
661
414
492
603
457
463
108
311
565
235
125
482
279
373
612
158
93
601
235
749
759
85
166
31
9
373
626
641
508
261
338
353
80
314
538
283
604
526
508
494
616
477
653
290
415
829
172
372
467
651
85
687
536
723
182
778
485
588
475
37
548
537
31
73
435
113
532
114
665
702
28
155
622
761
443
624
754
600
168
222
526
248
435
60
409
83
20
786
205
770
106
660
557
399
60
652
457
767
605
268
221
746
803
586
656
758
218
513
104
10
787
313
446
478
356
468
48
272
281
159
555
84
780
756
574
475
291
589
445
108
286
128
256
145
105
147
614
418
408
745
266
135
797
709
332
628
359
749
501
577
203
215
438
501
184
531
422
636
784
103
526
450
691
560
150
612
731
410
496
488
482
356
676
595
444
763
45
233
619
207
327
34
333
605
263
561
109
765
267
44
382
697
93
33
580
75
279
135
16
477
775
727
779
267
154
607
203
307
310
274
155
475
230
680
185
496
517
737
370
466
576
140
477
240
88
79
89
772
256
478
617
618
190
165
273
370
546
5
542
124
590
557
310
516
487
82
335
508
806
598
756
325
820
361
329
248
324
544
585
729
699
542
747
255
30
677
553
239
213
200
103
312
309
752
507
494
695
829
440
584
351
3
228
121
490
590
639
177
485
472
586
58
72
800
174
775
564
681
309
431
621
342
261
68
258
582
419
225
602
112
499
140
798
570
451
800
215
594
203
291
740
457
825
141
661
731
672
49
789
173
138
267
784
255
137
101
167
291
122
741
579
743
331
816
423
36
279
423
394
23
86
377
206
630
151
71
391
202
448
701
118
719
535
168
243
250
761
108
610
116
741
300
222
703
267
600
243
133
497
3
508
60
306
742
206
590
117
274
824
817
410
739
471
556
725
699
594
121
440
107
75
517
203
638
518
672
745
265
540
104
392
152
626
234
310
535
328
87
246
526
552
322
33
670
252
440
228
459
168
105
20
26
278
547
680
815
560
647
135
449
794
330
452
244
512
279
249
260
626
251
405
510
724
765
392
770
747
197
496
270
285
165
757
499
92
390
722
483
289
809
784
459
681
591
653
681
377
450
138
205
395
271
594
417
578
333
543
785
660
745
509
213
763
786
263
479
506
324
347
819
664
600
501
565
770
108
575
112
465
7
479
338
124
616
12
310
508
271
794
528
519
601
300
686
518
533
422
646
676
657
391
246
455
58
225
412
257
106
517
799
679
449
111
802
291
778
48
678
520
37
94
340
607
604
30
600
296
282
411
277
349
483
128
781
672
168
644
145
656
59
214
91
522
77
87
392
766
195
798
160
67
123
355
13
145
176
321
812
754
599
816
583
468
402
800
282
283
676
613
345
673
42
6
679
279
779
92
240
424
91
27
63
696
677
304
319
334
795
403
725
534
17
433
490
178
258
555
577
579
313
546
719
150
395
193
363
333
785
90
720
360
26
677
327
395
694
724
752
812
164
479
311
480
233
817
416
811
712
197
619
189
767
206
450
753
377
40
602
416
298
338
198
94
352
613
704
493
814
67
447
77
65
275
608
531
74
360
19
342
580
405
717
403
309
67
820
68
61
585
96
484
100
473
535
41
229
626
773
81
747
236
300
313
534
157
395
436
236
740
290
82
527
307
253
760
219
402
75
712
618
336
178
72
441
487
472
309
49
321
214
18
19
678
94
808
503
529
40
47
625
436
109
306
275
67
525
291
751
7
360
588
574
21
501
490
59
363
150
363
436
672
481
659
256
472
202
734
532
498
804
141
420
405
200
272
728
454
127
69
268
538
732
558
374
200
75
780
526
359
775
821
67
330
409
401
338
750
124
356
655
629
37
289
46
391
505
632
633
808
322
202
343
545
464
53
124
440
247
333
528
75
416
500
650
189
623
266
470
505
756
33
211
33
694
77
669
533
25
159
74
320
828
643
545
472
513
239
383
446
795
350
474
272
168
561
42
382
705
635
453
282
82
679
412
311
755
413
750
502
144
716
495
722
180
280
383
67
603
461
206
462
760
22
662
509
200
498
819
802
600
261
134
376
239
531
696
316
636
750
280
613
195
644
778
427
413
689
424
755
716
369
553
520
122
477
545
162
49
523
526
641
651
517
759
558
824
420
6
371
527
764
102
616
768
217
252
341
191
242
623
204
404
151
665
779
297
586
283
54
705
661
63
30
804
253
374
425
750
274
737
725
156
175
322
42
297
206
295
284
315
446
214
431
17
700
497
159
167
676
300
348
431
367
538
214
22
65
475
25
564
805
748
639
266
125
345
311
181
7
610
582
100
262
646
254
601
500
479
94
381
198
205
201
827
21
781
259
782
816
578
39
433
308
275
14
330
340
600
254
664
623
252
308
55
234
705
584
375
631
152
143
585
60
158
306
491
72
412
12
722
110
420
568
586
106
740
46
371
165
318
63
454
42
812
713
293
493
661
540
560
754
588
715
269
576
347
427
122
635
688
470
100
487
116
537
348
223
437
505
146
406
263
695
688
166
270
307
5
650
762
764
353
140
421
514
699
432
440
274
651
215
234
126
244
299
756
408
2
708
533
806
649
518
744
568
519
15
420
251
744
78
523
165
714
34
564
51
240
722
91
135
190
495
751
283
701
819
390
395
441
229
176
576
35
35
430
24
55
600
575
496
27
377
468
345
128
126
400
138
478
395
128
660
541
525
137
524
560
98
412
726
707
360
400
352
780
309
21
122
70
315
502
566
602
335
651
283
388
365
594
807
241
639
474
337
179
721
165
9
717
358
216
322
477
565
540
423
397
27
142
793
750
330
225
61
237
550
162
752
593
150
129
338
426
454
741
802
397
160
382
578
174
25
306
42
825
182
237
488
31
393
630
591
435
4
240
354
683
782
646
450
419
223
437
724
290
650
774
207
38
340
64
331
424
366
138
518
364
345
126
386
657
696
105
780
213
372
351
46
605
580
138
247
483
43
747
73
126
815
781
509
582
297
761
589
778
699
312
601
654
572
550
52
207
364
135
323
362
468
820
89
415
784
15
267
83
22
453
497
607
77
17
467
719
263
625
371
225
269
814
136
529
99
34
607
356
697
389
377
53
638
767
456
326
606
104
820
820
753
707
61
345
615
345
819
484
798
55
67
84
598
75
449
21
749
181
93
815
580
441
169
39
813
801
304
637
404
611
616
783
624
823
595
665
725
636
362
235
164
677
789
374
546
523
645
574
435
133
312
705
796
243
510
482
241
665
787
347
422
631
120
106
156
578
591
20
642
71
791
381
649
559
14
8
9
409
189
498
145
257
579
294
719
545
280
40
729
370
44
576
569
203
203
281
408
559
247
689
65
588
425
604
725
792
770
339
26
724
524
380
87
431
590
581
466
589
392
169
329
779
493
394
451
771
579
623
379
624
397
591
100
483
690
473
544
196
687
656
591
303
688
542
600
421
244
90
706
337
490
383
775
333
30
149
81
816
348
651
495
28
184
382
826
148
455
367
208
482
58
192
39
535
702
11
300
583
254
52
91
820
783
419
445
537
540
672
610
820
78
826
478
379
453
113
365
97
664
764
777
213
827
218
803
137
563
164
700
165
630
706
600
802
804
639
296
78
24
207
386
451
6
188
415
461
70
319
486
727
506
709
694
591
146
686
372
413
695
136
663
48
446
137
260
263
420
83
529
125
315
473
379
664
99
564
450
729
202
499
681
146
49
634
669
183
49
495
568
353
231
690
580
373
314
354
496
420
301
440
124
31
701
617
509
305
664
22
334
548
489
207
459
640
109
338
269
133
787
294
677
157
30
690
624
274
582
606
637
705
496
516
558
161
555
439
435
817
826
213
526
137
666
26
201
805
611
354
602
527
254
717
763
282
781
250
250
339
642
462
550
275
32
280
649
794
270
678
193
268
792
74
735
547
251
43
209
712
655
209
317
678
164
438
471
636
179
158
136
308
623
605
468
654
42
413
635
718
248
389
32
118
729
553
381
337
28
14
788
5
830
148
735
521
723
3
793
152
765
798
288
567
559
270
787
395
353
81
579
611
189
570
501
809
522
284
660
481
26
449
717
688
525
802
475
527
792
427
243
172
139
211
414
262
441
534
137
74
618
626
569
413
534
440
451
627
347
231
83
682
478
461
641
169
615
726
86
505
249
382
256
212
351
514
308
9
817
738
643
569
683
312
587
689
735
351
717
246
194
653
42
740
553
249
749
543
631
752
552
280
309
296
292
506
564
267
95
646
85
32
410
691
550
299
538
307
426
52
379
730
820
537
772
553
182
122
461
689
274
822
476
362
582
102
548
408
294
17
520
639
336
70
444
113
161
401
682
154
496
824
361
233
558
116
497
424
746
225
655
298
325
390
224
763
237
195
320
668
603
567
676
304
340
238
804
608
504
662
135
304
420
365
68
290
77
448
564
278
274
591
808
371
160
509
391
216
559
670
266
180
271
492
188
347
321
309
425
221
148
692
126
98
361
192
78
129
798
618
282
670
252
516
718
408
775
682
754
402
578
424
374
388
710
725
804
783
262
560
152
792
214
568
251
408
234
751
360
512
58
615
573
569
28
63
710
721
206
497
257
537
698
14
543
179
64
384
222
88
410
665
430
634
627
115
408
68
489
322
342
785
662
191
270
665
370
606
309
796
369
457
499
153
193
436
684
88
544
750
339
7
415
263
657
410
198
605
171
300
378
8
309
91
443
191
568
58
777
78
538
304
769
218
246
463
364
819
630
492
379
294
87
504
749
385
733
714
725
799
760
315
570
466
599
288
387
487
798
773
714
734
430
167
348
89
705
225
760
180
782
730
645
262
640
186
366
721
304
574
87
112
232
342
624
274
828
34
739
462
611
354
167
455
599
698
553
154
369
725
13
463
602
637
669
135
671
288
119
301
551
455
795
271
335
221
51
535
560
37
204
436
396
152
535
374
177
785
603
347
511
625
290
171
392
158
312
598
597
412
766
390
618
370
437
550
655
661
812
393
715
798
225
325
453
332
59
214
511
580
174
758
763
318
672
429
544
342
482
747
346
443
444
638
683
232
615
411
490
507
328
782
264
329
34
87
357
85
471
599
17
646
304
316
11
245
195
53
725
625
531
178
652
592
477
292
641
650
315
398
821
30
769
389
503
623
686
180
263
103
733
701
75
572
276
789
344
566
357
782
727
492
737
615
328
627
614
82
825
597
257
371
204
383
365
698
154
343
96
36
508
241
171
449
468
729
391
194
621
706
775
664
518
277
400
321
594
809
572
763
801
263
653
510
579
648
568
143
409
258
61
362
532
507
604
262
481
50
134
197
102
823
452
285
334
474
274
558
40
722
370
527
202
474
207
674
644
412
179
60
43
279
220
74
206
438
370
575
11
728
173
437
184
105
72
307
692
69
47
359
359
207
660
357
796
567
596
659
651
75
541
579
636
204
116
341
781
650
460
309
645
767
825
439
239
378
60
256
218
219
94
618
335
66
19
769
178
330
184
4
457
754
57
197
52
207
294
274
393
514
658
125
774
575
428
236
705
534
408
231
718
314
38
276
380
699
211
278
788
86
176
219
425
223
358
594
696
700
208
803
270
449
393
442
72
62
376
296
784
750
133
89
470
579
512
118
228
524
783
367
429
297
447
93
136
567
675
266
702
335
588
474
684
640
699
132
720
768
420
197
631
325
760
622
289
772
559
402
366
192
826
441
517
609
557
205
439
287
569
350
213
139
521
721
440
507
647
516
303
517
450
635
724
121
190
129
770
58
172
220
387
138
599
253
648
270
177
530
395
367
47
555
584
338
749
761
310
817
126
493
296
109
635
79
427
575
361
633
510
382
130
132
528
795
782
113
539
646
717
613
791
104
795
740
303
315
380
629
225
666
820
333
381
62
159
362
400
787
98
753
306
123
168
478
802
54
587
498
803
146
824
461
763
624
374
685
572
168
75
257
283
504
598
202
773
226
276
824
589
644
519
551
180
274
217
565
233
35
629
492
270
599
222
207
202
541
45
152
667
598
171
803
145
699
194
575
300
806
120
738
611
462
80
543
825
571
8
574
172
650
635
144
348
47
151
531
503
175
204
517
569
656
600
98
745
425
262
692
306
253
367
429
211
248
403
531
492
400
360
540
528
335
366
77
461
60
211
678
160
526
64
78
813
311
192
344
105
507
364
240
442
818
352
552
120
812
438
333
445
409
575
149
767
756
459
781
690
693
602
663
197
657
641
45
452
90
789
660
95
824
544
27
778
64
769
79
147
657
100
345
340
194
45
165
478
247
92
682
705
494
28
784
513
196
724
688
251
316
232
746
12
262
167
36
35
159
173
795
223
388
327
503
211
278
808
817
605
517
5
38
201
102
31
788
771
155
283
72
476
818
445
776
326
176
805
93
138
41
801
534
344
557
120
221
787
772
95
508
248
301
755
717
51
460
71
678
578
58
747
193
376
379
255
96
690
354
432
260
492
692
482
808
532
436
179
450
111
409
208
165
601
405
704
592
426
175
546
297
600
471
7
626
759
753
337
478
584
807
498
516
550
602
51
46
214
692
67
335
201
707
108
737
574
420
95
119
557
393
625
809
632
106
610
693
820
653
512
544
72
589
660
369
292
691
654
48
106
2
174
40
668
824
320
576
539
640
348
222
760
481
183
280
58
597
414
487
477
352
652
730
670
39
691
185
26
646
154
381
68
14
157
226
782
660
782
617
534
270
442
203
358
670
446
277
253
245
86
264
361
246
613
64
198
135
764
332
743
93
532
693
398
324
173
75
322
569
323
536
295
84
779
54
830
140
132
688
117
381
410
120
358
697
127
452
20
249
311
518
300
370
375
368
10
418
795
455
739
558
289
452
593
216
23
650
135
311
795
207
138
657
33
194
29
584
584
211
664
775
332
555
307
734
806
596
374
50
579
276
477
54
210
488
304
129
276
563
590
785
648
699
382
139
448
530
387
713
557
48
161
326
630
578
144
191
558
226
56
734
805
446
602
825
294
393
364
5
87
129
796
138
401
464
255
106
466
133
254
518
681
827
736
728
545
382
408
477
725
179
54
802
78
503
419
776
693
136
669
517
254
382
397
689
666
560
633
398
98
805
479
650
411
120
192
183
206
322
44
473
418
225
373
712
551
604
592
511
373
55
796
123
448
574
76
787
539
487
787
815
591
556
712
195
647
171
113
156
590
365
757
326
616
206
803
226
331
792
819
58
727
749
387
385
67
62
345
150
789
781
410
357
82
41
57
528
427
485
497
401
214
158
374
241
416
199
423
699
287
6
233
296
287
337
554
532
379
162
14
626
49
789
768
359
528
775
630
682
180
374
523
441
563
698
21
765
749
695
823
73
71
154
681
757
108
177
761
602
480
430
157
228
729
738
817
749
261
586
46
203
139
384
681
487
528
797
226
712
391
354
591
809
662
350
118
212
58
794
343
814
759
35
782
249
486
177
593
384
235
651
487
171
750
755
827
803
274
180
616
448
204
281
111
462
535
185
679
720
96
536
33
224
541
237
388
823
66
73
461
370
13
193
320
43
47
698
342
753
302
727
347
776
323
567
743
796
624
22
407
103
560
503
537
202
583
610
598
292
105
71
705
662
176
72
760
744
203
698
530
209
368
608
767
101
736
146
472
81
315
81
344
125
25
239
139
496
638
324
507
418
774
736
795
165
408
278
569
180
353
698
669
494
270
92
444
73
573
413
44
683
513
426
574
214
257
771
84
635
594
379
53
748
304
135
375
101
514
763
458
232
416
365
305
582
762
787
116
824
526
324
477
542
685
38
559
662
578
652
327
155
305
760
666
673
216
689
361
625
274
456
427
174
118
113
644
71
656
496
606
62
138
669
819
50
572
389
796
820
309
201
156
87
140
231
426
655
464
279
233
178
631
427
10
37
621
387
325
140
179
690
79
661
89
70
547
816
673
556
11
611
489
500
180
171
326
476
99
389
540
513
528
731
330
534
425
542
739
152
747
650
266
81
312
47
314
387
762
595
432
665
24
184
570
303
823
618
6
12
234
741
343
256
226
36
742
204
790
367
611
748
277
682
158
56
58
350
769
86
607
623
663
530
119
517
13
218
194
403
21
243
60
743
642
300
233
163
319
705
774
73
371
412
581
67
104
434
327
590
647
51
587
769
781
513
699
614
391
607
398
89
433
551
498
616
115
113
121
163
780
726
641
46
666
367
56
642
111
141
475
296
550
620
735
509
578
823
689
601
720
561
301
420
334
568
778
486
507
120
416
4
253
813
123
800
49
599
596
425
411
604
549
436
581
316
47
826
254
578
782
55
586
495
762
643
70
241
20
818
374
611
484
154
675
381
542
472
376
205
169
320
720
182
465
712
305
593
619
325
729
317
193
794
146
399
655
695
286
237
122
337
149
446
557
385
389
773
478
318
452
122
815
829
791
410
397
512
277
546
817
274
661
404
414
534
758
120
575
798
13
173
372
265
782
601
162
124
448
2
820
646
38
152
348
626
779
681
767
597
483
199
388
135
679
749
439
612
605
229
279
268
762
534
15
9
322
793
607
801
145
412
354
387
605
393
316
801
811
63
239
640
397
428
793
810
565
170
329
51
94
631
424
677
47
683
186
210
358
809
112
601
22
617
63
28
359
123
461
582
403
328
360
439
476
358
492
429
656
321
542
171
561
233
24
406
478
209
247
604
656
575
157
809
35
789
633
723
664
448
703
419
311
697
139
445
230
632
684
787
467
294
443
129
515
59
311
821
613
366
787
172
162
95
567
258
649
389
373
384
520
493
405
111
269
773
722
96
120
180
401
378
681
619
49
63
181
546
684
544
129
703
98
677
84
83
332
196
244
46
492
368
251
466
418
448
157
428
250
116
702
735
491
104
164
608
510
543
702
746
542
365
416
529
311
602
308
213
581
267
804
85
223
558
501
381
334
757
692
671
454
578
604
228
287
648
432
177
123
91
734
154
726
86
375
360
26
701
357
40
293
18
250
344
141
657
160
825
641
451
87
121
202
465
660
37
13
103
693
237
628
334
266
624
47
713
652
88
733
43
535
826
666
636
310
646
319
634
674
137
337
436
791
732
424
765
483
213
721
631
89
26
9
759
739
714
170
339
728
203
118
270
210
695
39
34
777
218
130
149
90
784
389
809
18
296
262
403
573
726
258
660
82
684
198
382
799
294
502
446
674
518
41
668
342
148
258
540
707
178
518
47
78
483
556
260
778
265
796
139
639
336
282
438
828
45
654
71
299
116
390
737
718
174
546
715
458
448
419
259
472
184
379
739
93
200
354
276
164
711
57
542
439
117
637
312
351
40
519
669
147
812
552
778
560
436
518
580
791
608
280
230
763
790
266
521
172
357
529
678
475
656
718
747
285
666
89
357
327
486
597
557
763
189
256
243
252
813
630
610
555
534
712
213
537
457
737
371
741
568
577
157
530
795
771
340
577
439
705
698
156
713
372
149
550
564
117
74
168
51
285
562
781
666
821
221
789
153
669
242
672
276
826
695
40
77
403
42
143
429
71
459
718
377
29
754
793
576
248
378
5
547
799
502
683
575
95
32
672
2
389
102
310
554
699
525
299
203
361
392
793
23
18
611
417
85
185
239
433
131
402
734
122
445
49
51
153
40
811
81
259
485
393
742
635
775
805
610
52
745
384
227
778
117
747
128
532
811
258
459
394
264
147
614
196
451
194
373
10
463
786
666
651
334
342
791
559
672
271
63
708
5
253
265
801
74
493
293
262
687
400
779
90
125
667
241
90
219
295
211
190
163
484
685
136
240
547
295
672
698
236
686
763
23
774
444
425
443
718
215
706
421
37
134
97
648
133
434
581
52
231
291
638
390
790
33
285
732
85
524
144
757
28
700
192
647
144
50
72
809
721
783
798
365
295
794
41
790
368
104
334
250
117
191
788
298
141
355
547
480
267
522
283
738
513
19
402
445
781
140
182
82
146
240
431
317
21
339
350
785
820
640
419
9
474
232
733
630
423
573
772
146
259
131
90
31
469
502
678
524
58
80
418
370
253
637
186
707
517
148
178
67
606
768
6
568
697
764
212
440
136
64
205
433
401
384
646
303
703
546
583
84
233
600
671
711
356
737
105
599
726
398
327
92
55
650
779
254
701
779
160
590
829
269
681
335
598
651
112
184
636
327
474
610
658
193
399
83
692
488
280
574
229
392
470
403
199
735
500
787
670
682
404
26
630
157
225
264
606
697
557
720
188
795
665
495
123
782
818
74
480
84
801
668
594
258
48
634
394
781
463
750
151
317
662
487
438
786
552
135
386
449
443
755
466
592
339
155
669
59
506
139
500
416
647
313
705
554
489
641
334
682
248
717
283
85
303
458
68
750
808
644
618
710
348
217
695
620
741
98
715
270
674
422
774
801
601
362
151
187
298
790
35
179
817
228
163
315
405
471
418
123
608
378
295
525
215
529
334
503
548
133
802
741
706
175
138
639
318
74
116
143
46
779
230
535
359
674
66
473
753
5
495
77
79
280
695
343
754
746
283
43
306
370
801
282
789
431
254
557
36
546
181
148
473
189
466
125
343
604
716
496
409
318
208
223
653
70
343
625
200
40
510
459
120
276
654
109
688
298
379
788
633
128
446
708
531
194
49
520
786
156
503
391
604
798
193
92
404
467
369
247
365
175
498
247
416
652
512
188
322
66
483
72
586
180
152
209
258
368
272
728
225
589
169
46
492
714
445
412
562
569
91
513
242
651
358
535
708
737
262
61
311
173
72
589
500
122
536
264
802
115
681
334
825
22
510
180
612
306
791
766
31
550
181
352
457
740
493
566
131
387
748
17
442
542
484
270
103
473
291
323
619
482
770
510
766
601
498
764
76
478
670
738
701
516
528
187
175
70
245
537
9
93
506
216
24
611
679
450
460
148
348
627
789
478
622
234
231
694
513
537
743
328
549
684
646
509
283
770
159
762
231
220
680
727
475
698
293
365
812
793
409
781
686
497
496
58
430
805
618
813
245
724
40
671
421
127
620
387
708
508
385
294
546
134
342
774
509
320
750
611
565
185
466
385
684
62
574
169
70
376
405
127
722
801
667
406
346
540
189
341
372
750
757
181
536
123
247
307
181
117
513
5
77
587
688
628
666
459
310
669
312
603
519
618
233
784
297
766
368
781
693
300
273
179
598
136
451
109
131
230
556
103
533
118
391
770
772
52
692
206
213
295
26
736
78
669
331
342
590
741
574
693
570
732
195
691
5
734
721
357
148
435
254
246
260
817
338
782
404
108
561
615
225
611
814
62
237
320
479
462
699
295
811
436
426
812
378
18
63
589
807
756
273
116
100
808
87
533
750
722
417
434
463
666
814
795
752
735
59
41
177
688
543
681
817
277
818
354
539
320
342
431
56
658
508
668
551
728
248
295
398
698
791
799
62
215
277
599
80
472
712
787
705
13
165
321
562
81
541
253
1
716
730
270
84
213
514
619
183
779
31
241
478
562
219
541
797
487
8
150
735
613
334
248
127
816
374
567
497
28
132
561
101
757
717
453
263
348
467
471
26
69
550
574
378
536
254
434
208
124
530
745
3
515
617
582
799
640
252
182
233
289
228
461
180
236
75
729
439
794
267
360
247
662
271
812
188
169
39
619
98
143
36
229
493
73
299
636
608
677
232
357
142
606
707
418
215
455
341
381
688
41
91
69
297
542
686
263
123
616
397
104
437
619
124
177
251
398
471
446
120
202
281
202
558
691
176
764
746
430
189
247
476
796
760
323
199
641
779
771
314
582
650
759
322
50
434
815
402
516
517
739
85
683
416
287
57
670
198
760
251
324
410
826
566
620
710
630
340
426
311
585
17
703
348
659
120
538
106
465
417
714
632
740
480
505
517
626
216
601
133
154
492
48
639
124
217
691
387
309
732
776
264
533
313
295
285
653
421
535
84
37
759
637
615
276
416
505
70
550
825
734
295
394
161
675
412
477
695
508
437
582
453
246
620
346
316
631
777
101
128
365
470
5
466
53
683
508
770
530
2
567
165
333
210
778
226
631
807
78
582
692
280
758
696
807
481
577
687
281
489
8
357
749
756
83
511
206
440
641
196
72
363
307
56
92
93
188
685
342
767
42
803
631
241
778
585
216
623
795
487
786
253
298
112
406
43
195
724
514
34
696
731
769
578
617
525
156
772
375
107
582
645
637
463
706
634
179
391
137
59
229
371
572
531
336
496
407
113
462
734
545
524
462
333
255
374
270
121
484
198
673
93
648
41
312
272
411
397
489
532
706
156
264
720
127
588
814
211
98
124
775
298
428
558
344
287
827
110
74
188
431
44
828
608
127
480
84
386
29
683
565
659
548
137
743
826
198
381
434
569
79
11
671
451
500
331
44
760
769
526
443
805
328
363
379
792
701
477
38
684
465
554
742
443
297
694
347
736
819
641
483
663
268
105
664
669
211
86
828
814
260
807
752
490
801
27
309
32
219
421
498
551
317
456
661
202
407
153
700
642
530
489
711
75
653
211
642
517
535
690
221
646
179
393
384
765
280
325
562
150
759
650
417
185
488
263
636
218
610
659
550
262
383
202
303
654
315
300
584
194
371
517
479
366
240
191
427
209
238
312
136
386
592
227
748
27
705
366
705
219
84
565
13
298
786
672
333
329
162
631
38
517
148
234
789
607
796
186
482
343
448
811
409
812
129
408
359
450
658
713
130
528
358
454
475
363
144
548
738
19
710
573
105
426
174
641
107
120
592
381
396
664
233
111
699
165
86
776
101
377
757
162
426
647
232
560
670
524
650
787
639
281
256
220
460
635
716
2
326
630
327
25
529
349
695
196
158
295
367
527
641
490
426
430
560
221
794
336
713
381
137
787
407
327
269
534
597
218
16
447
373
629
741
208
85
253
755
138
576
376
768
328
737
96
748
239
570
239
481
479
629
282
137
80
44
668
336
270
282
749
49
25
529
552
43
361
507
165
169
374
342
159
233
425
587
822
633
60
432
479
100
615
149
335
553
38
36
762
463
622
696
739
629
498
34
725
759
652
299
784
293
743
54
100
239
255
205
547
161
4
24
506
588
727
751
124
460
428
431
450
169
767
389
261
157
51
72
552
40
46
830
230
719
543
739
406
704
603
725
704
339
83
422
660
348
469
178
462
754
267
389
657
212
520
680
189
632
67
736
569
630
728
366
665
710
546
482
392
531
18
607
778
622
732
749
242
67
109
796
440
371
207
167
152
290
362
662
827
641
211
310
591
424
393
270
66
218
93
625
676
550
8
777
199
36
500
69
421
445
765
473
507
399
32
684
428
229
525
311
761
644
280
670
687
667
250
313
390
564
278
86
138
695
425
331
722
71
76
502
661
745
90
19
358
169
632
515
826
196
783
641
525
124
600
264
525
457
388
378
293
312
601
481
77
518
252
236
356
271
273
55
9
776
107
786
223
253
339
41
294
277
353
584
327
249
675
371
133
32
35
506
181
233
699
801
640
113
360
288
291
100
182
761
199
376
315
97
750
237
263
631
245
184
698
746
104
472
632
590
321
440
514
186
625
742
809
349
551
100
575
739
81
237
101
17
15
487
558
468
156
363
520
538
812
639
723
228
672
766
50
484
748
564
633
282
577
383
332
501
296
109
807
321
476
563
830
626
538
545
203
68
202
394
779
215
77
1
9
683
309
664
312
587
473
828
622
442
195
628
67
206
19
202
430
375
477
699
283
278
522
382
18
283
20
515
287
830
671
595
189
699
513
39
120
231
715
183
291
131
597
540
270
396
87
552
94
533
550
472
467
588
318
543
97
514
608
568
768
325
669
50
2
604
667
257
519
419
251
123
179
262
352
163
756
273
536
436
427
52
393
639
88
204
137
45
796
269
506
170
513
655
20
600
491
644
639
515
186
255
340
534
642
628
611
566
297
723
323
657
523
221
769
121
241
420
728
732
89
678
501
180
213
204
522
69
618
137
121
248
526
116
315
306
475
717
643
484
818
370
769
291
88
611
366
39
322
716
75
72
732
503
782
130
336
538
738
283
231
747
249
15
211
220
124
414
798
707
14
335
452
27
231
472
809
822
628
178
247
472
9
405
58
140
662
311
517
369
780
242
157
358
436
184
730
582
111
529
24
696
245
181
500
381
209
80
261
195
796
423
459
765
255
100
156
706
487
349
25
34
393
488
358
116
212
76
801
711
90
321
655
294
443
73
55
467
4
670
807
810
229
438
761
26
177
171
277
802
386
497
692
690
387
145
766
234
729
60
614
411
26
171
732
13
144
405
634
588
728
91
532
367
580
224
743
117
167
81
647
793
339
695
49
156
793
219
408
756
563
297
440
535
677
437
30
400
293
453
86
608
469
189
772
390
187
511
659
785
616
338
50
557
680
541
512
149
637
464
123
435
116
144
661
659
499
534
75
94
331
315
417
292
571
214
809
763
819
86
775
177
637
51
277
519
344
125
448
646
100
723
151
544
581
556
394
311
761
459
231
211
829
586
565
454
733
576
499
63
427
719
366
614
349
715
540
637
763
710
775
621
316
222
497
222
722
796
277
89
243
310
629
612
403
400
189
132
456
222
231
634
211
653
376
380
13
717
560
422
143
217
402
182
105
244
310
297
684
770
506
7
225
190
749
307
586
205
324
550
456
494
469
549
106
257
333
64
395
102
95
617
793
711
375
234
558
222
120
715
513
107
653
659
220
285
689
145
144
691
812
147
681
506
719
318
185
100
333
332
287
13
746
673
438
33
505
84
551
462
226
776
432
341
346
144
587
334
667
74
376
316
294
563
15
419
457
330
73
459
201
400
634
488
250
335
109
710
613
738
569
786
770
196
473
99
482
217
242
409
547
260
590
346
251
440
359
12
751
232
213
223
638
413
345
334
183
400
830
150
766
304
148
172
43
307
528
237
386
161
414
302
322
203
291
662
370
258
74
22
774
830
496
429
600
749
86
116
344
235
411
661
765
671
314
634
697
292
730
398
187
755
565
209
504
11
238
470
38
245
124
273
448
201
747
547
666
736
158
819
734
734
368
390
121
601
483
516
781
295
546
301
87
538
220
666
678
224
587
62
747
42
344
148
573
763
282
102
232
25
167
813
558
785
447
208
84
327
21
699
437
596
771
242
733
236
413
701
531
590
388
385
681
424
102
119
420
249
810
464
258
158
74
515
546
220
154
292
776
150
347
594
430
402
534
569
627
138
254
642
737
707
654
296
380
415
158
199
160
611
525
401
194
160
367
692
229
92
513
719
393
129
146
347
298
692
473
52
523
277
504
277
290
787
117
439
466
806
730
531
391
468
316
130
464
167
702
18
540
566
638
804
793
807
80
453
273
366
47
759
251
474
564
179
3
411
228
731
321
228
82
768
5
756
479
56
118
579
193
646
67
405
560
796
16
239
253
231
661
645
308
325
724
290
821
389
329
656
19
580
459
334
597
519
193
449
286
638
758
240
105
483
316
205
518
152
792
545
117
491
810
802
84
94
47
632
408
762
236
477
813
299
824
307
456
332
237
95
669
40
479
292
272
79
333
651
584
442
817
425
591
804
375
374
701
85
422
122
303
559
358
324
558
418
746
827
253
122
599
631
646
13
762
55
530
286
325
137
792
701
540
655
660
408
187
217
332
454
209
173
518
495
592
299
281
114
199
811
325
772
739
303
383
114
564
750
135
632
237
562
79
285
6
755
686
181
524
758
153
330
140
681
279
580
112
718
359
748
493
674
583
560
505
797
519
448
818
647
508
245
721
453
627
208
41
477
808
22
89
201
455
517
164
458
597
608
52
612
695
562
210
207
693
704
362
377
157
266
261
11
515
72
319
249
475
681
537
631
746
286
169
195
720
683
626
501
128
663
259
87
456
523
568
281
551
195
484
708
496
647
353
662
692
29
113
334
194
235
352
549
805
751
68
87
669
719
803
111
101
604
824
211
367
661
323
680
379
589
82
611
504
725
801
552
744
42
90
613
257
158
163
635
150
4
389
7
623
720
127
305
434
111
41
562
710
477
678
519
380
479
733
79
157
631
87
460
475
512
479
777
724
630
585
561
188
740
768
580
437
801
49
425
150
614
401
45
2
293
675
799
161
152
254
620
182
352
728
61
516
661
774
54
785
514
734
99
756
763
826
565
773
467
320
706
303
317
16
661
628
787
463
365
462
212
107
612
693
357
272
190
190
407
388
428
318
525
246
312
280
265
134
325
532
375
129
699
411
789
689
202
240
25
1
111
38
623
517
822
830
674
95
332
730
496
26
712
442
649
372
780
669
590
677
397
185
546
599
129
370
816
352
622
188
411
460
141
175
299
505
134
691
673
638
285
413
633
193
675
793
743
47
564
43
237
296
662
531
490
453
725
633
390
599
795
154
418
436
256
666
125
263
319
534
494
613
87
361
122
298
540
554
603
808
784
232
640
814
768
32
14
557
513
635
65
593
640
750
360
256
536
124
452
490
240
345
3
577
50
286
501
153
172
625
454
203
752
686
211
629
655
665
570
239
617
314
13
495
322
711
732
445
558
96
451
718
117
792
514
318
638
533
607
624
301
661
239
30
33
189
312
378
425
824
130
554
193
474
513
799
148
640
219
253
269
766
508
706
542
503
220
184
277
299
261
139
207
294
574
808
358
621
245
622
535
503
441
118
82
155
5
733
178
298
259
299
360
290
311
409
376
176
651
225
495
102
651
729
606
775
679
809
249
829
612
9
545
503
700
583
490
323
734
178
505
262
544
525
189
115
16
83
75
58
812
718
381
63
315
572
423
330
144
506
591
497
489
546
298
299
772
764
293
679
390
204
294
423
38
404
44
771
515
593
579
368
664
165
376
194
244
775
165
153
270
126
743
814
600
265
779
273
565
231
121
824
800
41
766
778
774
582
258
46
709
75
37
315
50
490
740
335
49
265
440
649
559
182
790
266
165
47
351
419
284
338
625
455
163
20
47
554
29
402
389
136
783
187
783
234
103
336
674
787
828
382
98
656
47
686
78
607
133
621
404
783
767
635
762
625
412
302
151
28
1
412
305
192
734
802
609
745
303
338
749
187
600
382
788
630
648
804
696
492
545
357
126
103
43
351
813
197
446
439
135
704
716
311
73
655
5
79
526
266
35
36
794
578
812
709
124
808
389
430
789
97
116
439
732
774
422
430
305
646
642
645
671
479
653
519
771
727
606
70
583
728
99
805
690
396
445
9
354
573
338
573
198
196
744
232
79
698
829
304
673
339
62
293
669
95
196
191
225
301
682
780
125
346
361
57
437
48
508
35
711
169
558
195
11
781
825
45
258
718
663
621
624
238
583
72
201
90
355
608
112
34
125
52
317
205
634
760
226
346
441
256
798
707
259
703
782
537
705
127
669
363
454
693
695
131
368
122
5
186
651
749
736
366
788
105
336
148
104
451
280
799
214
172
301
642
417
18
497
785
70
313
318
147
665
526
320
662
660
462
676
781
581
763
317
75
557
112
440
332
314
675
91
425
819
642
287
478
401
111
675
497
756
404
339
360
496
327
348
50
590
791
799
308
198
8
381
502
29
827
131
262
721
711
221
447
186
655
760
628
601
65
681
414
521
588
230
781
307
342
797
805
412
99
712
290
641
439
334
142
492
290
574
183
607
117
345
84
531
684
496
743
385
572
150
469
200
108
361
720
531
8
489
706
209
652
353
130
586
660
681
363
632
668
88
800
50
256
542
146
530
700
562
533
827
459
489
398
469
441
252
646
233
173
792
117
9
463
181
668
708
430
137
812
333
581
812
166
90
802
211
464
804
347
709
7
57
340
410
184
181
206
273
677
209
527
583
242
715
527
793
540
319
271
445
271
807
822
4
764
718
454
750
68
70
46
102
232
433
196
406
264
620
435
108
202
371
543
741
588
739
592
736
63
270
494
686
563
782
404
252
65
47
440
591
101
698
439
212
298
621
154
231
255
169
219
682
566
233
775
26
465
686
190
450
182
180
204
58
434
544
420
307
230
532
726
326
319
468
271
110
496
55
747
728
339
796
165
567
404
244
252
803
656
447
576
255
265
429
65
553
652
172
155
710
626
317
548
222
675
390
518
572
204
813
458
177
117
137
590
381
76
460
199
481
573
274
200
668
824
486
304
354
305
820
231
437
364
610
307
385
477
635
763
159
518
145
494
217
164
184
785
30
508
523
522
329
10
720
532
616
803
654
827
83
614
570
402
490
633
751
553
447
449
174
77
86
799
263
245
653
252
11
417
69
25
715
61
547
643
375
388
168
337
391
554
419
208
269
475
635
32
241
792
178
446
295
405
29
280
213
73
607
76
709
569
62
455
317
784
409
214
234
247
55
350
652
345
656
475
561
145
211
51
425
329
668
614
514
441
593
779
475
160
586
684
84
174
330
818
43
274
420
703
488
647
619
470
417
752
134
296
586
811
403
66
278
412
78
205
758
400
120
136
746
737
510
660
196
594
132
419
536
108
325
537
282
712
613
450
729
126
346
434
821
469
719
481
313
327
596
369
536
781
6
805
654
178
685
5
185
733
244
326
398
109
770
570
588
509
513
480
711
777
673
409
40
605
111
45
324
128
459
133
361
509
26
496
805
207
775
759
427
404
721
133
490
777
700
206
226
137
733
200
141
358
653
525
426
617
791
101
653
82
253
7
267
676
590
190
656
225
802
84
738
625
258
707
700
300
689
119
753
79
315
694
684
114
704
33
282
347
646
323
782
247
374
128
62
765
295
22
54
174
553
464
245
173
59
7
697
443
348
440
120
232
463
580
453
243
372
739
573
65
557
246
498
803
323
480
608
295
646
35
325
26
665
660
261
544
418
695
646
263
396
200
314
656
61
460
153
73
656
651
345
103
638
661
295
630
684
21
701
230
796
151
69
174
221
78
341
395
49
198
6
375
676
168
544
803
149
35
83
437
771
795
526
812
405
348
413
212
695
742
568
279
220
380
433
773
639
343
254
398
131
132
39
284
28
514
597
662
611
118
226
429
524
145
730
234
8
591
471
787
708
648
572
496
522
707
464
381
458
353
541
388
141
738
3
39
427
553
252
812
250
808
793
64
302
665
208
350
99
686
59
159
707
360
783
139
165
284
246
419
515
730
24
520
342
296
35
330
38
65
671
492
432
474
809
646
802
48
714
728
791
732
223
766
438
67
136
627
373
582
628
282
756
793
671
758
71
812
484
746
659
713
753
774
177
487
628
598
147
502
116
161
713
673
97
717
731
574
27
684
598
806
787
799
578
708
47
668
462
246
489
590
378
448
595
789
681
572
146
724
25
806
529
142
34
786
613
387
579
643
83
620
578
650
484
601
57
733
612
280
388
251
395
106
504
804
563
497
68
807
376
502
620
28
36
315
438
193
276
215
26
702
214
669
703
148
99
579
439
595
625
150
208
201
344
149
748
542
14
563
645
184
446
148
403
111
633
801
364
225
363
292
631
792
570
725
357
785
506
501
771
49
252
300
300
163
89
793
282
29
579
517
352
351
662
424
55
742
470
301
412
763
124
820
290
48
630
385
656
222
541
130
588
634
820
700
608
220
231
493
202
679
76
257
580
160
170
640
756
580
426
552
828
77
468
25
272
11
521
828
666
214
268
246
205
211
40
175
762
164
815
541
463
436
634
315
543
603
187
423
805
30
187
462
406
106
745
8
173
582
280
90
518
830
364
583
714
801
633
202
385
608
354
350
630
775
749
282
429
735
535
329
474
585
88
811
166
475
522
332
461
581
760
438
325
366
829
131
502
556
789
517
745
354
390
830
509
813
673
114
208
799
24
704
274
319
322
788
557
263
443
300
251
67
299
371
576
618
385
257
139
190
163
813
91
296
235
100
704
85
167
471
330
212
757
95
487
333
570
740
783
177
663
722
191
577
18
523
615
387
58
752
173
214
158
505
499
199
344
128
397
97
713
21
508
466
28
586
620
304
39
624
384
816
644
265
347
203
786
566
708
238
100
772
623
18
62
603
573
146
395
413
587
156
146
581
592
252
593
161
744
313
426
16
506
92
611
220
811
72
447
717
421
18
218
133
20
313
2
483
192
605
499
220
305
219
484
142
803
329
237
161
437
29
587
587
709
333
608
387
776
34
490
138
297
508
337
104
581
451
327
58
381
575
611
367
700
815
69
772
224
333
495
749
294
830
205
541
649
482
564
207
698
77
153
188
304
532
629
112
657
376
754
574
554
714
352
382
602
325
766
364
214
450
130
683
336
67
90
247
427
807
276
364
633
359
648
388
223
511
546
635
47
405
68
548
414
179
167
434
263
448
380
510
735
302
730
374
268
501
259
604
797
641
233
27
242
402
14
647
461
711
71
630
281
611
620
224
633
637
712
491
545
382
412
98
566
789
437
94
276
643
714
757
90
822
123
445
10
602
742
494
579
9
313
394
286
411
536
151
396
466
5
474
513
263
813
131
283
73
74
723
21
225
429
785
739
744
391
670
200
185
234
364
448
210
570
756
39
52
821
300
226
64
174
758
687
309
631
361
604
606
745
758
386
728
298
212
205
588
561
114
10
40
69
402
632
672
406
77
488
306
686
475
504
395
99
650
590
764
199
238
640
500
120
210
465
577
756
798
828
82
393
581
172
208
774
237
690
77
684
582
159
205
34
712
543
126
622
693
26
436
52
608
12
40
400
178
694
186
683
453
303
734
159
534
356
681
609
368
452
111
480
138
321
212
457
537
369
265
333
385
730
727
381
321
782
733
332
43
606
498
108
287
264
561
180
421
261
451
447
267
495
277
762
742
134
235
740
84
720
824
175
407
556
630
352
734
68
519
678
351
152
201
655
474
251
389
683
561
825
79
743
655
488
107
801
632
394
67
651
499
56
307
395
78
400
661
155
23
481
781
765
296
415
809
821
314
414
532
516
218
76
568
585
251
632
705
719
277
192
438
474
694
185
695
739
806
213
297
162
376
301
270
32
602
498
146
485
608
542
454
772
513
486
54
518
503
104
272
236
351
382
740
271
741
800
330
357
261
20
686
325
370
466
637
99
391
462
263
188
791
152
328
103
42
751
649
762
311
400
596
780
29
519
52
676
602
625
577
49
572
96
163
493
747
363
703
44
651
489
756
69
763
741
144
206
329
255
663
182
546
577
218
354
322
168
294
656
792
125
501
362
354
188
653
634
132
736
72
511
375
260
724
107
399
453
520
244
495
500
193
160
530
284
825
358
599
161
360
244
146
304
295
792
748
44
17
701
751
589
129
168
824
742
784
323
439
358
644
489
508
744
320
524
49
742
284
714
698
283
441
71
349
57
273
214
523
43
569
595
291
316
226
457
290
730
383
761
371
82
465
151
160
243
7
252
373
429
273
774
474
482
816
652
254
580
829
313
39
283
349
177
758
542
284
330
373
804
29
124
713
581
760
478
32
34
408
76
631
629
438
77
123
522
205
249
471
578
609
313
585
125
75
93
382
257
205
347
131
550
374
44
347
667
302
825
704
458
230
31
489
354
197
571
93
791
142
784
235
759
530
764
149
588
189
242
729
711
350
24
670
50
367
824
702
641
830
451
777
224
359
546
136
95
179
412
158
668
475
343
8
106
72
435
23
788
624
606
212
83
368
484
630
289
165
565
324
647
529
133
328
198
679
714
431
188
158
1
742
121
770
722
175
357
497
289
108
199
600
247
286
617
69
757
595
395
19
639
82
654
668
712
143
350
330
759
673
672
299
795
433
42
469
819
242
105
554
340
429
667
7
702
706
826
564
442
457
140
546
408
711
389
750
543
663
2
309
561
154
16
62
371
631
85
542
9
698
342
364
216
384
566
509
164
264
221
59
126
372
188
667
167
680
144
155
648
269
306
599
528
257
434
668
6
38
127
111
570
36
237
731
101
28
713
614
288
823
801
35
807
299
545
469
119
540
460
660
156
237
292
35
700
606
140
787
512
134
606
434
438
545
570
397
754
185
225
633
250
536
673
597
365
409
237
316
115
482
620
443
694
418
105
667
93
463
630
517
778
535
673
790
432
505
307
5
582
372
480
170
439
811
479
326
284
719
623
149
557
613
636
325
406
177
42
782
378
534
311
483
507
480
568
526
171
380
345
454
161
500
282
269
399
685
433
182
635
229
407
204
23
309
707
598
694
155
116
208
791
209
408
261
307
571
327
675
705
539
9
120
40
443
372
329
440
227
310
219
659
571
318
669
810
126
523
95
460
618
561
359
627
303
558
284
492
543
10
622
145
206
178
361
545
405
384
809
414
830
492
707
788
655
67
230
154
182
651
303
70
774
452
685
205
612
208
397
352
174
781
658
443
710
467
527
793
243
824
220
326
443
161
506
543
338
757
190
558
654
384
279
567
490
242
121
280
84
689
474
637
771
509
423
211
761
339
153
40
172
378
9
491
395
126
719
188
220
287
401
235
692
370
665
210
429
707
26
134
682
219
765
728
629
594
709
227
560
175
690
162
141
473
73
535
512
286
603
558
828
602
624
444
738
229
353
817
151
161
687
162
614
627
829
666
360
438
818
35
409
214
434
298
440
550
765
805
588
478
214
673
349
552
295
277
789
256
399
573
810
33
392
668
24
457
16
741
602
576
314
130
477
32
618
709
627
516
225
609
803
32
786
16
566
519
270
327
586
567
161
543
210
367
641
475
601
167
148
629
238
452
706
182
444
719
254
199
535
539
134
150
300
620
680
638
174
431
632
474
618
316
494
256
694
106
509
530
505
235
51
170
85
391
814
304
726
401
679
351
732
640
456
408
314
488
751
111
502
678
441
418
589
338
316
711
398
7
69
331
520
819
615
362
210
727
506
167
270
775
606
134
434
100
429
498
229
31
176
248
673
741
61
680
682
236
104
502
451
778
33
268
178
32
392
126
642
315
77
465
62
673
347
372
428
269
373
586
774
329
326
758
503
375
631
591
549
724
680
135
522
323
242
204
52
96
242
452
407
552
757
53
125
629
95
144
441
573
111
117
351
465
344
621
85
338
109
50
217
134
248
560
116
107
158
608
496
809
221
734
489
359
541
269
619
503
213
23
796
555
45
497
639
385
410
553
259
465
747
352
514
356
181
690
44
783
775
737
181
467
536
729
262
38
223
766
292
374
775
46
164
49
41
165
511
215
314
610
530
480
303
796
721
204
504
472
535
110
761
486
445
122
726
13
605
134
671
758
828
266
456
126
427
750
461
485
208
231
47
764
149
518
489
606
619
26
9
501
336
711
254
187
253
583
24
798
61
815
588
392
238
31
145
92
306
119
140
667
474
772
755
228
353
750
348
15
762
522
468
292
522
800
461
153
49
61
206
207
446
683
227
719
198
472
466
142
65
121
432
360
669
287
280
766
815
679
77
205
630
257
317
637
233
565
310
153
237
436
479
776
722
652
16
229
540
35
424
628
356
70
639
759
704
723
7
678
305
399
382
392
304
222
150
137
688
247
373
799
58
789
151
118
363
792
590
675
428
182
61
509
3
183
744
281
507
768
362
404
55
510
54
335
154
332
50
555
445
678
624
192
222
691
2
469
328
332
270
451
368
240
648
452
366
380
119
619
543
9
317
690
706
417
265
326
415
480
504
479
345
25
104
257
573
712
782
184
235
369
816
38
385
47
370
113
241
26
523
55
524
424
128
591
544
435
478
146
123
10
165
53
537
216
323
690
213
724
150
478
109
676
115
104
703
686
231
818
513
427
125
38
347
539
820
60
505
775
225
84
280
482
531
671
448
479
451
682
772
683
639
762
811
120
68
460
138
162
403
221
294
134
689
335
477
154
143
12
785
166
554
529
744
254
798
447
443
457
290
715
278
830
114
122
548
85
745
488
671
28
433
261
669
637
695
3
202
147
622
179
614
744
148
692
199
50
598
502
91
140
122
357
425
264
122
206
746
1
281
378
551
593
487
81
516
718
808
769
528
582
270
741
16
780
468
660
290
515
803
501
430
113
272
281
524
483
457
183
781
20
680
175
588
716
298
823
42
647
386
146
715
392
170
626
567
766
372
208
498
405
249
797
439
717
494
348
662
182
829
388
576
250
341
85
786
396
566
33
57
54
629
687
451
527
346
166
774
724
150
155
417
690
558
309
778
36
557
256
390
332
688
151
475
226
803
621
334
189
653
222
240
212
562
461
635
203
307
154
703
698
29
288
722
234
692
268
346
682
617
259
206
78
558
570
438
498
556
43
278
540
581
619
203
560
236
805
291
351
541
672
444
118
671
316
75
557
266
67
731
148
301
97
733
562
819
712
427
295
108
281
682
636
617
354
224
603
592
197
40
17
744
244
84
664
44
237
556
540
750
25
80
400
392
118
611
647
336
773
824
77
610
508
69
146
236
44
577
501
430
132
315
415
328
400
372
350
716
156
384
35
347
666
595
103
487
137
128
786
453
719
771
816
510
631
415
264
622
796
300
379
84
670
150
626
271
821
715
65
514
810
163
245
529
793
347
457
775
54
362
406
296
93
281
415
267
732
766
144
127
522
785
560
480
570
72
5
486
175
760
338
423
125
526
768
313
409
175
702
87
823
587
521
328
401
508
208
711
551
280
634
547
331
534
305
703
741
196
213
605
145
55
598
560
204
100
794
827
199
734
128
644
498
188
258
374
708
702
478
537
125
325
204
442
689
228
210
377
337
826
520
158
433
576
788
173
622
350
567
292
165
346
361
93
618
146
441
700
293
117
242
33
544
256
96
726
115
319
375
576
132
702
488
742
160
473
694
488
413
524
259
488
76
267
75
788
218
335
139
68
355
582
25
331
266
351
550
816
502
281
821
163
353
753
70
239
269
444
593
308
780
634
635
816
805
474
74
559
49
761
265
213
363
385
625
143
586
171
23
659
243
308
391
804
423
456
290
512
172
427
716
97
267
636
682
248
666
151
609
165
285
498
555
159
361
557
50
59
51
679
651
827
463
199
419
351
464
121
756
55
674
406
21
53
778
452
474
23
760
86
720
662
553
453
438
162
791
812
102
517
149
648
562
293
796
84
458
718
80
161
275
616
368
653
113
665
32
707
331
489
405
213
464
510
212
769
105
413
260
773
816
303
380
282
275
234
641
144
227
194
162
735
811
414
627
568
767
327
13
205
361
145
558
76
797
728
19
392
201
750
373
437
508
229
279
685
174
415
649
371
544
3
693
745
379
700
724
9
371
5
556
635
310
801
743
558
106
578
673
210
687
441
305
747
813
681
220
273
54
34
41
377
304
580
256
227
717
430
129
805
155
404
560
821
290
576
348
653
171
142
131
464
525
782
527
536
373
455
186
710
117
317
768
264
353
807
738
308
565
114
502
81
583
442
617
211
602
46
703
608
305
499
359
491
767
449
335
826
241
68
83
110
382
654
114
21
612
266
402
495
772
647
243
649
828
395
126
820
481
533
713
573
117
89
667
572
175
608
138
385
498
637
750
217
180
305
260
730
78
827
509
586
43
373
206
227
200
673
665
188
701
475
432
118
767
775
244
365
417
661
480
402
682
228
450
160
380
557
356
624
338
689
828
639
404
365
306
157
121
191
399
804
504
19
551
803
310
691
169
448
159
327
463
451
386
173
423
764
375
653
174
299
657
133
587
57
675
737
546
823
42
474
183
677
333
244
173
495
530
451
719
213
21
579
301
406
554
324
478
271
50
699
485
770
717
201
534
794
145
235
290
716
180
324
65
698
192
410
756
170
171
582
8
686
520
215
3
532
685
96
630
341
392
481
15
398
15
474
599
42
451
190
666
159
87
575
320
531
480
334
572
185
708
412
766
292
322
251
462
616
467
723
269
91
775
528
659
275
717
423
663
770
775
231
567
383
490
398
215
18
653
375
590
44
176
627
761
807
422
311
622
605
793
205
438
693
414
701
793
107
593
734
456
763
330
248
766
444
538
220
731
460
317
460
45
630
694
264
314
45
575
357
232
135
676
212
182
122
709
507
201
407
18
752
277
364
672
317
531
666
694
34
190
689
578
528
775
93
460
578
615
349
685
282
600
377
45
567
618
208
1
101
299
565
199
664
680
687
819
508
346
409
290
772
72
73
72
601
682
686
147
187
393
327
827
11
90
644
413
77
4
565
471
409
275
829
569
203
679
155
249
714
436
387
66
498
55
646
585
775
604
447
743
651
826
13
517
470
48
155
197
21
352
235
821
393
421
167
292
673
1
222
632
212
220
275
208
22
770
717
741
464
691
683
16
300
65
321
718
508
828
111
604
457
573
73
250
532
391
569
121
693
805
570
495
270
57
582
132
829
735
821
54
359
591
17
603
431
662
536
586
573
810
770
158
364
515
470
292
668
784
609
434
777
53
458
51
150
466
84
259
218
204
362
701
663
377
759
496
583
763
419
650
369
572
311
297
768
781
310
749
668
254
39
713
689
534
91
808
238
824
315
760
473
585
651
368
54
640
18
202
389
813
340
320
206
277
727
362
3
588
336
625
168
376
263
814
529
504
659
709
447
174
685
422
782
123
234
788
583
497
603
297
27
31
224
528
656
702
291
166
735
414
673
545
380
58
538
394
551
454
749
185
436
24
117
745
549
184
427
664
230
462
310
401
224
205
223
275
632
330
2
732
383
746
589
430
183
33
68
133
500
377
153
344
280
461
126
183
97
368
714
773
81
756
222
768
330
302
830
266
772
708
216
447
220
758
540
679
158
745
743
693
807
525
783
607
259
736
48
289
4
794
128
673
805
401
559
278
276
373
504
91
326
605
193
127
379
281
372
236
416
384
465
154
802
120
575
492
326
433
300
589
722
48
572
778
41
812
555
72
370
575
86
574
544
351
305
696
170
122
802
514
225
170
619
294
735
628
783
725
709
53
380
379
193
67
490
233
240
543
73
108
612
130
522
656
21
437
781
557
618
627
684
476
99
663
330
86
181
170
180
783
523
319
660
531
166
4
587
443
669
772
669
342
754
305
264
199
542
670
120
490
109
817
817
134
711
31
132
506
251
441
295
799
385
528
242
185
90
312
410
763
387
66
471
535
624
19
521
637
468
433
763
398
760
138
418
650
314
59
622
281
684
506
136
302
433
817
773
570
474
56
360
519
357
397
714
462
28
397
429
471
674
480
711
21
473
519
242
88
286
553
42
398
159
120
764
199
508
510
357
179
37
523
687
371
98
556
824
431
736
562
755
377
416
167
711
469
687
189
304
690
399
251
54
475
488
420
640
514
747
572
591
283
716
73
623
382
558
331
745
255
418
168
673
745
698
778
162
558
809
631
104
675
198
650
365
24
542
829
260
212
676
595
263
124
541
765
546
210
397
215
395
78
567
34
14
795
187
579
313
443
160
777
487
500
699
230
491
520
772
475
161
136
11
510
659
826
16
592
93
679
289
467
215
768
764
168
119
829
69
206
245
778
505
614
214
758
468
339
443
212
4
713
179
54
614
429
278
486
713
516
74
95
388
598
40
384
156
163
793
135
325
796
358
160
651
646
214
439
335
116
812
803
205
505
122
368
282
147
782
611
463
52
204
205
37
338
246
721
295
358
19
707
162
308
72
456
134
465
686
523
160
276
284
542
607
764
413
400
53
560
754
47
600
114
309
155
441
436
450
829
89
348
310
218
110
31
568
558
628
777
307
615
811
338
796
545
627
686
472
17
98
150
102
215
432
349
643
48
492
441
131
2
716
626
587
744
293
828
604
211
195
506
614
779
245
266
492
672
123
745
183
782
70
102
288
397
374
495
186
2
423
703
163
611
295
53
798
611
299
206
745
802
61
298
293
185
4
29
467
737
696
236
109
719
589
811
11
92
262
759
677
407
329
279
329
268
487
757
702
25
342
132
504
673
272
89
648
691
361
516
113
162
159
701
27
667
162
418
637
429
449
93
647
454
381
214
800
372
520
476
110
503
102
77
651
73
116
49
149
738
280
634
722
769
269
605
437
459
16
302
575
799
220
779
272
683
585
161
640
399
433
156
655
132
81
812
146
478
404
239
165
61
383
704
220
706
405
717
62
148
206
575
185
522
79
356
224
656
100
271
363
785
682
767
533
145
793
705
662
830
356
495
306
101
657
390
275
350
383
732
801
409
317
496
668
194
328
525
479
122
796
434
377
485
353
712
182
507
239
2
735
775
543
67
403
50
203
484
71
785
214
716
48
427
540
218
112
144
615
180
425
159
635
530
705
327
4
116
30
508
506
678
435
780
161
576
545
735
575
571
795
419
328
752
293
289
72
597
105
40
554
590
46
644
406
111
369
159
175
708
753
787
446
271
770
827
1
255
54
593
779
770
669
428
615
773
583
176
405
773
234
215
351
198
484
117
111
556
816
634
579
119
462
192
9
752
597
34
531
295
153
704
214
604
378
593
216
514
777
764
60
675
363
462
76
179
738
252
356
805
121
106
429
100
40
337
99
247
747
22
744
348
53
26
663
91
595
39
394
782
727
348
355
557
574
130
201
406
717
726
566
389
666
762
686
814
275
605
450
7
194
325
234
107
272
736
481
503
572
743
739
535
269
305
286
347
368
554
226
28
374
309
536
126
828
828
771
544
407
632
19
399
104
285
587
120
380
435
600
340
791
521
767
14
730
485
106
824
675
627
667
639
418
616
762
62
456
660
469
815
179
216
470
400
46
562
610
358
132
389
216
530
153
404
561
243
41
621
187
362
416
561
574
533
794
733
562
605
471
516
106
179
311
827
313
546
715
596
796
129
191
63
410
448
713
281
609
109
227
21
685
657
466
373
810
373
632
294
783
494
293
306
402
409
264
787
621
32
575
424
750
672
390
172
478
407
191
226
272
792
173
280
70
27
35
419
304
785
828
752
92
5
177
65
480
299
364
559
184
712
476
102
617
517
54
123
102
666
225
242
292
148
491
633
806
336
34
620
272
374
341
685
499
254
483
731
357
74
807
291
818
196
274
627
611
255
265
761
276
658
175
211
707
590
703
207
59
293
676
693
433
629
632
613
588
375
176
214
408
268
468
819
117
799
150
462
618
453
480
588
361
627
790
449
152
468
806
388
584
430
185
397
98
623
804
241
705
322
303
612
496
555
825
66
681
715
600
131
71
79
775
807
473
146
807
709
666
125
136
599
817
506
236
361
281
779
212
457
89
270
430
458
103
191
209
635
796
804
684
348
289
811
689
112
641
58
688
20
52
76
463
15
812
213
623
489
470
186
753
387
631
33
677
24
188
153
178
99
176
237
388
609
155
758
524
305
113
49
336
177
489
532
215
571
774
485
375
651
827
370
328
356
615
587
510
106
542
812
536
288
569
175
56
344
503
130
393
159
54
211
641
582
662
72
195
697
316
496
73
423
490
157
708
828
766
630
183
254
415
696
726
553
572
593
396
276
430
188
27
800
238
445
523
311
454
706
773
86
548
724
239
719
62
828
128
551
551
428
503
808
30
759
562
408
455
240
828
600
426
213
314
482
321
655
53
302
240
471
422
640
412
505
560
27
108
40
828
326
271
233
513
82
393
286
345
403
619
355
191
519
244
624
148
371
185
804
465
782
210
127
67
142
792
390
134
90
646
497
456
616
88
328
235
777
820
740
517
601
685
352
562
636
247
425
801
607
132
190
532
267
805
799
596
326
540
151
520
451
585
689
307
558
444
578
184
423
813
79
555
455
287
764
467
337
503
263
615
112
737
114
415
786
92
767
338
786
311
387
314
790
586
527
235
735
771
660
196
823
55
21
664
510
151
603
788
156
664
429
789
638
296
393
815
441
255
818
490
595
637
18
609
280
433
58
73
273
233
276
270
263
300
577
804
10
750
28
335
505
687
249
178
351
10
491
202
98
64
420
225
555
590
297
325
289
275
441
808
99
223
488
29
825
149
544
472
812
57
486
303
74
622
272
100
138
543
266
345
793
307
161
457
766
321
639
557
392
766
426
570
108
385
221
488
178
231
489
427
783
125
371
435
139
219
212
451
62
324
264
319
804
457
721
600
107
156
662
514
193
49
555
1
479
799
767
429
477
529
307
597
448
514
387
422
778
4
251
97
336
482
561
491
269
340
505
160
330
341
678
697
457
279
569
527
182
397
804
318
455
352
13
419
436
650
280
327
828
539
213
78
609
132
537
727
343
459
115
362
642
126
615
631
399
79
532
615
695
350
495
750
611
392
820
558
47
319
680
84
788
119
36
753
559
164
205
757
561
449
50
293
448
303
286
664
159
531
189
315
806
677
449
510
565
73
737
58
733
125
64
262
777
387
305
535
77
136
436
784
502
37
556
767
470
454
653
827
806
99
30
97
22
110
81
713
574
824
784
584
633
659
16
580
393
36
139
575
817
153
380
826
278
668
738
327
618
619
547
435
476
725
164
256
530
430
158
468
357
401
130
182
382
607
830
192
628
564
418
681
187
759
440
713
52
432
525
177
522
260
676
48
751
41
19
113
207
285
566
353
685
624
127
798
228
572
107
214
456
269
608
157
429
131
320
315
322
210
55
110
431
678
579
283
323
505
788
701
29
700
391
161
130
428
493
368
765
802
170
510
787
498
455
494
489
458
389
815
134
487
362
191
27
205
700
134
234
154
252
393
180
434
143
409
272
159
159
366
659
550
169
342
804
268
41
391
61
164
11
718
615
37
571
228
691
610
810
126
419
318
296
187
174
516
651
139
802
496
25
447
327
160
796
17
791
804
434
181
359
558
817
413
118
608
327
538
437
44
466
596
232
336
776
147
72
753
534
616
689
620
318
412
402
274
710
813
130
256
800
710
286
601
676
179
505
757
671
352
216
320
525
129
680
313
393
568
718
479
292
122
219
171
162
260
612
512
284
601
703
736
434
409
401
476
171
86
804
10
450
567
666
828
82
255
644
24
519
502
27
230
599
426
200
470
626
300
326
618
760
11
174
334
443
438
511
357
223
592
180
156
15
444
223
421
411
51
421
513
695
131
154
670
705
671
775
46
647
14
389
651
57
346
742
42
563
826
828
3
811
182
276
492
84
622
130
788
552
215
577
158
292
721
757
233
613
544
765
816
578
803
227
360
178
48
478
605
80
122
82
221
298
131
826
282
147
528
162
448
454
466
503
297
335
668
447
416
791
12
276
333
634
710
275
637
306
688
273
640
290
826
246
236
276
806
557
398
90
827
414
85
647
91
54
624
760
797
400
548
759
802
170
824
672
681
440
789
223
11
684
809
346
457
752
398
661
562
122
150
188
678
623
249
171
317
617
288
441
643
262
113
430
197
342
559
280
302
393
373
292
721
650
417
453
694
626
494
213
790
669
301
413
294
720
17
210
274
563
43
309
385
551
68
778
130
170
414
46
737
796
755
675
554
678
519
822
487
61
130
459
164
652
773
614
135
127
198
190
72
263
598
191
559
401
583
749
255
334
629
801
294
284
389
358
158
384
149
339
253
63
632
719
311
111
237
637
11
148
110
764
392
238
24
334
269
258
339
475
10
549
215
275
771
464
386
333
71
791
221
747
703
688
391
592
122
637
601
264
68
415
151
209
134
780
662
617
53
247
305
718
685
223
392
481
477
482
297
109
8
370
688
512
217
602
681
798
108
618
212
124
53
4
162
242
748
687
42
477
485
504
434
215
71
302
520
49
182
515
553
475
777
290
195
650
161
179
628
489
621
761
765
801
129
447
674
417
610
606
42
356
418
653
811
628
155
24
789
656
118
332
551
201
826
614
362
581
780
240
551
623
699
43
761
156
63
762
683
23
688
360
769
454
625
148
642
27
706
776
828
438
673
527
121
650
447
727
811
522
389
713
86
194
201
211
124
19
421
733
528
491
647
664
822
147
619
196
387
664
359
48
450
611
350
106
627
435
429
19
806
409
675
433
344
368
151
789
110
746
124
746
717
398
297
468
195
614
630
148
815
763
279
676
29
431
656
168
14
22
7
581
773
63
229
77
172
157
328
228
135
460
185
130
457
392
276
203
245
255
412
547
124
777
699
124
324
319
589
91
554
568
310
62
193
743
216
93
453
765
492
182
716
663
287
708
805
735
319
743
174
701
53
537
719
347
254
699
695
118
720
362
470
192
534
3
143
518
15
681
710
767
12
369
250
147
742
466
66
464
620
66
598
582
211
600
706
759
643
808
725
734
785
80
30
59
636
624
651
151
672
534
518
357
112
18
629
506
283
290
485
680
165
773
326
170
298
63
774
806
28
740
759
714
371
486
797
401
793
283
55
759
149
289
339
404
278
256
630
215
428
79
566
676
130
229
466
584
220
186
659
694
558
791
732
189
218
702
299
519
750
190
686
757
321
293
737
280
631
134
380
241
525
389
450
170
317
410
748
63
161
221
575
336
544
722
573
146
679
596
177
288
199
290
270
67
802
561
494
279
466
344
227
586
333
673
414
337
526
76
196
707
639
449
266
149
181
669
272
375
141
92
383
40
130
393
52
92
188
374
416
726
448
423
171
142
680
826
111
219
264
773
408
288
719
595
121
124
96
606
166
616
257
626
654
374
133
211
519
758
370
777
89
566
8
563
277
546
76
47
761
522
372
84
618
663
603
441
282
122
265
621
190
636
663
173
674
263
657
41
115
369
418
733
37
84
312
355
597
528
624
423
735
243
498
415
223
390
760
149
519
155
61
46
123
456
772
421
207
121
72
160
106
400
744
43
483
716
310
789
249
735
59
190
360
720
344
337
483
710
164
27
354
756
440
728
728
781
745
524
744
780
616
313
573
671
787
719
347
532
446
355
202
313
67
678
638
505
751
538
20
380
10
253
479
624
219
23
618
8
707
34
529
307
500
137
269
756
164
145
720
464
810
485
544
295
293
688
203
595
257
124
450
431
660
538
211
532
75
212
519
381
124
402
220
814
347
639
461
462
200
707
488
562
259
442
223
820
734
589
201
371
269
356
10
787
257
695
776
412
679
118
392
409
677
815
204
59
696
575
702
310
504
396
528
15
771
594
811
490
66
616
816
748
708
718
607
730
165
588
717
813
278
90
558
426
543
141
638
465
540
234
753
59
573
308
623
508
179
802
33
178
695
5
649
49
106
344
37
638
450
236
213
465
152
442
479
310
732
469
444
474
465
682
87
557
423
830
497
652
35
517
2
688
617
292
613
251
761
98
1
558
176
512
650
585
190
154
738
402
286
714
437
109
372
293
415
603
789
367
196
151
814
271
811
773
612
701
163
202
333
26
174
27
722
809
581
583
544
701
687
81
211
595
450
565
298
683
748
278
679
99
51
684
376
519
532
578
323
802
575
797
334
264
684
11
657
306
627
770
174
50
101
516
793
348
234
392
144
337
487
87
450
707
293
409
141
700
231
521
203
802
53
664
229
199
827
176
830
690
54
819
54
161
322
316
105
287
693
302
232
807
41
108
128
635
348
755
546
404
634
588
593
555
584
41
215
809
192
441
173
254
513
566
828
198
240
211
661
566
810
284
289
815
4
497
573
296
264
687
146
45
613
689
90
377
775
764
476
675
353
471
686
330
499
588
457
302
31
681
374
694
97
721
310
534
450
808
99
439
470
230
779
184
744
820
181
536
823
558
735
40
34
361
659
511
679
201
67
431
201
221
679
386
286
728
266
350
464
293
739
71
789
564
376
808
471
645
399
45
1
607
761
481
714
656
725
586
299
727
411
392
513
211
161
474
786
810
84
304
148
694
775
51
705
523
543
77
385
274
124
641
211
325
509
131
293
324
790
101
743
21
337
172
388
545
569
613
461
493
420
782
322
785
389
590
405
355
784
338
606
815
160
741
391
94
4
350
304
474
129
485
133
42
276
453
387
769
627
786
85
224
150
580
730
608
517
95
135
751
481
585
247
185
248
118
132
388
24
222
59
261
711
375
677
42
288
684
689
624
469
187
35
585
208
729
129
581
105
737
134
74
466
671
756
692
455
271
456
689
84
789
685
521
183
256
513
620
130
215
376
377
490
324
57
229
329
230
808
166
795
435
82
399
789
735
747
500
828
759
742
314
49
648
725
131
518
589
94
105
430
81
780
583
355
73
77
172
200
451
412
755
422
427
634
357
667
289
77
616
354
260
445
194
582
811
315
737
828
305
411
384
447
369
698
81
194
190
263
121
44
312
325
511
227
769
456
629
583
361
709
462
264
707
246
146
477
93
3
479
284
401
658
5
489
249
129
309
212
109
482
107
284
511
121
239
755
785
703
338
577
54
703
564
253
428
713
608
258
345
737
130
747
436
663
802
584
712
106
500
6
474
547
603
492
266
471
130
76
530
794
761
739
356
780
364
544
203
477
805
647
626
278
502
668
107
66
364
180
793
484
371
461
233
769
148
84
175
240
151
273
801
538
388
798
590
391
718
688
657
366
753
294
778
736
626
124
501
540
133
809
501
646
193
171
770
166
273
321
167
153
1
536
62
105
747
619
451
665
320
170
618
596
163
649
132
744
474
460
457
452
183
825
509
8
530
308
102
793
282
278
467
330
493
593
244
479
213
251
40
566
284
89
804
678
267
389
739
230
690
301
738
413
128
181
700
505
304
66
667
591
42
76
637
473
572
203
424
39
372
580
55
484
79
610
792
321
800
344
217
549
507
322
739
530
210
629
765
823
388
567
96
247
403
460
699
293
821
119
218
434
783
227
375
195
805
503
325
348
522
399
585
747
520
336
823
807
401
439
411
655
324
524
497
617
484
661
771
727
534
410
340
89
153
554
766
29
462
763
620
653
637
594
443
416
403
740
590
696
387
154
648
623
31
441
728
762
748
347
506
67
759
24
825
370
61
660
70
188
151
436
219
421
600
704
157
197
214
338
579
791
362
409
534
170
379
83
440
60
295
763
192
495
36
815
609
423
722
729
639
271
87
432
745
194
269
69
711
773
143
225
537
634
167
260
458
701
480
618
424
315
645
191
399
146
782
345
108
155
231
535
219
706
329
208
179
298
239
288
704
231
406
161
46
481
561
629
14
353
682
141
539
59
227
479
422
585
405
169
668
818
87
117
249
342
406
679
520
165
762
569
474
365
804
755
185
328
826
178
528
334
186
466
383
184
753
19
578
407
281
558
212
643
772
34
86
36
721
268
146
778
714
778
182
401
342
712
452
674
325
816
380
671
440
220
184
195
662
86
535
701
613
469
719
168
246
482
148
372
69
661
136
399
522
77
651
10
476
808
272
794
779
116
594
536
620
332
688
335
264
204
290
401
510
197
611
224
315
171
535
309
249
681
576
697
724
435
405
620
271
614
792
761
591
828
15
307
474
747
304
254
625
660
228
322
547
8
60
170
182
480
52
91
431
270
415
229
565
378
480
120
208
818
229
783
277
669
105
280
356
117
407
829
818
476
757
669
482
80
490
229
253
806
694
582
60
488
348
803
728
800
666
220
294
820
403
331
650
745
296
327
591
671
791
753
678
5
408
19
45
212
359
245
651
513
473
726
608
824
383
795
252
354
95
764
58
559
300
166
14
138
362
819
359
776
801
476
484
251
483
14
77
122
505
111
426
508
758
477
391
682
455
270
90
350
194
789
714
136
738
595
33
803
578
558
548
724
393
601
562
271
782
702
681
41
412
161
235
611
637
489
373
755
46
722
347
736
451
345
521
313
210
708
786
353
609
81
322
112
644
730
618
776
602
642
781
280
205
721
93
780
668
334
337
37
21
71
792
29
275
350
599
65
113
678
296
739
415
770
719
709
348
611
355
148
272
518
491
804
86
319
107
251
370
235
478
2
690
343
412
54
658
236
492
536
343
819
709
651
504
359
102
729
752
703
644
331
637
383
28
108
680
730
364
786
683
86
810
196
40
794
161
389
709
414
360
772
117
558
480
232
333
182
286
397
168
162
601
197
327
263
539
465
635
536
233
183
530
285
289
68
574
644
286
747
748
361
217
48
466
477
355
264
476
573
478
681
288
356
605
630
35
523
517
414
498
507
475
663
826
165
197
101
681
773
534
485
17
292
24
607
416
285
88
447
490
608
499
213
403
308
133
812
218
138
206
759
548
779
478
444
536
507
646
465
684
285
506
478
81
509
285
752
686
550
480
275
239
235
516
717
179
229
536
707
191
14
462
177
621
543
529
122
68
698
105
392
137
520
579
574
243
153
288
553
761
234
757
618
322
54
175
126
266
160
528
257
31
369
537
65
495
434
568
504
96
709
739
247
618
413
11
285
166
304
686
443
629
651
637
215
826
123
280
238
137
377
372
507
352
159
446
393
362
478
524
814
579
628
162
504
526
244
469
217
261
629
476
698
790
309
265
567
276
452
209
27
144
638
567
614
504
614
363
343
224
665
164
785
465
539
158
125
549
23
686
714
166
562
571
273
99
295
157
253
267
253
191
188
485
479
659
224
218
759
168
239
277
395
131
813
118
424
298
120
383
627
513
99
590
291
277
88
829
387
565
693
594
722
367
737
338
694
177
606
264
126
359
325
661
511
350
564
287
53
280
792
54
624
555
641
566
420
305
351
10
603
255
341
634
298
249
510
205
560
199
397
477
447
410
805
595
715
66
580
456
697
395
259
761
511
206
306
160
31
223
824
187
698
287
123
511
214
795
580
331
692
337
505
92
807
216
602
628
735
688
697
499
474
696
790
531
691
160
690
632
294
77
78
279
369
317
34
197
814
674
433
553
127
639
286
578
447
108
541
253
278
365
228
596
209
207
255
791
47
102
540
709
13
88
8
773
649
296
691
383
674
43
440
545
423
537
211
785
583
505
642
427
26
101
367
188
440
762
194
214
32
767
432
680
79
86
169
334
697
499
669
425
387
623
131
529
238
269
412
255
381
338
308
705
790
68
285
630
185
554
656
311
653
698
325
815
411
790
162
669
438
600
545
253
63
441
828
473
780
496
456
718
705
151
569
774
37
406
387
740
377
540
549
229
259
373
633
303
389
439
568
168
310
181
151
197
829
280
731
694
656
716
75
581
196
531
623
221
76
58
514
455
231
405
295
568
20
302
363
145
101
704
362
308
821
350
595
429
222
136
263
759
24
437
199
194
768
549
96
536
631
374
269
666
49
627
310
665
146
792
488
411
23
816
345
584
639
811
365
600
57
438
800
547
351
467
626
346
497
3
671
154
48
156
478
158
659
473
781
762
529
522
533
670
134
293
344
345
715
45
327
367
388
573
614
41
382
682
700
461
279
50
448
484
678
734
381
573
493
561
795
136
526
806
581
224
145
336
401
184
2
382
564
74
202
793
584
489
74
622
778
643
811
815
543
7
266
814
785
255
830
75
625
104
543
317
830
575
772
574
588
721
580
548
105
19
824
121
336
180
254
315
776
694
450
481
685
68
682
707
609
88
825
641
748
32
319
600
691
122
165
626
748
309
249
485
379
239
570
577
286
779
640
601
750
763
498
501
181
714
418
75
436
524
381
145
103
472
328
490
546
5
74
341
603
306
634
819
790
152
57
444
669
828
816
576
726
531
190
362
159
447
530
307
568
714
188
595
9
77
473
649
379
745
324
479
128
506
321
594
410
118
743
788
496
797
539
556
179
493
569
180
708
768
719
597
108
404
46
387
205
40
336
662
126
482
29
770
561
585
134
391
7
23
769
215
55
453
392
793
697
224
295
257
639
692
516
502
119
650
745
811
442
665
271
634
139
463
313
280
717
567
563
420
436
478
11
186
682
347
543
532
795
186
214
814
125
67
288
336
715
77
544
778
229
146
290
330
427
733
102
544
830
453
247
380
491
475
719
95
113
726
709
57
384
773
817
352
95
175
623
511
586
295
534
284
276
625
476
381
300
507
330
811
822
85
774
681
689
532
63
317
377
529
519
125
648
473
634
654
691
595
66
146
70
686
181
782
491
167
74
462
312
7
682
686
160
390
759
738
320
607
97
264
21
722
42
277
81
761
401
100
434
754
678
8
632
187
186
198
529
37
638
321
622
801
409
508
208
316
101
624
107
508
113
642
346
604
575
27
764
16
154
327
67
596
266
120
393
134
828
472
265
236
419
603
612
683
50
52
481
472
330
150
625
756
34
575
180
705
758
819
315
7
760
640
775
15
355
750
452
84
586
564
825
798
397
603
513
15
327
412
213
335
35
162
367
184
279
431
40
817
468
111
125
46
645
241
77
614
469
225
204
102
112
659
798
766
596
777
508
260
556
829
225
404
584
624
189
51
575
620
514
259
729
621
94
143
209
399
810
778
550
393
351
700
746
592
748
93
289
106
624
525
796
703
206
733
362
162
591
586
380
530
498
648
769
192
218
279
21
602
687
738
137
762
367
182
174
56
321
730
422
538
394
428
752
141
562
823
268
759
750
579
449
353
242
734
589
220
122
424
404
816
469
293
610
563
514
52
432
420
230
824
406
830
547
515
685
248
115
713
827
358
44
637
223
618
334
723
757
489
57
381
521
673
722
442
661
424
556
204
297
255
78
310
607
471
285
478
526
500
234
492
542
249
695
24
670
774
743
158
370
135
341
192
689
808
685
179
69
134
624
781
309
751
766
280
724
691
656
419
508
24
528
146
72
392
1
624
566
163
318
450
343
699
574
232
54
351
683
758
528
685
148
685
225
356
818
814
183
63
463
41
42
155
181
364
644
251
694
663
725
790
124
467
589
219
683
189
168
64
528
558
579
587
135
61
692
145
484
293
785
283
658
45
536
828
206
358
291
493
381
260
793
399
620
90
618
40
453
521
344
761
517
107
368
722
272
145
231
770
529
337
241
822
298
732
451
574
332
454
547
679
37
334
359
108
107
6
695
516
524
790
62
19
371
245
758
334
375
762
133
185
708
830
199
391
404
601
24
544
309
247
388
395
202
227
416
813
304
535
794
727
601
795
519
723
61
395
357
750
667
193
75
810
151
471
30
15
433
652
80
490
257
185
774
697
65
671
249
222
622
13
508
772
746
412
504
473
261
810
123
154
258
543
766
815
634
759
374
510
287
534
670
788
742
735
484
823
428
578
290
403
514
402
700
510
135
40
779
823
232
598
95
572
97
168
208
633
656
179
10
397
749
532
248
50
817
759
736
254
364
101
213
496
281
662
495
102
664
604
386
829
32
600
491
444
82
108
298
27
598
65
580
132
332
111
165
502
796
230
527
218
6
610
287
252
283
792
530
696
726
284
131
134
250
118
524
264
256
645
717
236
391
58
75
728
125
268
720
786
532
182
210
631
235
704
144
710
513
784
729
9
111
80
338
392
760
216
105
667
225
367
725
364
127
569
511
378
484
809
830
239
62
53
492
759
242
107
454
611
662
372
259
376
614
76
121
165
69
807
104
431
423
690
451
780
633
142
217
58
578
604
579
396
34
200
98
44
494
606
629
163
684
270
277
454
345
338
399
608
620
485
344
602
513
330
398
168
37
580
547
740
477
478
399
375
309
560
444
240
175
375
201
694
378
432
615
363
95
136
84
800
665
101
272
817
609
384
562
687
467
184
73
81
28
624
15
46
705
92
552
669
657
177
428
108
294
452
333
802
195
151
141
628
105
164
741
326
48
821
241
280
434
62
350
139
647
175
402
737
630
677
813
576
686
712
615
721
207
663
406
227
4
313
161
210
77
424
529
164
286
527
36
285
104
401
557
219
704
630
388
514
652
362
780
227
210
188
587
488
240
250
501
77
732
340
662
492
573
461
664
264
634
666
637
508
770
307
62
246
14
514
110
475
444
569
315
248
539
802
662
731
793
350
293
333
81
14
212
520
94
161
596
391
764
629
828
535
534
566
285
474
245
340
668
177
402
748
46
43
804
213
21
250
710
130
458
130
818
799
23
89
203
288
827
111
266
294
478
478
115
165
7
611
375
55
588
804
26
176
462
469
71
244
741
330
205
335
683
15
255
104
40
603
332
567
489
46
87
178
524
687
564
285
37
215
742
269
786
537
90
337
284
306
580
383
94
366
200
761
514
339
40
692
158
103
553
308
181
123
143
577
383
282
349
385
588
37
808
600
621
524
649
156
538
214
564
389
116
828
114
818
781
719
30
681
390
198
136
20
463
286
483
114
592
284
645
346
525
46
434
655
412
605
42
641
587
606
531
103
410
243
525
271
237
309
784
59
272
149
68
455
446
458
145
464
290
271
518
384
115
821
816
799
438
706
571
830
142
278
179
461
313
437
186
429
462
712
444
35
613
371
451
676
143
283
224
66
316
653
570
220
609
237
453
334
422
298
544
737
476
407
257
322
436
256
457
530
774
16
589
670
790
44
473
777
771
135
474
420
790
547
485
697
619
58
151
75
762
477
256
553
348
718
98
180
472
366
496
122
370
182
236
565
214
635
322
88
192
795
668
231
406
666
282
478
756
541
56
616
372
548
491
435
101
778
598
62
51
131
755
666
207
250
180
779
748
210
635
353
385
663
152
118
788
652
260
640
463
321
203
707
822
53
636
760
30
251
654
521
730
161
227
696
451
371
519
627
793
590
542
341
807
554
826
170
88
325
500
505
566
605
531
205
716
465
154
133
656
748
39
628
385
242
424
812
38
650
528
499
49
66
535
93
12
485
438
716
352
394
512
393
329
251
616
173
768
413
289
277
693
228
734
419
825
501
753
524
795
15
472
542
798
184
390
505
610
780
172
232
25
107
314
611
454
424
408
13
186
129
536
753
805
456
468
368
593
301
249
622
543
531
677
458
760
133
521
739
796
824
463
379
581
175
687
421
436
378
190
353
450
191
632
825
75
496
465
467
755
768
285
417
622
628
358
692
670
258
432
704
352
580
557
690
394
626
796
755
19
226
217
499
474
511
318
609
818
477
789
650
523
480
230
23
211
149
249
543
699
791
307
96
281
295
251
374
824
312
467
288
318
197
442
462
686
365
693
214
429
614
126
611
107
356
42
719
760
742
230
776
577
60
112
354
364
652
672
664
811
445
212
557
103
88
508
589
828
639
444
410
39
218
580
171
88
689
759
211
634
457
600
302
346
152
532
82
501
693
414
539
173
453
100
155
563
754
589
321
198
96
820
675
426
724
180
606
95
200
42
760
656
171
654
384
121
414
451
25
696
440
42
787
516
430
240
314
364
557
392
321
327
753
70
138
738
812
237
566
456
469
364
444
395
743
391
575
44
264
783
229
476
234
223
246
698
150
169
800
193
817
98
644
337
687
659
305
632
478
773
379
242
727
21
370
22
643
796
224
123
720
430
325
61
427
740
499
800
270
1
685
761
263
650
301
445
330
387
800
662
503
538
246
757
345
767
283
119
82
754
181
81
60
647
373
452
595
533
22
38
512
506
393
149
411
481
81
588
366
713
252
529
507
54
611
215
682
697
668
245
392
18
138
276
652
624
72
325
562
80
29
524
62
340
387
546
414
634
806
632
559
511
369
250
637
407
645
298
467
172
626
403
371
688
218
170
803
92
410
556
329
756
301
503
184
617
117
464
780
545
604
49
556
799
68
298
285
364
443
544
596
476
767
448
393
132
813
799
446
414
367
82
87
403
689
681
182
241
554
775
407
631
489
659
658
605
234
124
203
779
452
617
47
119
353
489
144
396
119
540
65
770
765
385
722
660
341
582
307
625
110
604
419
102
747
252
315
556
675
387
767
553
71
635
61
487
102
298
511
538
18
381
783
601
392
651
260
786
97
532
727
542
309
247
492
117
186
497
700
233
650
812
398
131
18
303
290
406
128
473
654
355
502
332
571
367
65
557
595
761
684
734
275
480
669
381
621
231
356
330
474
554
734
137
137
824
389
792
60
321
396
146
244
115
684
284
830
759
382
691
257
618
533
459
728
826
237
762
207
679
817
297
130
563
170
106
762
516
127
151
397
264
612
696
492
534
577
168
23
311
522
658
811
320
78
522
779
781
70
784
51
734
107
516
500
787
352
313
426
766
133
678
678
180
689
336
791
683
431
150
175
591
506
565
371
65
574
413
250
454
418
733
309
438
192
705
427
799
758
275
45
772
402
126
3
331
286
386
729
429
739
123
498
271
235
204
197
762
459
84
576
239
827
397
353
47
733
806
778
482
714
320
624
491
615
126
589
255
748
601
305
640
50
82
19
465
686
75
88
4
545
249
486
71
580
312
595
152
798
597
56
72
593
649
540
326
406
700
28
476
621
411
764
42
742
759
480
681
605
452
460
583
750
782
498
578
673
338
79
322
522
419
486
470
677
680
72
174
301
369
307
736
456
621
727
185
458
568
416
558
515
136
213
480
177
582
172
297
721
698
49
672
678
102
564
337
260
533
494
513
491
484
295
135
697
293
779
131
358
691
158
182
432
539
200
105
4
249
275
118
130
408
718
413
702
9
755
810
802
19
728
661
570
127
610
89
555
430
554
244
791
18
502
239
390
629
315
685
544
109
646
131
535
480
24
10
203
221
116
607
617
495
236
136
255
707
136
173
678
706
583
556
554
51
597
582
742
705
269
633
91
238
409
540
133
477
203
527
4
368
246
514
678
350
667
10
726
540
533
422
677
366
183
390
789
59
35
259
819
578
617
774
346
557
100
784
374
797
818
439
114
120
229
169
736
755
693
70
74
761
45
475
338
606
742
451
10
600
117
164
674
178
695
581
45
21
145
444
646
738
607
46
666
699
194
560
464
737
225
458
656
70
408
110
294
756
15
218
537
556
275
237
425
198
393
784
801
190
44
714
31
525
240
37
729
392
59
12
30
259
343
347
54
268
163
728
95
18
617
695
683
4
417
713
464
44
570
332
284
242
97
419
740
17
506
354
319
582
769
710
451
601
329
574
280
700
277
225
136
254
560
422
127
104
404
260
683
610
245
115
287
375
274
351
339
492
470
231
271
453
401
674
398
413
269
357
696
231
309
163
600
437
540
750
599
330
425
260
620
275
157
93
772
779
524
100
594
50
727
700
29
168
617
746
571
687
211
88
457
765
591
430
224
817
63
694
362
672
565
75
185
70
590
426
766
558
435
150
601
800
817
489
117
127
104
87
822
343
689
107
763
488
799
186
762
83
681
120
480
274
675
681
276
788
26
773
374
360
584
125
574
665
71
406
671
47
667
341
489
88
490
576
603
745
787
536
395
555
129
389
818
720
93
596
281
137
7
396
332
368
629
616
745
4
636
823
408
129
45
581
332
663
141
360
269
57
514
313
732
549
557
459
519
567
140
540
764
694
4
408
422
419
5
707
783
432
228
220
518
301
345
80
687
124
81
802
545
391
675
429
422
649
175
560
11
796
337
595
74
439
124
3
486
819
641
73
260
277
754
385
330
54
314
714
497
684
37
547
669
826
266
55
466
786
204
471
738
814
605
276
713
813
118
504
449
398
407
69
143
702
40
821
617
342
181
88
156
256
591
731
711
529
601
822
542
522
100
175
603
523
643
51
302
115
747
335
634
376
750
378
655
294
691
174
389
138
98
726
630
238
819
10
508
191
656
284
449
531
730
219
61
222
229
270
689
246
91
599
115
743
408
779
608
684
56
135
380
620
830
391
265
522
182
538
248
182
791
217
525
630
165
413
677
331
718
357
110
755
407
762
719
532
322
506
21
423
380
457
504
248
506
776
345
488
514
632
787
564
198
534
444
231
347
811
702
469
688
304
643
439
393
235
641
575
817
83
68
280
568
211
802
30
435
342
457
312
815
581
572
603
231
584
480
322
306
590
309
137
821
504
755
627
684
158
307
599
210
38
500
107
417
828
715
358
603
631
567
585
577
791
13
765
603
457
208
314
209
641
248
288
414
324
545
480
144
26
355
544
388
800
444
1
741
260
49
24
33
758
418
473
468
821
177
92
455
152
639
164
425
267
757
441
389
474
540
6
482
19
471
258
571
340
408
785
608
599
469
280
244
554
635
306
788
279
657
613
307
69
410
334
166
629
60
714
256
291
760
553
435
390
519
776
780
192
804
286
507
599
566
270
437
623
647
462
447
8
742
592
253
151
602
743
130
532
191
288
279
815
252
820
50
464
472
290
319
8
672
171
521
764
439
693
240
778
738
830
326
490
346
232
364
452
697
90
133
463
333
295
544
247
234
21
155
300
22
69
228
753
102
636
727
405
99
76
9
534
153
223
696
165
195
514
576
566
335
804
45
396
552
808
563
376
506
186
341
595
355
431
139
166
127
573
298
367
88
725
290
427
369
31
235
747
710
213
62
802
287
568
240
659
724
745
519
93
791
224
188
536
811
148
724
176
164
517
714
293
183
651
804
703
213
775
698
792
222
241
766
530
242
615
698
257
251
275
555
560
573
745
270
442
782
104
495
396
357
790
707
521
58
600
255
217
139
543
82
777
494
544
386
644
252
199
355
10
332
83
705
102
435
771
134
605
641
651
519
279
23
469
394
418
135
692
217
820
630
40
241
642
4
799
293
668
110
801
411
314
129
766
528
167
215
770
263
546
314
79
783
257
316
444
506
218
20
829
333
678
569
385
323
593
134
771
818
416
80
18
274
787
82
802
163
324
310
376
302
538
600
105
796
795
710
130
249
631
126
43
263
790
298
769
175
810
132
511
302
572
231
267
383
798
626
172
254
282
154
472
651
536
193
169
699
722
795
245
469
40
98
267
323
84
426
809
53
556
571
487
225
433
388
706
672
665
714
204
643
653
590
181
539
10
190
645
421
555
300
27
809
328
825
213
708
337
279
78
19
610
262
657
284
390
30
799
593
793
823
434
814
810
790
75
486
5
463
435
169
151
155
242
118
449
157
802
529
641
643
624
122
762
762
359
789
503
586
149
739
745
420
570
729
191
560
8
617
629
40
53
727
830
708
115
118
306
411
546
779
118
157
465
705
375
331
519
590
694
249
607
214
51
72
140
81
398
64
28
25
188
753
50
695
673
811
295
390
626
808
22
440
737
11
709
136
563
530
389
119
286
700
535
641
250
609
327
361
90
264
223
58
83
107
225
36
528
748
504
363
105
206
795
244
109
574
38
427
187
572
466
258
392
274
550
291
802
490
193
265
515
725
15
155
53
791
343
482
696
238
433
683
129
764
479
551
378
541
386
152
8
495
795
720
401
495
4
761
784
555
546
259
307
312
510
386
93
704
711
19
237
248
158
47
807
217
610
79
485
771
469
83
530
622
75
702
472
294
614
372
369
350
160
728
52
653
442
210
710
297
208
279
224
111
109
426
82
76
690
459
103
318
829
350
295
182
640
212
269
663
669
452
175
166
677
634
707
445
467
623
200
516
669
189
149
588
73
457
388
156
777
492
418
67
129
493
797
124
594
143
626
206
664
23
342
319
722
64
589
219
578
405
436
413
581
194
378
623
139
54
323
571
441
442
744
10
777
759
383
589
614
366
311
260
201
142
549
586
8
599
548
588
238
143
444
821
580
425
581
560
768
328
769
474
208
819
588
335
669
772
557
709
278
716
704
107
294
293
250
698
502
170
252
287
790
330
65
253
708
25
152
248
698
758
439
458
342
348
473
284
13
245
537
596
600
585
204
386
310
150
398
706
89
85
174
762
537
528
767
373
583
52
140
459
366
461
360
772
404
645
633
631
769
216
334
696
522
307
89
353
4
270
338
192
379
5
667
767
601
61
94
249
363
584
595
322
632
156
262
618
57
698
315
768
216
7
346
327
594
524
79
146
539
548
522
363
439
285
608
639
356
117
707
134
446
358
215
752
329
86
39
370
92
574
281
502
379
807
522
652
599
98
440
363
122
6
15
223
692
769
552
432
85
251
402
488
341
768
289
793
231
453
186
675
485
394
801
482
528
5
457
170
750
228
620
801
148
75
829
438
385
571
486
557
105
625
20
743
425
336
635
718
405
93
211
799
193
150
270
120
456
534
31
146
674
275
324
631
813
448
125
356
307
644
727
272
562
203
495
675
741
384
585
678
373
588
547
741
753
189
281
86
125
384
424
701
189
336
20
239
398
529
264
677
217
440
43
448
474
175
445
510
506
739
327
470
564
662
735
359
733
3
37
631
774
734
707
701
771
116
738
172
269
152
655
662
509
800
162
417
116
21
635
323
78
301
187
37
307
270
138
82
808
76
587
550
182
609
618
703
23
370
36
439
211
211
795
357
716
393
61
54
102
124
776
272
434
132
275
366
28
396
808
670
221
666
802
655
396
415
571
613
35
544
373
18
308
534
64
466
400
640
485
217
22
318
201
117
107
563
576
137
547
568
536
31
581
469
475
214
167
284
82
605
709
49
497
820
232
821
151
795
511
89
467
604
203
672
141
35
88
189
414
162
339
53
248
136
348
749
600
516
321
436
29
673
724
60
572
707
263
452
534
520
14
581
696
789
388
471
601
443
735
455
638
829
340
212
224
763
796
763
338
787
80
176
52
126
798
690
236
431
543
668
33
69
535
656
482
571
829
114
356
708
258
242
637
510
461
737
290
125
61
276
370
391
470
291
17
696
224
183
438
629
570
364
64
511
430
634
425
614
669
441
275
252
791
719
121
74
133
347
774
212
466
220
297
718
557
824
825
258
34
206
821
274
785
671
778
733
86
672
186
340
464
798
361
822
6
687
609
588
348
26
160
605
648
765
273
89
19
426
628
30
649
826
231
783
97
308
361
529
114
166
529
691
595
401
714
312
630
52
436
105
431
561
567
294
763
727
205
503
8
555
563
629
152
533
641
278
464
170
318
102
139
101
718
177
168
667
393
341
761
307
302
673
447
180
189
445
587
497
633
814
118
304
228
131
55
660
370
556
206
822
328
740
415
323
521
314
652
724
463
382
497
316
785
605
279
54
579
660
755
504
761
209
359
79
522
376
324
579
169
369
578
652
618
674
722
432
286
827
624
340
22
631
268
16
438
376
168
594
555
522
271
356
276
270
500
359
122
752
801
788
597
83
221
12
239
248
197
375
206
381
175
569
647
825
810
304
791
392
586
440
135
381
650
83
263
74
681
584
495
614
181
532
710
160
342
25
38
399
747
347
248
69
726
21
516
149
238
781
594
27
745
504
478
141
551
384
34
225
72
129
240
745
254
585
309
287
310
24
487
40
541
290
643
631
153
332
396
290
394
781
669
82
634
137
370
255
217
529
509
482
775
108
628
501
648
258
419
91
585
151
469
828
404
737
273
242
317
104
125
31
256
763
425
743
340
21
36
556
236
387
71
286
485
26
528
580
13
795
487
53
708
588
796
334
351
49
491
575
329
501
580
48
467
424
207
396
531
7
680
92
465
360
707
305
321
363
479
276
445
101
754
759
222
794
692
55
347
757
222
412
253
805
160
286
526
544
734
161
153
528
566
619
165
220
353
766
250
548
600
749
318
425
50
732
253
816
714
153
724
67
497
65
518
436
453
359
129
387
584
586
27
72
486
818
267
251
401
656
258
533
113
582
215
270
303
144
727
777
483
558
114
176
298
163
718
552
494
251
71
59
742
678
57
344
330
575
512
545
427
525
108
418
791
543
260
377
241
691
348
553
363
160
318
768
646
358
803
597
782
500
675
317
482
370
419
787
766
151
6
705
249
498
738
124
66
761
739
185
462
479
550
634
62
407
427
14
31
238
174
93
149
133
542
114
632
329
666
828
656
591
3
804
158
514
55
199
1
196
74
80
72
445
129
191
489
404
257
721
595
606
235
415
637
472
213
660
155
772
464
279
797
117
305
688
470
616
243
352
337
743
290
422
98
349
621
677
573
128
221
73
804
27
209
310
711
187
200
622
80
80
770
24
343
422
352
223
461
586
590
357
326
648
221
718
574
680
698
690
410
578
298
667
507
189
827
348
89
50
329
204
453
145
671
503
330
428
395
156
705
641
405
680
115
77
392
418
181
109
103
358
685
498
681
513
563
711
713
78
332
585
560
660
430
355
151
123
754
483
306
512
560
759
740
493
476
373
571
80
321
63
481
108
206
291
807
297
470
393
424
296
322
670
397
147
89
652
52
556
792
449
572
99
651
342
510
129
108
584
263
469
216
452
785
577
696
435
71
33
484
809
252
442
598
71
91
131
295
5
810
345
243
268
728
379
366
767
97
272
257
305
371
799
552
590
352
482
115
622
523
598
97
807
820
785
684
487
288
226
62
778
257
383
445
44
280
627
557
600
262
781
135
79
462
568
452
546
139
315
450
486
651
813
250
569
324
105
625
541
461
22
88
561
90
552
600
593
204
662
724
481
547
488
665
538
66
96
626
687
774
612
104
206
82
782
717
511
586
116
289
743
646
628
167
581
723
147
5
773
784
743
72
622
370
601
721
333
219
466
430
821
668
260
490
507
213
343
88
138
753
665
611
166
753
616
73
277
339
603
525
672
759
62
573
542
586
647
557
130
450
109
582
374
704
598
97
68
391
267
660
742
524
688
471
753
681
770
25
298
481
14
583
780
568
174
464
267
734
651
585
169
736
727
822
441
649
659
147
613
187
393
515
500
63
766
692
606
723
413
493
603
382
530
68
481
316
117
347
727
400
375
705
730
396
662
104
261
79
488
744
776
271
553
747
741
81
710
559
234
818
551
821
520
514
138
148
811
624
204
712
666
476
418
368
484
667
772
352
68
55
773
122
349
43
160
303
348
821
357
135
767
518
511
187
406
219
151
689
234
482
642
560
481
744
150
431
61
481
582
451
580
417
582
781
399
22
666
799
550
724
505
286
631
65
289
10
46
611
90
36
349
450
460
30
353
651
463
637
205
415
646
581
752
358
720
634
310
269
590
15
192
504
419
791
243
30
342
689
41
438
245
770
322
28
728
5
52
377
126
284
209
75
565
75
671
166
171
215
734
45
630
99
493
467
538
164
812
646
112
423
37
186
243
372
162
778
301
503
7
103
805
70
155
423
631
766
432
317
609
228
686
312
624
459
314
592
227
112
475
450
632
498
724
236
96
19
280
417
635
5
31
603
596
81
396
310
41
596
180
21
74
798
482
201
214
490
495
226
2
151
552
159
385
251
147
741
500
691
517
591
625
714
596
700
121
101
383
92
416
352
661
416
745
713
763
625
74
43
114
411
30
151
127
317
14
17
350
383
241
72
156
703
56
790
458
527
150
96
51
696
739
516
408
680
651
164
119
186
240
504
690
51
19
344
429
509
430
749
599
511
150
680
112
134
479
38
612
559
445
551
787
753
180
677
678
656
519
354
525
407
50
118
179
81
259
219
477
461
707
91
665
710
563
388
110
544
93
233
217
55
161
696
110
494
583
127
90
625
389
772
446
707
124
469
532
370
346
410
352
602
337
525
55
492
29
30
63
507
346
73
428
311
140
394
81
593
508
444
41
104
760
414
363
235
149
112
60
418
595
86
29
572
369
403
795
377
793
364
378
276
747
366
824
209
226
204
375
165
366
360
657
717
413
197
43
585
218
646
638
660
410
66
170
324
755
472
227
3
155
290
301
367
230
589
673
675
642
334
793
104
58
78
619
181
291
215
436
744
83
28
309
204
574
233
238
578
539
770
335
57
536
127
279
663
416
321
569
774
509
418
685
680
294
569
613
378
529
210
539
402
462
234
769
386
313
74
319
168
582
345
119
514
788
764
501
811
210
253
56
765
272
612
428
336
511
607
539
684
660
276
351
514
331
301
745
549
381
750
401
479
507
810
668
729
641
513
277
754
493
435
24
68
426
457
409
687
82
96
348
632
4
188
539
788
762
49
144
217
69
748
252
619
632
234
407
122
830
792
604
827
110
736
715
465
334
687
92
61
554
467
792
472
272
105
610
149
206
57
78
763
423
113
128
561
691
800
401
227
303
561
651
447
9
609
445
730
132
22
92
491
813
283
111
826
301
619
502
65
483
17
224
96
76
558
283
244
259
322
746
299
727
294
5
653
66
799
507
566
781
466
27
737
600
810
669
456
10
487
174
93
355
162
810
760
469
677
768
339
513
12
353
419
154
142
646
322
133
610
406
759
148
130
244
96
647
126
323
511
808
789
713
547
251
387
392
560
315
380
129
638
205
79
171
100
638
508
482
547
796
396
678
726
128
197
189
770
387
830
119
717
666
314
209
753
39
193
501
670
160
208
107
500
483
737
117
151
141
397
471
607
689
749
535
143
443
342
248
551
564
801
289
807
651
218
218
103
565
342
539
607
606
365
340
536
772
548
40
168
339
50
598
177
118
56
648
344
502
436
749
240
284
772
732
813
168
22
152
768
813
526
598
541
793
213
396
812
519
277
9
500
705
596
780
805
205
221
306
745
775
4
73
250
121
629
497
552
16
634
291
468
454
529
264
103
763
543
775
432
209
338
396
27
483
108
383
42
485
769
419
660
762
601
536
563
776
248
81
242
648
229
495
343
670
157
781
660
654
576
798
13
535
606
660
463
169
38
210
312
571
76
714
394
638
805
411
342
782
210
395
804
482
299
3
498
716
803
182
32
115
610
157
283
531
672
196
299
721
98
815
753
506
267
336
130
543
596
141
332
827
484
811
803
469
243
12
94
628
540
621
669
820
675
69
26
761
567
485
539
655
545
707
83
477
497
779
619
402
287
743
475
34
221
787
392
39
209
21
677
563
478
790
180
819
378
680
825
161
363
353
174
780
502
827
31
691
551
133
356
486
227
503
675
92
169
729
540
231
638
711
530
555
495
77
563
286
458
753
251
403
610
572
520
659
626
670
549
99
293
187
270
100
188
264
592
534
616
287
486
319
435
476
360
378
373
631
244
807
315
52
828
716
196
804
227
771
163
764
429
471
715
369
698
406
226
192
536
165
738
385
120
87
51
206
483
813
101
664
168
32
155
614
131
434
755
52
584
487
359
492
811
541
746
208
819
478
585
187
21
614
82
34
704
399
601
39
685
251
557
174
523
526
811
309
482
814
16
278
116
330
525
161
566
419
351
383
437
445
502
261
61
22
66
188
705
209
55
642
704
801
443
617
38
736
264
183
76
21
632
714
441
643
21
488
145
744
786
587
488
562
163
322
265
758
616
300
305
275
613
159
781
798
295
442
776
339
103
739
56
397
655
672
673
493
352
403
439
26
134
328
27
351
268
826
747
796
658
682
235
652
270
653
258
179
85
195
156
681
436
544
394
673
417
695
15
453
114
624
719
794
35
663
177
94
146
385
544
364
81
406
239
229
515
811
157
645
567
614
47
175
591
617
659
507
544
739
262
304
498
698
5
18
794
806
500
290
405
801
708
529
185
829
241
390
738
771
513
204
399
426
770
795
321
380
504
305
676
199
703
674
69
205
588
799
653
246
154
635
353
102
636
399
580
673
803
60
779
87
605
812
766
743
32
424
82
253
70
467
696
347
669
767
121
652
822
783
192
700
226
493
149
809
640
811
210
529
709
702
611
615
285
580
741
667
245
649
452
150
142
445
724
1
402
723
671
758
8
286
441
117
714
236
137
591
814
437
756
664
482
436
545
76
125
495
668
694
653
413
655
265
424
767
502
503
704
32
707
184
122
550
497
360
408
779
114
677
176
414
599
103
569
473
343
229
487
433
143
125
676
382
512
273
526
369
527
819
622
378
480
121
59
414
493
133
256
506
92
76
278
432
512
540
326
763
46
386
780
525
39
148
564
453
604
277
600
406
106
441
795
241
745
424
201
283
395
142
36
648
339
372
160
805
809
410
310
535
707
560
284
761
610
492
307
807
284
115
523
374
600
14
211
81
695
31
20
433
825
486
579
550
527
220
176
149
610
418
441
243
435
533
24
397
801
504
396
706
323
567
231
540
30
198
479
95
4
266
273
157
724
571
464
640
464
621
242
419
248
613
827
100
297
830
147
186
398
329
520
592
277
581
630
783
757
531
502
139
241
133
11
501
508
121
384
542
55
378
235
601
565
595
749
173
527
656
186
254
130
562
582
804
683
372
459
424
66
639
701
775
260
752
446
282
754
562
677
194
522
559
284
92
575
821
500
615
200
143
177
217
344
582
1
121
783
778
189
565
665
464
329
581
179
828
96
690
60
410
148
282
652
503
716
231
654
48
464
740
384
367
771
491
455
710
686
546
267
195
394
751
789
471
280
634
767
126
300
352
23
571
430
330
496
122
436
224
53
654
238
2
322
670
403
114
57
91
195
687
309
157
212
255
667
380
201
103
462
84
445
620
112
825
201
780
249
754
237
565
52
225
168
451
200
92
613
100
91
396
487
92
200
162
393
638
312
359
739
85
401
53
734
156
378
252
117
627
103
443
710
655
171
236
445
514
791
437
522
386
52
675
672
808
618
565
640
505
13
368
301
418
818
625
259
759
514
627
6
213
645
286
445
325
403
692
416
7
500
419
389
612
427
319
84
160
301
346
470
509
167
341
566
488
558
549
700
819
589
747
363
401
466
481
247
682
406
360
354
50
719
496
669
109
277
795
243
110
277
149
790
621
558
475
570
129
409
633
486
118
73
352
652
23
52
227
648
168
46
562
512
146
697
654
502
514
342
595
745
822
414
531
128
96
250
556
658
154
305
230
488
85
329
450
143
158
331
7
424
66
191
307
772
440
106
569
275
205
10
490
156
176
591
548
130
108
198
665
756
510
593
683
742
535
719
420
797
109
553
630
554
60
246
354
101
292
125
577
414
696
584
102
132
661
91
280
81
590
45
450
116
450
826
480
104
59
457
172
312
718
446
460
372
635
766
134
251
92
561
508
198
253
422
341
747
796
455
152
511
732
749
271
680
576
238
314
525
545
114
391
549
672
544
640
531
339
38
424
336
665
70
512
802
111
135
133
658
85
631
397
794
44
294
498
336
318
2
163
341
648
165
768
364
31
282
382
396
153
780
232
344
121
47
47
790
552
109
586
40
521
35
506
307
513
209
105
509
736
10
332
731
307
246
722
327
510
586
473
475
278
159
612
244
521
433
528
751
743
78
537
785
774
135
89
663
447
264
76
498
89
20
441
55
193
815
28
815
389
521
830
613
428
118
524
602
274
185
643
357
804
712
273
404
788
583
300
656
402
201
726
805
263
193
99
66
725
36
582
422
286
278
283
64
637
108
425
547
527
808
500
293
335
595
556
184
378
465
62
129
161
722
109
631
715
645
233
194
559
606
724
717
231
812
508
815
155
416
528
49
438
64
770
357
769
493
264
434
62
594
643
388
717
564
469
463
595
772
151
631
829
726
653
411
146
449
712
251
66
337
590
356
48
196
805
815
360
814
332
382
521
148
90
309
661
142
604
306
425
369
117
143
763
474
699
787
828
174
133
184
51
637
416
676
664
703
39
619
243
331
593
140
283
114
179
46
537
321
269
216
540
592
368
139
656
743
396
554
202
812
648
159
768
825
514
464
499
172
25
323
534
388
437
763
78
793
451
121
186
55
800
374
485
561
335
267
419
723
537
302
417
117
775
253
425
234
418
472
298
300
814
244
379
2
513
508
37
113
727
327
82
716
766
14
751
635
136
138
56
520
258
405
315
4
16
148
102
744
277
758
71
488
821
246
741
656
231
218
293
548
784
77
633
234
256
694
427
185
31
118
799
590
572
699
232
581
336
92
686
697
186
120
697
136
25
22
363
732
211
446
251
551
472
62
774
305
421
447
440
312
9
329
437
235
693
341
826
98
356
493
345
307
110
394
439
730
240
810
507
428
818
761
370
130
655
216
233
698
542
794
674
640
79
605
449
801
53
705
738
383
178
650
535
253
126
661
439
437
543
558
476
527
200
594
87
417
453
225
595
27
420
737
245
437
634
606
731
511
726
734
386
478
650
54
320
187
348
671
194
318
467
353
114
498
371
763
783
287
434
379
385
607
558
503
659
792
336
671
735
571
403
127
622
720
110
492
345
599
706
335
580
476
421
482
202
589
802
608
721
102
626
233
353
56
521
605
53
576
770
197
737
51
108
312
342
141
466
664
146
531
477
180
183
236
637
726
420
364
822
742
784
231
160
755
750
61
671
588
472
166
632
150
613
652
386
224
640
594
488
642
304
567
466
710
100
245
791
56
310
494
342
34
73
221
625
267
411
199
157
466
561
770
763
101
87
788
223
656
723
769
128
112
559
629
417
143
43
241
68
337
366
68
829
581
378
538
338
255
299
309
761
674
88
330
10
692
452
438
734
223
208
768
676
484
350
339
219
629
240
356
748
780
512
49
550
621
268
476
510
402
244
783
67
272
490
368
35
655
757
641
105
698
537
560
248
490
551
200
721
466
160
824
509
568
499
446
242
224
447
815
10
663
126
813
460
210
778
116
299
23
26
178
492
714
662
668
693
448
170
244
263
178
126
426
388
44
168
280
548
551
411
564
208
139
58
529
460
550
580
636
126
724
180
168
215
543
737
765
446
144
709
78
446
186
109
38
442
690
821
337
205
259
617
593
611
768
332
537
422
685
772
55
316
130
160
548
52
138
196
613
154
94
611
105
496
618
777
100
333
449
346
179
675
566
507
769
596
597
377
411
271
341
475
120
725
756
704
354
95
533
174
288
207
768
438
322
521
521
155
103
77
582
738
633
194
580
443
199
207
207
378
740
381
45
394
552
806
653
508
231
749
686
726
710
654
709
153
288
552
205
613
383
346
67
455
790
366
204
758
241
305
637
398
761
44
818
352
621
151
677
408
763
39
240
350
338
795
393
395
200
731
762
475
551
354
766
424
806
171
348
680
763
11
287
147
281
447
74
128
274
200
420
757
256
419
270
558
121
430
157
646
790
460
263
201
295
196
125
727
543
86
650
14
489
333
374
265
576
654
721
647
260
665
650
695
570
593
580
241
121
571
95
353
198
42
471
573
634
84
25
805
47
446
677
670
166
506
464
402
742
289
786
276
774
520
780
314
258
819
686
329
815
537
19
108
617
503
162
230
30
102
29
109
666
768
632
284
616
460
147
331
374
669
813
53
291
801
389
73
535
526
793
73
755
250
527
686
638
438
182
784
710
248
150
45
216
64
790
660
126
440
495
60
145
724
354
215
44
475
340
8
306
575
356
346
31
780
255
9
645
630
609
599
780
597
699
369
291
594
389
716
523
49
152
622
107
607
223
428
789
823
351
112
264
196
57
594
299
470
709
759
802
160
675
667
380
112
485
652
75
200
108
194
200
611
575
552
603
100
677
582
103
785
740
393
263
561
43
599
376
747
669
805
298
212
694
556
375
641
457
594
458
128
65
219
153
562
797
328
491
288
230
412
761
498
285
117
651
350
194
766
669
466
128
607
506
48
267
35
236
323
481
565
727
215
243
564
214
395
36
578
188
789
131
152
58
439
209
622
257
538
315
444
327
122
323
727
306
280
708
330
342
613
764
254
481
782
596
101
41
274
401
298
639
42
316
626
462
96
315
356
220
751
177
347
663
59
788
398
98
205
388
444
825
306
318
647
709
652
146
700
429
55
128
526
223
129
231
69
441
575
187
678
461
447
64
303
11
182
460
566
353
336
213
776
254
169
117
500
674
96
185
799
764
608
657
446
322
660
604
47
412
226
67
239
710
181
602
78
455
622
728
804
416
559
685
85
783
774
532
159
300
586
507
764
820
502
455
700
736
121
36
120
343
340
687
460
137
771
718
426
344
820
275
8
32
349
27
387
825
597
310
66
710
97
756
265
108
755
784
583
683
685
546
733
762
692
775
256
300
597
96
415
325
486
232
193
410
693
80
739
391
478
172
757
658
232
726
111
598
728
309
193
177
154
746
202
361
152
459
665
330
248
736
765
294
704
792
124
818
125
551
764
566
188
634
622
819
298
510
615
87
133
401
393
341
707
439
579
799
413
149
550
564
720
286
352
327
172
372
177
762
320
414
405
672
483
355
324
449
175
106
220
399
674
677
294
430
454
360
345
746
729
601
599
828
749
750
260
321
496
68
110
624
521
150
453
691
512
357
430
171
97
61
686
569
800
314
617
326
580
65
357
735
464
154
117
447
715
47
635
271
456
680
364
291
460
765
537
97
643
805
11
448
743
162
161
757
147
142
297
447
101
812
419
616
290
744
762
17
62
648
369
804
366
754
347
180
672
740
37
401
560
33
532
374
651
708
602
526
184
602
417
471
66
154
220
337
629
119
378
486
804
529
244
575
441
309
164
31
50
468
461
255
126
575
753
719
593
342
651
265
601
356
307
824
686
205
102
770
15
696
497
341
480
633
133
251
583
132
752
690
367
467
137
124
597
549
739
780
526
215
97
747
418
451
376
261
94
387
595
447
91
82
431
701
667
689
570
292
640
706
95
419
33
263
1
424
255
232
307
422
644
706
471
241
375
504
510
551
735
573
526
463
783
475
633
502
764
83
104
800
185
12
400
401
776
129
783
595
56
562
60
237
97
266
417
473
700
232
384
785
20
434
107
334
824
381
504
32
98
699
331
115
489
665
343
373
77
746
31
387
670
178
48
444
703
59
667
11
373
719
588
189
580
84
686
700
191
142
350
601
582
664
206
170
619
131
631
777
89
570
71
73
21
169
693
61
822
94
751
608
512
807
546
484
146
548
126
647
159
193
169
252
232
449
148
17
184
60
202
181
781
770
61
138
62
494
35
319
205
813
317
224
439
685
601
88
120
555
495
525
376
154
339
4
558
494
602
232
704
496
727
574
733
250
542
720
562
652
207
575
108
802
184
219
330
657
698
783
191
815
120
68
579
702
198
666
765
360
744
802
653
722
816
461
233
593
57
648
4
66
318
532
726
297
513
567
492
538
823
194
165
757
501
74
471
533
579
531
607
502
235
8
274
201
552
625
312
805
428
354
628
828
259
627
272
642
494
408
389
436
272
488
445
177
482
310
416
767
325
450
186
64
553
205
688
554
577
416
434
107
35
730
556
386
794
6
438
101
559
801
510
95
466
177
321
488
451
473
69
538
691
777
564
87
2
23
573
666
721
450
127
472
503
296
646
155
633
451
42
762
65
588
752
204
733
307
754
641
164
237
706
722
728
421
63
352
452
340
294
579
792
797
168
297
196
348
174
182
208
768
55
594
27
306
149
341
655
2
387
526
149
215
441
144
168
414
559
299
631
309
326
293
488
189
549
681
142
521
779
163
130
137
29
804
279
36
458
675
322
490
412
566
450
822
82
443
659
745
119
508
666
457
295
100
437
371
206
663
50
511
519
199
183
179
151
416
369
646
767
27
764
808
601
707
359
569
523
685
752
771
574
561
564
113
227
173
348
49
166
376
631
318
501
830
547
418
724
161
233
754
559
702
119
134
159
763
603
732
742
733
701
308
55
264
639
136
164
670
478
420
300
178
648
454
478
397
328
464
535
480
123
653
657
390
279
810
647
15
331
698
414
249
769
741
764
222
589
763
483
240
731
244
385
513
720
145
565
203
722
295
692
153
635
433
139
394
250
558
118
500
241
766
703
694
803
270
363
549
679
84
691
83
177
232
698
623
224
392
187
527
566
710
118
736
266
830
142
610
601
605
343
250
364
93
17
326
199
402
675
780
714
453
773
330
491
261
83
397
378
273
749
292
667
558
173
396
813
367
521
29
493
508
409
276
228
61
92
192
371
192
592
697
516
62
307
499
718
370
739
656
362
484
535
111
742
585
576
143
55
2
770
227
441
703
598
213
713
15
726
470
367
496
398
348
617
388
457
209
413
575
750
392
41
39
726
58
39
435
829
270
83
108
747
280
434
720
569
463
501
187
53
131
730
553
505
386
242
339
562
675
424
314
716
221
446
679
280
336
501
444
261
693
791
500
784
513
416
481
717
448
764
690
96
634
370
758
269
688
589
300
584
124
263
791
437
769
520
397
191
107
742
638
689
734
13
188
168
402
812
251
1
178
150
667
28
269
727
810
57
144
722
70
501
298
7
541
551
574
30
549
523
87
632
806
191
183
196
439
659
135
208
495
451
757
42
803
585
763
524
802
307
180
125
816
110
561
198
165
649
38
274
547
707
426
456
451
599
239
276
261
342
173
509
278
355
680
226
499
57
471
155
830
600
305
368
436
102
453
736
583
539
675
489
555
693
770
633
367
671
88
293
336
473
489
543
280
173
692
402
417
620
773
39
684
1
685
364
395
577
638
807
697
125
162
775
461
71
448
823
547
31
84
622
174
448
792
194
10
121
722
255
595
110
778
214
676
308
374
725
65
64
219
30
116
223
550
305
127
313
181
5
98
530
477
169
708
573
67
323
694
440
518
219
188
31
71
447
357
295
378
553
704
760
731
60
71
809
196
154
61
507
541
279
197
717
113
619
701
432
782
446
650
232
201
214
344
25
589
215
604
16
604
744
681
282
814
712
772
82
163
722
542
382
138
575
511
777
465
132
806
476
302
134
90
101
495
184
581
26
126
15
306
807
526
304
538
429
565
410
828
223
822
219
466
76
32
573
228
315
369
533
732
621
131
715
393
323
155
177
775
699
238
559
26
610
716
443
307
697
318
285
587
422
646
565
28
550
816
566
438
372
589
547
1
505
267
741
23
362
225
620
31
160
506
312
543
209
482
409
704
689
564
16
148
497
539
372
16
219
354
180
132
399
786
236
541
647
676
681
336
217
700
808
197
390
180
448
560
615
306
784
646
351
265
32
63
26
181
788
390
131
474
483
405
504
169
683
757
479
489
641
141
170
95
282
438
662
680
624
602
802
668
485
354
282
257
743
640
505
198
317
148
405
726
165
742
662
276
65
181
757
322
527
272
739
372
316
660
71
671
271
582
140
436
77
99
87
786
316
745
245
6
343
332
785
563
621
804
414
91
748
355
283
111
531
815
58
393
651
224
502
59
588
158
641
468
706
267
342
87
344
282
641
653
73
38
370
223
478
547
707
794
819
461
699
228
781
809
379
214
229
213
151
321
561
213
136
719
482
438
144
487
214
187
249
662
479
293
689
751
192
22
474
300
95
669
228
539
45
709
820
85
637
753
309
184
164
233
80
386
210
116
807
85
503
794
82
551
610
169
56
633
239
153
501
206
215
770
758
35
814
750
443
698
81
630
369
25
704
311
358
682
700
579
797
409
502
413
548
54
149
379
117
556
15
706
288
365
91
52
521
827
291
563
569
19
759
126
494
595
647
62
159
113
419
457
823
335
42
445
397
628
416
384
197
2
376
94
576
12
40
481
729
795
447
138
479
413
192
141
112
33
816
637
550
412
696
641
198
507
538
91
642
314
706
410
131
692
643
514
403
780
622
703
769
63
284
752
117
167
378
723
310
290
289
302
729
98
411
815
54
779
302
187
547
706
710
217
704
448
167
669
773
210
69
727
793
376
721
314
162
281
111
4
436
798
503
202
369
205
344
236
567
701
286
117
376
291
225
368
523
33
234
17
494
611
300
90
135
459
629
652
433
342
415
717
435
20
429
304
701
379
60
582
84
133
382
457
642
696
1
311
122
416
95
335
269
371
104
240
406
441
373
607
345
210
623
675
554
7
259
162
809
665
510
66
703
537
195
378
680
764
246
344
519
180
690
442
409
463
119
710
113
698
191
200
46
572
223
540
194
144
693
772
794
371
622
540
484
631
81
29
225
506
629
78
413
87
163
438
563
102
541
598
131
609
648
601
364
322
149
222
48
761
94
282
765
321
708
25
67
335
331
729
638
209
31
309
109
564
182
225
182
604
305
155
423
511
435
763
186
65
186
236
66
829
821
410
665
110
195
543
193
532
438
702
460
559
732
589
132
362
276
165
748
298
350
813
826
693
321
42
627
290
715
624
663
622
481
724
320
531
478
778
502
775
94
93
708
302
794
790
694
140
73
180
259
131
22
736
527
561
641
13
43
87
581
316
483
635
327
750
29
335
9
145
77
42
100
712
189
457
288
56
796
128
468
33
422
782
121
295
310
286
345
598
401
825
6
665
299
333
235
5
692
290
477
590
540
39
529
781
674
816
308
403
728
230
742
694
111
372
635
779
799
10
537
654
398
575
44
122
390
50
333
176
92
299
419
123
450
355
744
522
452
618
204
402
99
394
642
322
804
799
178
225
301
267
816
23
287
563
274
384
437
97
443
124
766
508
575
274
35
70
548
617
542
617
274
8
528
333
767
480
371
47
513
428
163
521
749
111
495
192
516
477
174
219
145
170
787
395
232
566
131
451
86
727
793
814
688
481
740
539
376
684
224
558
152
32
23
463
403
583
123
307
140
520
34
464
646
497
721
172
235
142
644
160
166
251
4
2
516
740
72
763
359
361
116
230
724
809
9
585
146
421
163
82
128
261
18
495
633
578
621
373
179
14
821
608
171
424
251
574
509
306
792
823
207
39
468
744
401
503
621
576
792
754
383
35
197
501
475
556
424
235
80
316
146
214
24
562
488
165
492
193
574
609
152
570
222
441
296
595
744
783
501
200
560
300
284
178
383
394
309
100
35
677
120
274
127
533
36
266
225
799
812
441
446
736
170
372
635
760
79
16
524
293
814
506
404
769
805
73
709
259
576
169
821
759
507
183
181
64
57
713
621
792
446
624
5
789
68
731
270
273
474
571
615
58
110
527
212
641
305
732
497
321
80
622
290
265
293
136
722
345
704
477
169
592
252
780
352
581
320
813
167
61
423
120
276
708
606
291
437
390
295
365
324
808
368
715
621
245
662
519
138
554
461
261
362
510
692
215
528
683
647
828
48
582
425
563
416
516
592
653
47
382
518
320
737
173
382
779
543
227
68
617
589
370
710
120
311
715
144
311
193
306
363
217
358
770
388
507
381
149
548
260
753
162
54
756
52
72
291
461
12
178
86
334
646
299
169
803
618
715
692
208
500
184
562
245
436
89
598
86
328
36
827
335
382
216
758
259
159
601
716
216
184
773
745
470
309
599
575
221
439
278
654
198
238
355
274
662
617
674
303
438
473
164
254
762
488
105
595
348
809
203
568
584
742
90
26
369
475
495
100
51
720
737
212
828
367
325
579
621
233
806
822
733
746
203
405
701
7
212
549
24
449
563
339
111
795
786
209
497
550
340
123
295
585
409
174
192
299
797
51
77
536
645
350
196
289
760
24
746
511
202
702
106
806
804
258
189
639
543
394
525
446
306
297
631
536
580
238
569
799
704
8
737
41
786
773
234
288
264
191
794
3
672
631
132
616
689
20
25
587
339
30
392
536
90
666
765
345
222
799
295
645
597
663
515
186
165
359
89
790
324
108
467
561
205
472
392
88
268
29
139
518
459
195
325
305
236
677
659
498
554
419
449
314
558
93
586
46
256
115
156
762
43
529
500
304
206
241
778
381
308
799
757
554
682
224
723
623
234
127
753
750
359
610
323
290
487
604
267
633
795
762
168
458
446
273
39
17
461
135
610
738
13
600
529
821
823
394
766
781
137
343
409
330
44
435
282
390
699
192
100
217
478
683
384
93
511
366
273
55
11
671
188
112
163
166
104
522
148
706
819
70
252
703
784
149
10
86
522
435
730
376
358
456
743
219
808
667
485
389
319
315
263
53
764
515
117
755
89
709
42
496
51
789
646
759
187
144
192
394
308
376
564
333
347
545
537
62
175
187
546
768
713
171
499
816
471
144
608
394
432
503
122
665
357
37
160
47
686
571
138
562
153
399
101
73
255
376
484
694
654
17
568
316
240
572
179
172
294
253
675
483
124
200
606
95
176
328
186
440
230
122
55
146
511
448
79
23
38
314
222
726
682
633
627
767
355
424
69
758
800
730
391
389
603
727
360
734
405
577
201
692
207
759
28
801
28
191
93
19
685
680
813
664
456
658
418
441
318
193
34
380
462
176
717
261
514
155
796
110
824
570
63
468
123
434
207
135
654
749
428
228
795
571
325
572
729
538
592
605
566
402
778
336
595
531
468
367
127
378
434
353
451
512
688
459
455
257
287
827
596
586
733
115
147
509
194
670
696
348
36
398
734
724
216
565
76
456
647
288
398
206
590
386
641
414
225
51
52
316
135
215
830
398
520
767
302
830
742
535
258
638
584
226
493
262
236
625
478
316
598
410
726
25
109
772
168
528
273
399
82
115
189
482
468
422
174
648
216
121
185
609
621
725
210
214
789
400
475
668
602
575
450
654
490
532
8
340
632
364
273
806
294
309
807
601
560
497
775
3
331
578
768
350
454
87
122
69
213
711
805
578
727
134
392
481
250
666
332
679
164
391
108
390
430
467
584
64
176
188
312
647
436
786
479
117
73
40
286
525
570
807
315
74
272
801
628
539
748
481
289
362
582
726
262
504
51
158
443
304
363
17
476
344
177
142
80
715
181
128
819
790
648
443
445
92
457
545
218
299
475
760
682
110
160
167
259
757
519
130
583
633
413
762
183
325
272
310
770
129
230
60
722
344
662
580
643
725
274
690
11
173
691
126
54
649
38
159
285
417
78
101
709
36
789
123
331
169
361
193
450
33
168
527
237
112
582
380
366
724
46
672
347
119
277
451
343
177
460
240
89
246
22
81
585
618
772
341
384
691
214
589
654
824
686
291
270
90
394
61
263
70
807
562
499
686
516
437
814
603
489
360
316
23
560
322
201
633
824
347
433
397
373
598
459
379
691
256
50
48
585
524
621
686
585
654
433
555
43
213
770
156
493
384
716
769
71
148
797
608
659
803
572
502
102
144
514
671
51
34
187
542
506
182
697
443
24
477
737
334
624
346
802
170
662
207
209
626
751
759
550
431
650
770
656
714
809
369
365
509
613
460
226
342
232
551
244
279
311
664
108
306
560
558
348
165
421
34
298
145
142
378
809
311
446
605
655
555
329
268
2
152
300
765
333
327
587
485
29
696
366
817
94
183
60
726
229
667
512
162
689
318
125
781
326
304
276
315
771
719
409
790
275
234
59
594
635
150
57
87
617
788
686
418
151
223
289
472
244
276
700
684
91
729
547
554
79
18
694
400
51
800
304
415
224
342
125
557
380
286
818
462
789
601
679
518
155
159
487
162
597
632
133
621
536
160
166
689
772
658
252
27
219
176
400
224
814
687
591
642
139
573
533
455
320
345
448
660
555
616
272
98
82
688
723
822
47
657
180
813
364
395
218
225
616
69
255
54
434
502
112
809
388
468
196
755
324
416
433
425
536
556
200
381
199
619
199
83
272
374
721
621
62
519
793
149
387
290
405
132
308
393
36
305
777
585
216
657
63
315
478
814
68
775
269
332
409
815
493
581
15
486
377
434
121
691
98
764
238
378
645
502
823
170
172
290
27
191
184
536
52
186
447
152
603
450
726
733
116
595
319
747
48
304
802
365
458
596
347
79
73
636
196
272
84
206
794
328
17
679
213
515
742
805
574
679
480
216
407
540
333
172
759
3
64
99
503
209
34
669
111
752
358
666
731
86
439
322
825
342
809
67
511
185
24
638
133
456
556
139
112
24
354
687
577
419
104
403
44
543
449
792
475
452
828
479
431
830
524
651
408
504
402
182
162
287
5
639
120
464
768
337
147
802
569
729
100
639
268
383
42
682
573
620
262
688
298
9
332
807
250
802
364
429
467
754
188
382
171
448
264
329
264
107
761
526
542
352
374
156
342
52
427
702
99
714
734
477
734
293
12
373
56
59
163
484
416
155
59
407
79
129
529
191
690
375
336
67
737
784
721
88
671
232
531
19
455
822
244
555
387
778
73
286
336
206
576
731
418
782
406
781
301
13
227
765
451
379
50
23
639
469
115
341
751
193
518
218
17
54
737
728
122
491
560
646
773
295
175
625
483
267
802
586
530
732
61
401
701
663
58
265
72
671
105
297
571
526
191
10
468
203
475
255
826
343
26
720
737
18
817
373
172
687
317
746
724
488
335
812
346
417
138
133
581
633
467
698
7
536
729
636
546
518
172
788
44
305
88
100
344
699
697
635
25
727
755
159
448
141
548
361
53
235
146
488
371
480
229
282
518
805
483
424
380
251
13
90
17
472
607
337
222
435
761
716
590
151
201
179
252
275
49
812
325
682
790
277
257
517
502
327
13
48
33
328
573
422
251
742
739
41
493
363
803
65
14
56
239
24
279
411
539
565
794
769
210
563
746
150
487
232
275
678
499
70
365
620
547
459
307
225
315
439
84
795
520
467
537
398
250
427
731
165
671
504
502
361
696
164
677
329
571
604
404
227
269
720
383
803
408
725
355
375
263
786
425
264
214
268
345
71
521
274
99
608
49
370
226
489
613
501
223
738
605
395
479
640
267
404
700
380
569
167
569
80
379
124
214
518
310
263
52
823
234
22
74
403
245
745
664
351
580
496
481
731
316
425
303
512
448
808
426
688
4
567
741
129
540
406
791
429
544
734
823
490
524
606
476
342
123
442
62
409
315
31
341
74
65
607
35
327
230
609
210
52
519
431
47
450
305
53
609
708
218
660
793
67
413
105
167
63
47
535
520
594
828
72
809
158
145
586
655
654
783
423
163
168
768
9
503
551
554
684
768
211
453
582
4
488
167
253
613
758
181
33
366
51
19
541
720
295
223
642
220
332
689
24
156
291
362
694
459
783
182
133
636
553
810
130
632
250
257
194
678
772
365
541
205
559
544
156
109
481
117
166
488
389
177
62
609
730
642
9
301
161
732
47
279
447
749
512
559
764
813
261
344
284
83
155
186
84
300
294
112
411
449
302
9
516
434
778
364
607
826
225
733
454
432
534
176
186
753
803
462
721
689
798
808
217
396
115
105
80
550
34
581
165
667
123
481
396
356
336
695
130
407
294
344
292
109
67
731
349
533
611
454
351
166
684
60
721
592
30
740
105
119
600
327
444
313
560
450
709
254
274
307
827
520
268
307
470
651
13
32
113
824
476
125
28
64
154
693
153
645
258
420
650
592
763
203
427
556
786
395
517
50
506
752
344
349
578
471
688
592
726
103
317
374
22
145
351
404
726
606
747
540
284
667
560
700
808
683
244
768
194
108
474
149
198
8
619
316
97
283
579
124
185
496
171
371
499
104
817
581
90
198
370
567
564
692
664
354
658
197
564
43
559
567
241
153
312
178
762
279
181
814
776
783
165
783
478
96
195
321
495
693
328
634
324
80
458
102
32
739
609
79
486
191
95
69
631
751
384
805
38
182
317
333
719
817
317
329
739
19
320
765
406
403
379
139
830
249
721
143
352
551
291
451
529
598
378
419
460
615
282
637
8
117
214
526
617
571
500
348
253
281
729
334
377
8
604
238
176
505
435
327
355
550
595
322
673
214
550
644
421
573
288
557
164
23
132
146
134
144
130
698
402
512
498
486
333
118
807
112
211
664
111
283
470
141
756
756
330
726
281
327
223
481
745
766
478
374
723
612
631
63
317
584
202
103
249
727
276
294
623
829
564
652
585
596
411
659
243
701
336
219
395
148
680
409
354
468
775
756
88
670
290
509
548
412
516
259
778
592
273
577
325
450
569
590
509
571
128
117
208
338
338
415
231
648
254
242
20
152
622
687
482
114
576
436
289
260
181
154
756
753
333
214
146
346
697
208
41
777
46
820
346
397
441
271
550
483
292
247
807
628
795
552
252
261
116
722
500
723
684
581
327
606
685
248
525
541
398
17
599
598
622
485
488
421
650
27
737
479
33
696
158
516
34
151
256
439
722
512
596
481
351
14
150
500
530
560
369
493
596
461
185
141
79
430
230
316
633
254
40
395
514
577
413
38
250
338
317
381
758
413
6
276
730
787
328
196
91
625
659
770
422
442
524
541
313
776
783
173
237
807
365
611
183
708
513
468
608
377
432
533
712
634
456
163
386
160
166
286
753
165
750
669
498
358
121
532
114
588
133
662
58
106
393
767
254
481
567
797
512
71
280
40
519
327
673
48
801
340
572
600
571
358
486
47
322
620
487
97
149
692
85
644
412
691
775
746
632
595
815
541
544
715
534
586
105
196
458
276
490
172
636
329
144
457
367
791
517
115
348
169
136
508
36
379
816
100
793
770
205
139
251
742
715
186
755
394
278
104
277
478
776
385
458
125
194
57
499
328
194
411
89
732
74
107
781
168
132
11
564
538
300
563
408
548
163
435
238
596
630
444
307
16
103
754
130
335
490
827
48
712
74
505
368
278
776
476
656
740
313
213
418
77
452
74
726
572
519
71
350
9
524
389
602
191
725
197
442
541
693
782
258
704
554
582
196
395
505
818
575
15
546
569
628
656
241
233
445
826
604
230
6
587
218
515
134
591
407
158
716
483
698
364
779
242
24
566
62
519
789
688
123
572
433
660
790
413
333
160
154
309
547
453
300
485
163
580
175
373
825
367
285
25
3
615
134
209
276
34
742
326
303
641
106
454
308
303
396
599
788
751
178
361
398
830
162
470
817
430
158
505
673
812
378
382
33
737
243
481
489
620
388
425
620
352
356
690
160
385
786
88
353
415
734
467
503
752
754
421
121
556
802
314
35
697
583
32
45
768
211
704
711
355
434
747
679
805
61
48
185
625
259
493
431
23
568
784
603
700
420
199
222
135
391
755
350
626
165
691
48
124
335
389
389
622
598
415
543
786
734
35
801
736
580
198
358
525
688
675
696
800
788
543
371
127
443
274
554
162
601
250
632
530
15
305
74
731
108
192
553
467
162
631
460
519
635
811
373
756
826
576
798
804
65
603
729
309
698
621
136
88
674
247
460
315
188
486
418
110
350
817
447
460
427
73
355
207
634
155
44
607
86
350
137
81
486
481
339
529
538
65
267
13
504
785
477
469
317
400
108
408
753
620
574
36
72
617
57
327
371
66
725
451
209
829
267
719
31
608
777
458
421
323
265
595
746
16
267
253
329
550
421
766
251
753
191
14
86
151
287
555
654
474
427
513
822
759
740
529
598
808
449
625
361
412
630
272
531
333
212
235
623
661
602
816
600
717
372
64
796
773
660
412
429
751
51
780
170
111
605
625
790
144
409
522
161
275
431
550
531
699
481
282
682
792
36
498
151
15
719
249
132
576
312
703
587
47
230
648
337
245
334
669
777
724
389
785
3
825
211
817
562
784
271
653
724
708
306
347
648
292
412
417
509
469
63
636
196
95
208
374
696
11
425
508
611
204
273
70
173
613
653
225
338
697
35
449
767
287
728
265
279
467
817
355
755
70
698
61
144
152
34
500
562
578
787
753
181
640
10
733
559
279
216
57
19
595
420
644
686
580
51
286
31
507
583
632
17
604
54
428
816
316
348
639
201
534
23
215
613
779
53
86
67
553
718
677
287
359
714
420
329
246
410
756
197
395
308
372
434
744
804
572
606
44
341
175
574
604
738
133
632
391
438
404
147
260
353
351
469
47
654
406
373
492
465
782
447
690
217
611
63
434
341
102
37
781
818
535
367
258
495
609
632
147
447
764
733
654
676
110
579
569
220
287
632
76
787
177
331
134
305
353
821
232
588
643
116
163
82
432
187
339
98
208
700
728
481
470
95
506
246
233
526
144
118
193
529
218
59
165
695
811
812
120
211
108
773
630
394
287
604
527
746
432
729
754
262
319
822
711
227
570
527
163
514
129
171
769
162
507
544
7
495
709
8
53
287
728
130
604
609
312
247
449
538
428
503
329
830
616
280
103
496
90
108
47
143
574
785
665
302
739
431
109
198
420
374
280
255
149
211
634
688
237
576
215
704
123
735
762
133
616
561
337
646
615
497
186
388
504
315
544
616
648
646
256
166
115
597
315
600
114
445
5
787
556
806
602
87
233
809
372
155
27
226
23
575
462
822
65
764
550
700
775
297
678
798
620
535
215
804
665
648
44
282
287
116
592
454
462
366
328
829
584
605
316
84
820
132
621
259
420
1
814
808
91
777
121
730
452
323
388
352
501
535
409
673
154
271
423
301
71
92
676
328
562
33
12
651
303
483
463
97
338
804
307
26
378
263
357
317
263
538
682
429
168
507
465
796
682
676
509
52
376
74
356
414
380
547
414
170
299
392
137
400
126
566
650
36
786
624
463
591
289
198
613
396
675
762
714
624
400
668
802
703
438
801
288
827
453
662
157
433
496
411
562
424
689
727
246
128
223
723
589
453
7
463
806
506
540
213
382
82
230
804
147
161
471
536
815
144
302
388
716
752
110
293
604
244
200
385
28
345
734
388
724
645
767
818
104
10
178
533
203
328
112
576
594
367
522
789
603
739
479
568
711
332
509
223
267
569
270
762
632
337
196
195
829
827
501
130
766
44
498
591
426
748
827
527
503
569
782
418
676
238
653
119
814
733
735
267
722
533
6
661
211
612
323
263
41
535
620
544
565
111
668
479
319
171
364
11
365
288
67
485
669
47
20
41
631
391
469
708
616
246
803
20
205
240
746
552
379
368
95
171
695
771
229
201
100
356
178
46
105
68
754
67
343
119
142
745
500
75
635
323
807
363
26
655
801
355
636
129
346
110
188
568
166
290
18
805
92
521
672
399
72
583
89
765
627
487
349
470
796
505
759
649
280
308
164
816
62
719
738
745
781
353
387
702
3
449
608
557
136
202
166
726
640
269
203
401
785
451
238
687
756
216
69
697
619
621
676
317
776
575
404
488
36
660
697
714
619
787
815
121
61
565
270
625
511
556
118
661
550
545
150
173
581
611
539
15
800
221
570
802
355
160
174
774
711
562
506
292
383
505
58
804
605
630
428
213
282
250
321
527
272
313
218
146
290
397
644
772
744
87
193
624
771
227
254
567
501
9
203
511
493
37
532
667
122
51
717
277
724
599
714
278
199
709
422
372
766
79
562
211
572
709
830
438
175
666
475
647
194
716
8
46
581
351
770
174
388
381
20
368
282
276
273
763
362
786
729
796
618
36
422
155
825
460
826
507
787
56
496
589
553
411
99
577
702
448
263
303
488
133
75
773
367
559
477
66
603
693
664
243
378
728
199
823
713
803
380
273
23
380
582
782
770
749
608
401
104
459
718
604
531
375
645
690
644
300
29
753
400
122
57
506
576
668
83
622
250
684
377
183
708
516
639
159
4
212
433
696
122
793
663
816
649
383
551
260
631
110
164
722
750
155
353
290
760
43
319
216
119
827
541
633
129
177
177
765
699
306
439
728
92
275
75
403
137
238
204
714
173
661
410
744
553
199
558
728
144
381
168
475
259
773
552
679
243
461
381
91
460
527
178
324
116
487
245
714
199
434
663
775
367
294
408
119
90
723
72
406
10
88
34
329
461
551
282
348
62
762
540
412
306
605
515
521
230
86
183
407
107
10
422
581
599
379
415
492
462
792
445
757
4
447
235
809
66
5
15
516
592
123
6
451
555
422
441
677
444
461
766
61
36
755
70
696
271
127
265
65
119
242
443
455
536
368
77
485
368
157
541
637
633
165
721
94
736
589
552
235
432
822
232
674
58
748
723
24
668
26
320
400
684
228
463
182
654
226
119
408
430
680
234
727
131
56
347
713
809
118
528
623
575
233
790
19
281
241
581
224
310
668
16
159
502
273
328
781
472
467
571
63
539
788
345
229
422
490
8
126
445
199
372
544
47
669
236
797
631
539
454
445
80
434
350
178
659
747
807
258
166
469
319
242
778
620
175
330
662
363
359
88
155
751
389
756
186
821
581
599
90
209
20
821
684
740
746
618
83
826
361
456
161
691
64
486
786
677
524
582
262
735
303
374
119
687
681
7
239
705
582
151
759
377
94
365
35
140
697
760
738
414
179
143
333
306
525
374
570
692
235
557
278
18
486
633
792
693
436
783
741
209
765
147
661
521
552
99
605
281
707
509
64
802
597
344
722
653
362
797
654
791
455
753
389
675
312
360
27
164
438
675
446
454
291
275
787
195
767
414
646
405
441
66
699
811
186
216
757
819
378
762
789
452
98
192
680
419
524
785
119
231
151
542
449
273
226
789
772
284
369
793
18
622
324
402
105
746
491
541
109
395
137
394
748
342
748
514
724
186
184
256
237
780
486
653
143
7
117
457
192
648
184
96
170
461
592
52
23
517
736
533
352
748
166
395
821
812
385
727
819
122
417
573
253
419
143
435
171
77
506
659
378
486
57
394
358
782
572
656
746
461
369
234
614
293
10
612
504
307
630
239
463
14
515
10
340
694
790
529
20
431
415
576
787
269
530
763
792
107
294
745
15
339
54
397
494
830
715
116
818
647
784
447
142
573
359
7
170
681
500
52
151
91
60
149
54
628
373
319
191
434
124
601
308
716
619
578
453
663
145
711
187
423
545
507
72
489
552
763
197
316
647
201
200
376
390
718
30
812
490
408
39
804
331
303
558
188
686
827
627
472
808
752
324
478
637
215
193
200
86
343
401
813
660
469
314
63
41
143
541
577
625
711
554
513
327
126
517
448
34
462
680
354
167
376
642
238
115
33
731
115
645
193
666
214
125
476
617
7
820
733
240
87
513
594
199
593
666
107
585
178
658
690
703
682
584
583
130
194
531
635
406
139
485
634
249
755
601
239
157
689
659
828
329
288
168
487
764
707
436
27
193
80
381
541
772
675
421
168
219
382
722
527
712
703
83
697
636
388
432
507
41
441
279
376
486
673
556
636
619
556
378
829
542
773
714
216
40
173
647
370
380
611
554
282
377
212
72
14
282
179
619
185
187
220
690
456
703
579
199
627
615
449
234
671
516
609
137
314
755
359
107
12
311
541
377
244
797
670
473
750
237
310
328
492
819
114
145
375
149
689
709
312
791
204
160
414
421
415
413
79
534
733
61
170
561
690
39
420
259
305
514
177
157
512
366
19
401
645
737
250
83
386
282
823
119
429
621
203
91
613
692
200
699
585
483
463
743
143
683
796
562
696
630
95
740
191
528
283
420
462
373
544
711
450
9
327
455
395
721
805
773
272
177
134
224
602
401
205
612
712
273
770
455
623
558
564
221
226
404
406
823
728
724
685
680
783
447
103
592
561
61
638
17
124
825
779
74
289
318
104
423
220
758
599
412
139
4
49
435
442
480
307
252
266
583
264
84
384
385
619
746
683
54
501
818
75
471
806
218
702
404
106
546
639
84
255
174
817
563
644
706
619
386
477
563
335
222
594
380
608
774
379
63
214
639
495
362
670
477
695
332
561
660
232
540
684
324
455
189
245
576
342
350
753
448
158
768
403
811
107
530
638
481
605
432
670
557
368
542
130
373
89
482
448
388
702
309
654
219
684
806
649
232
91
620
195
714
624
359
136
65
316
442
596
173
90
157
471
110
706
291
760
468
638
314
510
716
736
478
511
645
229
736
510
31
159
247
546
118
8
755
785
325
752
245
309
11
448
158
63
438
730
776
337
824
297
656
269
107
372
683
730
571
71
87
781
250
810
823
623
522
264
277
263
729
317
180
447
583
544
453
754
219
368
588
822
28
757
303
646
459
534
339
478
628
565
771
377
265
335
123
617
424
386
28
73
366
628
718
794
614
199
463
526
187
251
475
223
679
1
550
722
432
761
72
261
353
15
613
326
139
431
99
748
590
18
523
410
711
293
535
305
779
774
329
170
607
419
736
73
651
352
358
627
37
151
646
184
695
765
157
93
344
255
475
51
417
221
821
462
434
526
94
795
562
655
420
576
254
83
549
628
721
642
391
271
302
605
520
686
91
374
788
343
364
760
401
602
825
782
536
419
572
39
220
721
312
792
130
616
329
513
345
122
691
744
259
217
509
575
87
309
638
63
285
340
424
201
822
540
482
565
189
307
139
155
111
474
485
82
165
480
3
342
370
730
677
461
22
294
299
286
612
106
427
699
778
807
299
105
532
386
297
727
217
15
5
354
768
331
539
459
220
428
407
685
533
648
37
333
20
286
738
437
746
823
795
730
275
217
458
773
67
484
42
221
444
313
467
718
567
108
693
318
24
826
602
396
220
68
807
304
572
338
277
653
101
112
527
309
671
472
588
453
125
349
101
452
764
824
163
417
175
386
642
28
60
452
261
53
485
389
770
107
757
817
668
509
586
730
206
532
447
436
475
526
419
183
211
243
668
388
678
282
217
91
135
248
220
207
782
116
100
438
273
683
691
418
304
104
803
432
424
599
245
761
513
134
422
431
144
763
779
470
273
389
545
143
67
824
468
624
380
308
43
167
122
553
355
674
688
189
616
623
665
739
80
125
676
548
256
214
753
435
15
369
231
447
752
295
466
245
770
718
595
650
89
371
257
345
539
401
230
516
606
131
286
766
393
237
435
489
231
198
663
502
471
665
48
59
128
554
545
421
644
300
762
447
121
372
513
704
71
259
72
468
92
529
323
782
794
551
689
545
318
668
530
376
146
467
748
350
490
60
464
119
252
738
328
522
645
265
22
374
614
378
274
191
17
321
385
230
161
575
220
537
371
336
776
197
714
555
514
197
69
667
166
431
767
248
420
683
677
79
696
792
750
245
121
738
549
100
100
648
453
41
680
621
442
393
466
637
512
22
8
391
712
312
702
364
409
702
716
311
468
450
577
644
387
3
495
367
250
728
330
281
585
822
642
788
158
424
519
493
331
25
19
132
388
200
357
451
231
197
162
464
584
657
110
128
735
645
385
684
101
633
593
10
341
129
501
33
221
643
755
292
408
65
4
170
550
737
653
413
502
614
151
735
491
351
476
648
532
309
669
401
648
710
466
514
756
97
577
373
144
647
447
124
707
335
386
192
748
487
750
533
154
280
770
557
21
746
544
218
394
24
522
223
280
120
194
325
635
285
654
327
54
520
159
93
40
772
669
729
71
218
242
689
459
533
730
771
794
128
71
125
341
216
631
399
431
619
586
797
169
385
828
640
729
669
804
69
362
159
302
805
302
167
268
51
320
7
137
105
417
297
519
782
343
610
446
394
60
446
470
46
694
678
19
576
407
187
138
298
703
823
824
139
827
736
349
686
346
666
511
721
19
394
158
266
730
717
476
603
299
36
84
392
599
774
80
26
291
118
444
551
469
46
39
530
169
817
125
715
188
463
529
636
749
552
141
760
708
358
386
238
366
783
614
544
642
412
776
754
193
250
447
731
304
365
141
216
595
1
9
223
163
724
579
384
250
47
710
629
769
579
800
171
149
632
587
457
674
197
174
784
509
370
653
369
480
144
454
59
728
785
589
517
229
679
244
608
763
100
451
161
293
42
182
183
671
718
734
364
514
575
198
605
513
125
803
221
651
133
799
378
328
480
338
143
586
407
351
796
692
391
358
782
634
322
514
376
445
485
517
163
660
631
786
229
758
717
716
655
649
430
538
698
241
434
664
109
440
675
271
789
706
258
148
631
356
333
143
348
376
783
752
97
815
504
563
585
497
396
783
685
617
334
105
16
723
165
662
24
263
672
552
130
254
807
759
596
483
703
284
162
448
672
135
161
65
474
449
429
292
684
715
767
487
804
91
253
602
471
673
714
119
406
403
476
119
629
291
65
737
702
574
776
203
174
770
480
208
653
574
405
471
136
740
637
163
588
202
27
225
414
108
103
798
814
246
732
143
260
547
393
786
829
58
532
569
764
616
191
587
676
8
106
31
399
479
705
347
154
67
458
24
179
748
541
28
97
181
665
200
752
317
125
33
10
44
372
447
454
793
750
776
755
674
236
740
455
633
71
289
711
402
385
689
475
767
260
786
473
573
122
760
428
28
249
387
47
738
455
401
567
131
119
79
572
248
754
203
631
786
755
700
560
767
437
409
160
246
153
672
109
653
812
379
596
67
248
177
794
142
112
553
781
626
46
661
645
59
278
63
249
40
69
596
576
340
89
391
222
793
343
726
762
725
751
584
43
598
508
351
126
88
460
174
609
58
249
451
676
516
459
462
174
94
363
141
675
708
195
726
379
701
504
27
731
313
303
291
531
571
295
440
120
39
274
803
807
480
380
170
24
753
824
357
100
249
813
772
440
603
730
440
327
782
235
358
817
511
168
159
231
623
827
529
611
46
308
446
214
266
727
334
826
684
776
584
669
279
803
607
361
323
185
508
34
403
89
85
620
571
410
346
126
669
769
366
474
330
605
751
829
100
177
688
787
380
126
375
569
591
156
724
380
151
357
187
824
346
523
369
627
355
761
449
509
350
59
39
570
800
447
659
421
642
683
511
425
321
212
645
3
42
121
741
330
423
42
177
296
416
643
263
278
454
481
141
154
503
447
630
753
239
804
455
106
108
198
762
298
493
263
763
812
705
478
634
463
688
574
765
212
755
199
306
404
134
333
38
197
673
67
89
409
189
510
375
580
30
112
297
156
555
782
672
654
609
169
409
72
701
574
355
647
53
520
264
638
131
24
749
118
430
759
209
440
215
419
59
686
578
193
88
591
622
44
94
767
669
609
188
364
311
42
506
699
106
627
246
565
513
573
392
552
717
397
753
54
380
163
395
357
647
648
137
11
729
462
564
500
467
227
478
83
624
159
546
173
768
546
576
827
249
450
742
529
428
38
733
90
571
192
689
354
770
554
14
289
690
754
324
311
420
208
266
461
137
91
700
783
8
411
57
356
2
348
135
821
161
218
818
323
285
294
128
266
514
315
658
779
580
404
535
342
156
201
661
494
786
816
301
788
822
139
399
768
470
22
698
624
640
574
460
718
110
53
803
296
703
585
635
795
286
683
142
753
632
297
414
227
683
379
611
569
759
761
477
618
490
414
620
349
612
184
539
485
325
597
536
10
136
475
722
198
306
65
761
73
218
490
359
22
232
525
410
734
760
710
150
525
629
234
776
428
491
327
13
113
795
191
715
319
70
752
495
410
244
503
793
104
386
495
97
607
54
817
284
758
202
291
818
529
184
387
780
661
511
716
102
352
435
176
600
380
770
396
498
471
316
12
419
115
309
277
231
785
5
613
157
562
810
332
656
217
784
718
367
577
654
276
94
698
659
390
669
617
135
292
441
616
365
523
496
552
34
552
496
741
565
113
627
429
545
375
662
215
641
652
304
637
313
334
537
320
523
48
523
638
772
693
366
455
678
679
588
26
499
423
548
465
294
33
583
437
605
830
134
291
345
319
369
334
29
593
321
91
729
462
17
596
489
304
277
360
39
400
618
543
758
432
290
534
428
634
674
718
505
277
778
681
604
197
815
458
750
802
437
228
571
585
412
236
642
375
397
460
274
822
275
331
712
312
602
829
51
394
665
315
538
154
99
531
348
582
434
551
826
363
34
262
204
85
591
187
74
262
299
825
615
337
785
677
569
153
239
677
80
168
517
484
3
143
480
62
274
398
696
24
199
329
657
433
806
589
214
414
268
714
696
153
12
707
283
13
525
163
94
183
595
561
577
686
280
7
25
778
769
683
137
461
563
75
9
5
372
586
49
328
550
175
251
786
176
376
765
109
483
169
759
215
733
30
736
568
390
553
443
135
190
357
65
182
392
621
316
642
91
372
495
726
456
614
9
547
317
539
21
576
80
354
160
30
231
119
466
156
331
26
401
298
111
54
370
340
275
252
761
95
830
801
751
631
432
184
609
788
667
198
438
731
552
467
527
491
338
622
807
143
227
432
113
523
426
389
311
442
73
414
424
408
805
619
598
189
547
1
389
544
240
162
162
792
414
719
412
551
530
79
24
390
254
345
199
113
413
16
281
568
633
390
48
802
369
291
629
608
513
356
626
49
416
69
60
40
85
646
635
427
744
783
11
236
542
262
148
196
674
660
693
653
84
801
318
245
522
730
333
89
750
20
98
807
515
39
765
299
147
303
603
305
24
238
810
429
55
148
528
209
637
87
800
141
499
653
685
356
334
245
18
430
100
163
692
384
753
770
148
212
71
686
711
435
8
263
538
330
726
323
362
249
267
776
736
160
71
693
183
548
84
323
285
417
117
799
5
808
813
808
620
478
137
368
821
62
459
166
201
536
403
607
511
609
178
695
337
395
136
313
386
696
343
127
314
590
658
604
107
254
300
227
164
349
827
12
441
205
566
786
201
442
449
227
344
30
405
528
93
412
782
172
630
19
636
37
274
794
777
642
581
404
131
54
608
796
24
209
56
452
246
76
599
395
404
194
325
671
125
584
782
758
785
100
817
19
614
774
578
696
603
94
38
798
66
794
68
593
82
809
5
605
115
575
482
501
248
291
39
623
298
499
184
288
35
340
238
557
665
647
515
468
539
91
776
130
210
588
621
190
390
27
552
788
87
328
314
199
478
734
3
481
18
178
772
435
390
770
172
551
183
494
595
252
21
172
361
640
692
401
292
529
788
29
808
704
21
678
541
713
619
651
534
499
134
51
480
387
84
816
547
517
17
120
721
304
249
85
500
808
205
286
244
345
756
93
84
261
139
803
195
23
366
541
735
25
642
105
755
663
747
229
496
359
167
315
496
414
636
159
181
779
371
215
698
721
299
90
364
674
787
32
345
343
233
571
117
348
284
668
616
398
632
460
739
487
365
440
689
567
621
830
41
455
9
63
638
251
279
667
629
807
269
188
310
651
590
17
204
541
631
728
264
672
92
342
501
542
343
703
687
312
629
5
309
205
1
467
419
265
561
506
703
429
598
35
587
810
732
204
327
540
307
141
547
361
68
278
169
515
173
173
510
346
280
765
687
680
103
313
88
94
174
814
737
184
222
404
601
734
505
250
210
652
282
340
229
54
725
220
812
6
161
487
80
802
804
521
563
726
81
527
607
523
51
627
138
776
231
477
530
123
627
484
5
624
763
454
225
146
659
77
511
450
315
714
387
580
491
640
696
91
597
453
322
109
441
305
72
13
368
251
692
244
293
365
762
77
204
558
773
737
26
273
2
382
24
732
189
384
174
388
419
224
618
549
513
475
813
605
673
108
642
337
130
307
420
561
628
115
217
103
287
529
321
296
360
498
608
403
449
470
595
20
655
369
357
657
475
334
741
796
659
7
178
589
709
114
314
131
542
755
455
550
746
526
495
128
536
360
234
223
205
231
93
503
420
190
474
215
238
352
401
702
423
419
749
431
135
654
150
514
636
764
123
481
254
583
293
120
803
288
596
535
79
631
415
559
327
425
89
487
727
598
44
827
752
693
282
476
84
121
483
581
466
334
199
552
52
23
30
341
281
47
667
190
494
591
440
446
653
428
535
803
550
768
785
808
444
356
483
298
295
519
764
495
747
457
255
544
233
7
518
677
712
588
701
160
218
703
240
434
88
79
171
617
719
728
806
249
629
61
588
31
454
124
519
387
252
242
50
676
669
216
828
156
642
730
648
521
713
730
275
247
103
523
231
422
41
27
381
238
12
255
552
117
803
390
580
561
256
763
576
180
221
75
424
57
604
798
678
283
458
591
99
403
281
321
519
587
671
274
3
603
577
799
48
148
594
125
820
204
634
739
760
180
56
51
560
197
667
217
610
125
579
385
611
689
261
730
150
298
630
225
54
35
495
44
411
178
144
415
707
525
820
17
825
643
780
15
772
416
642
347
727
97
446
124
390
365
648
373
48
563
260
570
648
164
374
422
811
189
516
508
620
633
734
163
828
290
734
206
143
627
649
143
644
282
450
610
523
701
277
482
398
478
33
344
736
558
724
358
402
804
49
362
738
26
670
735
583
121
139
339
88
819
21
739
768
813
284
621
598
339
172
440
3
589
593
284
160
795
720
431
707
184
666
266
797
249
550
553
506
560
408
564
446
681
376
311
515
568
397
677
522
709
123
83
735
93
189
524
418
512
23
265
753
595
442
795
267
433
223
46
311
692
437
60
701
356
480
226
754
473
299
325
770
396
197
436
374
67
1
173
166
662
336
316
481
510
171
159
573
251
212
263
551
666
399
321
172
775
308
145
374
787
580
469
773
233
741
520
111
54
291
242
179
532
17
443
418
230
39
756
184
783
570
61
722
765
627
166
67
802
693
298
723
787
790
85
390
812
316
708
326
64
684
652
331
367
788
74
483
581
497
183
95
808
10
398
281
108
798
515
280
430
366
239
571
136
176
321
690
283
39
336
348
546
632
536
266
23
755
171
68
139
192
286
322
539
716
703
444
487
207
206
45
23
322
763
417
54
619
673
314
72
509
428
635
783
225
55
199
203
608
330
420
585
494
82
800
441
7
565
239
126
616
264
417
141
692
742
306
757
601
9
294
441
188
251
328
577
543
135
377
284
484
363
584
131
723
301
199
63
776
155
261
106
648
689
512
392
431
318
745
47
69
300
700
722
353
620
616
662
299
456
637
774
809
633
699
24
387
42
718
650
184
196
785
107
507
669
550
407
581
627
622
197
450
119
563
69
406
105
768
523
710
745
286
775
165
93
721
806
39
116
286
109
672
458
274
186
81
503
630
153
141
201
247
276
587
560
191
448
240
351
275
745
566
599
513
594
463
649
224
59
475
667
329
37
66
304
337
279
80
73
402
510
581
192
694
129
126
756
9
107
396
45
385
122
658
206
584
488
25
823
627
523
342
808
8
24
187
319
588
244
210
36
552
28
394
757
550
157
766
42
351
750
101
163
180
167
402
317
184
650
286
88
705
320
629
204
425
329
276
517
492
332
304
190
438
58
277
413
21
249
600
108
108
253
547
520
741
296
82
667
235
261
455
688
482
344
185
663
413
96
56
823
601
361
274
428
168
231
191
579
648
131
451
309
776
797
272
36
268
448
749
207
247
463
427
383
75
202
676
522
78
559
780
181
687
457
559
113
727
65
104
148
723
529
10
375
341
335
152
50
556
231
160
97
126
708
710
383
309
461
504
212
759
338
219
213
510
461
280
24
443
157
589
656
560
126
322
158
60
510
184
779
41
680
215
671
795
619
266
666
508
501
126
45
406
742
85
48
180
55
820
697
443
638
319
341
62
402
65
659
219
182
179
67
622
168
771
264
521
484
298
381
97
505
415
688
107
795
384
555
571
59
353
332
799
777
138
580
510
556
487
375
58
539
500
330
444
354
485
594
149
247
615
674
555
578
726
259
670
247
758
717
502
405
230
747
187
105
808
416
210
390
473
570
181
471
617
112
766
27
789
425
651
315
410
120
353
684
359
164
490
273
540
95
662
776
202
74
66
807
138
221
5
586
753
643
134
828
713
686
123
394
334
54
559
691
435
153
591
308
231
590
101
716
215
375
681
341
220
299
213
427
529
734
549
612
662
724
68
219
418
279
553
641
431
380
389
464
256
466
123
754
35
674
543
18
708
132
759
597
23
206
702
7
458
206
646
19
675
765
262
375
345
328
657
377
560
284
163
400
477
294
289
661
712
700
136
725
713
197
319
652
338
261
72
345
751
26
67
285
120
537
682
286
186
128
675
769
12
430
691
179
792
820
203
613
45
1
712
117
162
558
540
768
456
324
240
628
793
491
769
563
113
401
695
786
225
410
381
410
31
742
48
796
748
657
220
84
786
153
233
82
227
119
339
727
484
393
770
479
307
638
314
188
363
400
580
790
703
669
414
51
523
245
539
224
160
601
31
331
37
462
336
362
258
570
248
717
152
382
484
65
749
100
484
485
159
465
193
656
451
389
223
729
353
392
237
531
45
680
375
40
760
679
499
238
116
489
118
350
618
417
520
310
116
504
682
453
405
647
475
637
641
706
414
20
445
790
333
440
172
531
311
455
756
822
651
769
793
549
821
619
209
76
793
258
145
324
537
127
23
631
487
518
801
261
693
642
665
255
340
776
598
373
207
528
505
163
27
807
708
546
557
89
722
330
792
495
391
690
207
766
794
418
143
118
812
17
254
130
559
457
403
83
752
23
185
146
291
648
550
434
209
431
154
235
797
56
516
700
517
257
283
276
703
203
582
99
614
241
414
151
339
326
443
233
25
69
214
234
658
823
351
680
690
436
238
695
539
119
23
685
312
562
32
502
455
593
322
463
273
117
776
344
185
816
268
196
374
500
428
123
77
206
217
206
267
103
160
701
353
367
132
292
448
4
407
562
302
394
268
421
468
792
295
652
416
326
46
568
434
421
556
269
800
160
353
190
396
803
666
594
692
276
536
291
827
83
18
223
332
169
516
496
782
274
701
704
810
144
502
725
517
149
468
113
30
830
604
57
149
357
662
273
776
620
583
110
682
418
672
330
75
732
590
222
318
396
143
810
717
391
447
422
631
371
169
380
823
25
591
724
558
419
109
694
476
270
501
68
269
673
749
367
394
694
504
240
647
463
597
368
653
762
213
680
591
364
341
664
686
538
433
717
216
688
826
197
182
502
596
290
116
751
513
606
789
416
443
231
56
574
187
305
505
818
29
497
473
660
233
390
184
199
267
583
727
611
736
357
282
469
336
359
822
352
446
540
398
656
635
284
120
213
144
288
244
334
142
258
651
435
807
84
514
148
700
380
300
207
82
105
570
654
413
762
690
805
656
645
499
359
467
735
345
810
315
579
547
436
749
766
74
324
410
479
103
337
605
793
669
516
466
739
381
134
751
533
608
476
204
200
16
815
606
70
389
790
172
68
99
738
415
738
489
332
693
200
471
445
544
93
767
437
91
432
159
527
403
194
387
125
318
595
477
170
791
26
678
300
266
812
450
251
463
730
538
6
505
714
224
780
400
55
271
99
388
325
528
805
786
699
268
613
95
753
58
704
774
95
411
547
11
647
16
686
803
106
204
629
812
745
713
656
267
634
472
299
173
625
40
67
708
564
254
655
377
503
27
550
417
393
237
788
154
743
93
268
527
450
775
147
555
590
6
91
149
468
136
417
575
194
496
413
387
444
463
47
674
356
258
454
61
584
221
385
166
111
777
534
331
704
417
399
797
609
494
222
359
498
815
96
109
454
41
476
442
447
547
50
499
381
419
444
81
643
595
729
324
422
188
518
107
139
817
503
415
612
807
771
233
300
273
822
674
127
316
480
559
203
106
531
699
822
469
795
67
422
194
315
319
140
30
804
139
583
536
359
553
605
230
377
786
218
205
606
179
597
567
108
300
17
336
193
748
188
780
360
322
28
446
513
402
596
588
455
6
195
798
123
270
800
52
405
135
673
141
449
687
658
627
492
465
61
329
778
823
24
821
725
547
309
218
755
210
395
594
322
383
435
171
810
607
191
133
210
416
472
238
183
300
825
8
470
158
813
541
126
744
182
724
358
76
792
75
341
381
679
374
450
610
811
105
361
400
7
62
87
433
627
586
229
519
585
251
469
267
493
527
478
167
754
109
606
682
197
789
112
459
182
740
518
478
24
7
312
112
117
314
144
389
468
8
657
101
192
344
97
325
705
701
79
232
498
327
684
635
747
532
83
574
365
395
384
473
531
97
471
395
763
351
103
697
447
294
806
461
136
254
343
420
386
99
170
187
659
250
38
663
269
347
86
180
744
380
124
6
614
613
97
251
280
407
215
395
634
296
721
70
453
722
556
271
337
453
402
281
643
812
638
542
97
647
684
211
251
158
130
13
254
590
218
635
70
38
824
306
637
160
729
284
255
605
14
222
241
542
778
134
566
779
233
546
510
220
787
826
330
226
202
78
263
419
162
452
683
147
370
425
746
564
300
52
107
641
504
280
423
573
633
6
311
630
68
188
100
716
436
656
718
69
583
827
701
685
582
495
393
66
88
726
580
821
605
193
454
821
345
695
53
255
706
373
565
291
421
595
174
70
450
8
449
778
321
514
174
25
588
377
556
544
67
710
645
79
247
171
136
291
27
54
410
639
520
318
293
478
344
152
534
285
49
402
387
806
794
454
180
664
25
335
288
93
393
697
681
539
262
801
811
444
79
133
10
573
325
591
380
586
53
237
504
229
90
51
547
29
364
741
347
443
577
531
358
228
299
144
652
354
259
189
270
570
183
156
171
764
616
547
545
147
135
782
556
442
654
445
517
604
290
557
738
576
711
601
468
603
377
421
241
423
772
721
112
526
482
448
486
760
510
142
763
740
694
805
425
215
709
11
633
501
119
802
748
208
640
205
294
388
669
737
645
622
218
72
772
830
141
357
101
303
214
375
557
147
202
171
791
19
497
469
144
364
652
7
505
54
572
663
174
752
646
46
617
414
51
325
549
212
493
590
683
83
223
506
767
699
440
99
685
340
808
338
628
601
123
683
775
52
194
86
602
63
168
235
374
781
600
265
341
350
621
466
538
341
500
243
189
116
558
491
122
91
520
126
272
679
369
153
479
597
726
153
201
586
147
251
64
157
746
393
580
327
573
277
441
775
392
442
340
659
327
442
800
151
728
639
442
665
329
412
557
133
754
73
70
306
243
522
375
830
391
660
789
288
99
66
771
503
628
436
350
93
434
702
392
70
303
34
803
203
15
538
632
146
545
433
694
292
516
633
796
736
241
747
555
46
588
395
492
400
131
58
754
648
71
671
321
442
749
388
441
46
215
591
523
298
536
565
522
555
65
45
396
756
679
453
681
451
314
182
50
733
198
456
469
720
236
758
169
51
15
614
151
464
393
328
361
86
323
266
796
785
535
675
600
355
649
196
823
721
232
115
416
55
180
451
640
20
279
363
649
500
561
176
812
43
413
52
478
724
279
112
637
627
534
190
265
563
499
653
810
806
684
451
619
552
224
591
735
423
446
601
491
23
373
165
723
769
804
131
269
515
691
151
809
22
793
320
688
587
340
472
335
296
151
609
601
416
41
473
324
426
666
687
85
677
232
616
351
284
658
280
491
129
370
559
120
779
733
36
665
249
612
164
336
355
239
522
192
469
407
491
161
642
175
188
689
644
24
622
158
7
55
101
614
482
738
300
215
518
107
536
133
538
795
597
272
192
214
448
28
699
52
470
350
34
69
64
308
352
570
434
195
212
87
749
691
735
274
755
672
112
619
214
227
482
420
181
427
205
215
770
652
788
789
801
379
241
393
761
673
776
580
697
171
284
537
579
689
296
63
261
575
221
509
66
93
739
502
301
630
551
656
588
295
407
634
332
676
594
611
497
438
656
578
191
249
419
830
553
689
112
417
141
505
667
443
543
589
413
622
75
357
158
12
363
132
580
187
245
632
238
228
569
365
627
167
717
272
235
565
245
646
614
657
285
771
359
257
81
363
136
522
573
194
282
658
59
376
572
472
198
545
826
474
638
693
606
62
352
222
34
814
784
193
761
712
661
73
358
559
80
18
331
75
16
764
199
581
336
9
684
549
796
439
7
98
552
88
419
544
616
491
84
532
626
282
270
370
266
669
758
804
700
73
326
651
552
158
236
589
66
493
714
36
312
140
331
70
506
709
207
137
752
60
195
83
433
825
590
610
175
45
643
606
454
245
655
242
768
598
553
124
406
123
674
327
136
673
261
663
568
828
430
633
648
462
251
309
411
484
537
515
599
180
264
229
538
49
825
519
172
72
752
758
728
524
557
521
503
721
609
618
322
195
227
327
228
418
191
759
607
83
109
433
792
334
629
230
109
11
344
773
609
279
58
227
334
126
654
469
22
795
745
32
563
167
318
560
442
396
674
672
393
565
339
633
541
288
19
744
250
602
42
218
152
731
601
688
393
702
711
600
22
48
503
125
671
805
375
718
277
571
168
239
599
329
749
653
32
20
4
632
5
89
111
641
606
82
598
318
283
746
819
11
774
605
695
614
458
676
259
463
399
791
730
591
783
156
361
95
584
415
281
824
16
799
219
331
813
778
419
530
525
632
354
605
570
468
612
713
297
87
280
369
294
172
759
614
798
489
217
526
777
291
807
413
368
75
631
801
481
256
666
566
452
488
578
225
630
734
605
670
546
185
734
130
451
220
182
22
372
407
541
14
417
623
221
199
179
187
810
738
116
448
406
682
667
703
200
814
358
542
262
191
327
687
45
369
228
43
254
799
192
168
22
299
390
786
289
799
702
134
723
308
329
389
370
810
712
122
648
752
544
573
264
798
192
157
496
5
215
224
207
95
500
425
756
484
178
24
160
710
808
451
495
730
639
564
474
545
124
187
519
18
377
137
247
797
49
787
704
301
820
221
334
530
562
342
726
394
581
428
416
16
159
110
597
54
55
136
565
471
272
792
387
162
505
406
487
736
155
295
313
528
477
38
535
246
784
610
96
492
138
562
304
84
536
396
408
32
613
488
2
539
531
189
578
829
503
425
515
81
711
447
147
309
715
414
596
448
331
682
271
580
807
90
279
133
249
514
551
522
784
212
321
388
158
52
711
285
487
101
179
46
677
61
561
611
279
49
680
650
296
665
354
585
420
73
30
354
145
600
671
341
234
113
688
63
132
56
286
773
142
590
525
669
815
27
524
437
118
630
238
436
494
530
405
382
348
273
635
252
313
424
147
2
356
118
147
637
728
6
184
825
477
395
699
123
543
660
385
450
227
62
112
731
520
743
384
457
244
631
106
97
18
578
785
741
393
19
331
699
650
458
54
818
577
703
711
722
210
554
40
137
285
176
290
493
11
464
136
765
608
440
3
260
164
788
596
683
341
761
73
81
47
265
123
421
242
389
784
725
502
667
789
420
551
490
88
503
138
187
567
494
323
647
572
68
112
676
358
773
237
431
213
816
56
461
147
379
12
521
185
157
204
557
303
623
644
605
498
471
734
777
796
146
801
298
780
79
682
97
605
445
496
320
797
690
561
301
55
636
232
99
188
443
97
630
825
345
40
181
32
632
540
601
327
741
647
34
36
499
360
673
215
697
635
620
730
461
249
648
690
566
637
480
75
704
805
651
64
373
427
529
52
635
685
782
312
260
8
506
618
592
212
797
200
528
89
469
321
431
546
614
391
693
726
59
672
325
58
589
40
247
654
631
191
241
99
417
820
730
223
552
612
534
678
16
103
356
765
339
453
685
632
143
165
91
476
675
634
318
316
280
660
225
512
218
474
403
628
40
11
330
476
449
213
712
483
196
696
325
687
497
667
149
662
749
105
727
681
89
217
28
724
638
618
698
440
251
373
201
222
51
105
609
573
280
666
542
152
189
308
279
539
225
44
339
108
706
749
580
279
692
114
535
680
476
126
566
460
257
629
589
239
224
219
38
604
313
744
414
80
159
694
561
813
649
709
516
229
777
27
609
114
384
417
722
115
462
713
638
279
671
46
345
733
791
316
52
803
133
140
370
589
302
180
315
470
146
762
388
3
264
336
813
390
273
276
321
571
85
780
707
493
173
815
740
215
36
384
621
194
490
142
685
573
776
551
345
774
576
384
783
113
680
271
177
749
541
689
421
548
71
271
736
23
501
279
544
444
806
108
174
581
536
698
372
225
59
435
536
191
762
501
603
12
453
75
461
188
618
437
585
59
369
452
691
296
95
227
803
622
365
555
44
155
806
736
606
29
802
123
112
791
259
186
126
360
435
596
13
735
195
415
320
673
24
713
810
562
490
445
461
405
50
82
5
476
145
58
13
697
606
621
26
434
776
63
166
497
153
708
516
772
752
578
294
160
53
609
563
97
339
624
71
268
557
702
292
678
442
142
658
549
720
26
444
548
93
306
462
54
541
701
228
7
242
641
676
172
17
289
434
525
533
349
628
668
63
345
369
708
162
210
489
804
608
210
409
417
316
204
533
120
633
607
287
149
663
790
535
334
371
138
743
722
313
649
594
77
141
409
500
248
548
805
619
19
82
336
418
346
781
258
546
745
746
681
130
3
671
544
740
117
527
9
824
350
558
186
297
116
343
817
783
238
722
817
713
782
300
240
297
49
87
78
740
71
513
346
253
553
200
145
80
724
790
357
618
375
812
603
582
721
741
552
822
357
648
46
698
208
539
292
622
373
502
282
378
320
253
792
44
567
561
70
175
466
801
287
698
142
677
28
772
631
664
410
788
104
475
604
342
370
18
697
132
137
69
487
353
89
707
727
104
694
814
88
216
29
675
578
136
722
151
787
565
438
525
26
738
38
163
35
266
663
817
133
504
197
142
18
712
778
182
718
350
408
411
466
453
258
302
753
26
726
811
531
177
112
370
118
799
179
313
126
512
455
431
22
562
272
169
817
107
263
557
481
226
472
422
503
758
125
479
347
201
421
195
795
611
468
474
468
120
573
82
382
464
207
313
138
328
422
117
559
317
117
498
522
148
792
735
473
360
829
453
407
258
96
823
428
517
296
527
154
617
36
349
271
82
505
313
134
489
791
110
780
750
443
680
637
161
271
406
503
744
3
648
598
297
797
778
738
754
493
385
415
510
121
546
629
506
26
491
108
384
318
769
803
179
186
270
401
536
520
202
452
59
175
20
160
335
330
356
775
774
573
268
191
567
508
7
639
639
559
303
648
503
325
610
168
654
135
519
399
812
253
600
453
700
303
665
652
560
307
564
26
425
228
558
36
469
488
171
1
135
375
389
663
814
562
631
688
602
167
435
72
406
291
230
649
603
337
1
111
128
599
820
390
744
472
209
405
623
123
111
432
297
99
399
443
26
573
33
292
37
698
784
36
265
60
543
503
287
775
397
695
327
334
717
128
166
157
393
85
817
214
335
642
261
453
230
728
72
421
178
794
657
814
557
211
779
98
408
813
477
761
252
414
562
288
226
1
474
251
235
741
377
500
102
656
493
699
428
61
587
383
435
513
702
133
700
344
757
282
718
484
703
691
434
518
350
215
61
331
556
41
238
27
123
669
20
566
126
10
584
508
446
404
519
393
198
643
474
376
418
672
208
23
133
224
712
79
485
130
438
266
425
744
476
241
822
659
391
525
442
85
147
323
618
406
345
771
372
176
230
215
382
512
747
372
494
674
434
440
636
556
80
150
752
70
783
291
152
366
173
271
783
251
643
672
431
461
627
125
246
572
228
32
48
809
431
551
199
703
499
689
477
822
249
231
9
291
826
528
232
616
309
321
673
88
778
697
151
434
262
724
132
554
79
549
324
474
175
424
746
803
633
799
724
730
54
90
283
73
102
562
614
338
49
246
586
88
393
191
184
569
117
613
179
575
624
450
207
61
802
50
467
666
562
173
124
755
281
525
121
755
432
261
80
493
805
792
804
825
158
483
15
39
229
117
300
807
138
562
568
319
83
291
562
492
348
346
141
272
665
563
534
635
79
246
679
735
378
93
149
646
37
117
408
379
83
222
274
686
385
310
660
316
443
456
309
484
347
501
726
272
514
405
53
704
802
370
35
378
429
206
37
796
342
750
52
499
174
812
359
771
269
322
533
538
668
571
183
426
377
129
91
770
33
494
584
55
595
398
202
146
400
606
147
317
280
103
330
481
424
19
141
629
68
376
314
552
516
516
200
628
678
472
43
317
75
299
405
663
473
58
745
111
617
826
751
701
582
261
357
478
329
826
423
167
621
229
659
492
70
15
389
783
456
263
431
732
44
524
755
183
637
554
311
152
468
285
166
213
723
149
329
288
556
580
3
565
223
568
155
375
753
574
317
248
356
766
583
427
602
535
752
103
164
198
419
501
418
171
290
245
664
636
203
562
156
436
71
601
755
638
387
774
201
514
23
204
789
401
781
164
471
278
479
64
158
216
388
675
195
67
779
681
501
514
737
58
826
382
405
224
143
433
109
417
556
454
145
572
536
347
828
763
580
146
326
304
60
459
629
816
378
201
96
766
805
714
354
26
776
658
702
20
321
119
451
825
605
261
482
779
241
686
811
488
535
24
229
606
328
263
80
43
207
321
710
41
581
119
158
116
730
699
343
356
594
527
236
574
772
129
771
624
312
795
135
169
635
350
649
227
110
700
185
134
324
692
490
264
88
624
210
285
180
43
184
352
413
146
547
427
92
84
97
511
22
778
11
303
331
383
571
52
349
247
438
540
192
32
499
685
142
792
216
14
687
757
733
517
438
289
789
483
481
790
352
462
409
21
788
221
348
429
254
75
513
537
94
124
336
768
267
623
630
615
287
535
564
47
178
346
10
309
244
454
361
793
539
690
242
696
48
214
543
457
202
731
582
486
252
278
463
680
144
98
212
652
493
564
314
551
637
591
695
761
692
230
302
280
211
439
777
179
47
431
392
317
69
428
636
134
589
350
713
113
240
148
260
616
662
594
787
618
656
22
714
456
821
130
524
692
66
519
616
541
166
820
702
471
681
788
794
355
214
482
190
554
513
193
179
496
270
652
340
669
315
528
86
647
182
272
445
73
249
203
1
747
280
8
307
512
241
469
430
786
361
289
225
632
496
537
616
762
257
453
768
121
329
404
36
265
254
471
377
437
816
483
236
166
732
329
630
96
686
320
9
772
468
467
431
714
152
791
652
644
235
105
773
271
429
728
694
317
779
748
634
448
722
639
420
16
778
185
16
405
138
163
536
645
287
646
606
489
497
206
529
184
765
462
406
579
396
796
488
293
271
102
31
794
24
120
274
376
515
22
244
605
204
94
73
260
710
830
26
460
544
205
811
653
686
173
286
659
455
517
76
696
362
163
820
128
570
329
476
810
503
623
217
370
633
617
808
309
159
705
758
20
502
286
554
129
540
105
625
436
622
770
22
553
788
269
782
194
663
740
111
806
12
428
829
153
612
509
94
403
601
84
356
794
76
171
712
268
358
171
579
440
53
499
97
538
632
788
459
160
537
688
54
726
639
709
10
608
757
808
2
138
204
759
366
615
242
690
511
238
352
345
601
55
102
627
487
672
801
729
786
432
285
195
52
578
667
237
264
218
628
53
578
711
71
49
104
291
101
145
793
509
354
271
58
477
427
487
702
493
287
92
34
309
152
511
640
485
460
491
761
231
771
311
390
829
720
151
813
298
6
428
179
393
148
584
101
434
646
54
816
672
134
549
635
56
73
27
286
656
42
776
526
739
516
807
225
721
690
163
703
713
560
300
476
757
357
450
535
267
33
334
80
478
324
28
94
290
381
280
61
379
375
194
718
26
442
535
543
154
317
767
711
685
438
541
663
782
698
448
260
528
64
192
25
256
457
174
598
430
124
179
436
341
638
730
300
467
541
32
398
809
389
515
783
729
67
822
525
167
389
370
42
739
691
354
804
506
547
206
634
502
823
252
385
59
537
617
302
805
43
637
621
738
567
112
86
252
2
462
162
111
301
747
434
566
322
631
31
722
61
183
100
13
460
553
157
207
642
59
555
43
778
64
186
497
351
508
299
162
750
631
622
231
148
207
138
105
618
86
468
767
524
214
251
730
738
551
417
50
433
406
172
651
80
811
467
788
420
819
350
619
32
549
155
528
677
761
332
561
721
159
354
770
455
664
526
456
401
549
278
649
802
573
80
168
484
620
429
694
612
492
776
258
94
412
696
29
351
13
37
116
275
487
497
722
743
744
550
583
60
806
450
114
616
320
660
433
253
530
393
315
789
726
541
319
193
381
105
48
90
464
306
285
601
601
466
177
565
69
406
787
133
317
441
207
775
525
734
272
514
759
662
513
151
476
645
27
662
551
147
410
238
10
313
805
288
712
316
424
695
96
369
786
661
671
612
172
86
199
486
649
266
396
497
487
398
296
476
712
10
709
792
733
741
493
681
153
389
349
234
383
268
225
38
779
8
115
809
93
5
195
701
654
213
333
767
603
564
567
397
312
426
87
162
580
252
340
34
30
107
15
746
319
34
536
780
817
14
575
573
70
686
362
61
349
118
268
200
171
796
104
389
632
726
127
141
30
289
333
64
689
1
77
389
689
530
594
724
608
720
409
364
585
686
749
650
62
47
577
170
445
263
457
828
785
744
535
177
93
10
494
386
312
151
494
318
823
572
707
156
509
566
202
313
757
536
405
187
472
405
313
551
202
822
570
263
583
717
772
482
515
412
299
197
658
655
151
533
479
393
283
774
411
409
630
548
633
701
768
259
158
197
264
772
207
185
693
370
458
142
107
445
116
54
617
624
336
474
100
399
275
277
278
372
817
278
827
454
516
509
819
646
656
669
567
591
174
677
109
439
200
118
490
155
257
152
603
210
59
534
156
558
497
355
476
106
35
773
507
750
801
724
153
725
92
722
808
805
275
454
183
311
582
238
194
431
699
551
712
199
155
306
149
461
458
211
16
688
80
209
45
516
261
352
343
436
476
319
353
5
44
358
168
575
105
192
32
691
749
770
215
225
638
184
771
176
578
351
158
547
695
172
760
668
107
563
583
707
239
530
282
413
457
153
276
436
594
60
684
830
294
610
277
218
113
768
420
166
151
604
524
525
92
154
343
279
343
560
590
670
257
577
472
465
307
278
793
294
460
719
26
334
640
667
406
94
243
241
506
13
8
510
229
228
561
419
108
296
489
500
28
486
401
509
700
749
149
378
760
607
494
123
427
220
595
586
696
230
420
664
356
145
767
629
515
512
711
650
123
412
640
520
660
223
117
689
549
352
323
578
591
201
24
649
288
500
268
790
335
213
352
656
128
107
232
273
115
740
207
407
279
332
137
741
102
385
540
374
263
643
185
226
335
251
213
694
144
353
217
514
139
173
600
664
694
43
227
382
101
21
626
68
727
293
232
433
637
637
7
634
530
811
525
160
696
566
736
572
94
572
166
204
58
486
285
329
487
287
248
651
320
92
195
47
525
450
599
129
78
149
138
485
169
453
685
32
265
400
780
11
190
363
419
819
113
267
177
256
528
57
791
809
545
193
292
450
503
37
505
327
570
511
614
667
763
320
184
576
732
162
717
164
512
670
198
360
182
459
592
113
37
553
499
316
788
724
281
301
103
479
403
439
321
688
28
481
219
152
406
219
128
536
205
391
546
561
237
781
7
49
356
317
400
728
56
92
325
53
538
425
105
680
227
228
358
288
137
72
571
141
385
54
274
817
296
213
310
255
323
120
754
695
723
294
733
664
338
417
120
720
589
715
579
621
354
621
372
550
358
651
268
688
353
393
53
30
617
284
183
207
245
210
537
12
472
94
712
760
377
571
373
303
596
778
455
60
82
606
584
337
257
818
83
225
578
743
129
30
734
548
306
348
806
666
23
102
491
331
400
305
151
132
140
276
102
736
90
391
25
31
559
385
446
644
177
651
797
88
507
215
533
368
173
673
268
764
506
579
410
226
547
816
312
681
342
15
461
766
121
816
222
424
815
498
626
428
546
669
502
788
25
366
307
701
148
620
445
628
769
735
741
323
187
37
507
585
742
263
259
471
284
323
45
511
62
616
280
600
744
225
447
680
825
35
16
634
564
589
43
306
402
548
378
281
772
770
517
48
338
585
342
136
122
389
639
139
543
50
805
455
124
55
333
772
262
645
514
305
301
672
328
214
112
113
360
635
298
181
717
38
500
357
18
127
815
445
763
581
739
82
127
496
805
769
317
361
164
674
541
463
616
375
305
606
214
250
783
263
775
305
291
823
520
270
782
590
10
783
552
52
782
466
459
563
419
217
427
660
274
555
824
481
216
106
411
826
177
499
71
748
211
723
358
168
345
37
533
34
660
722
326
29
262
486
261
634
46
456
149
341
279
90
234
358
643
595
671
404
806
803
817
737
614
190
242
822
186
631
623
215
247
712
730
24
746
456
249
55
324
53
688
810
577
275
454
677
309
1
404
217
683
684
172
530
595
306
29
301
781
480
32
694
15
736
727
677
766
772
281
243
7
420
709
401
829
92
822
763
700
451
390
82
795
516
488
578
782
401
230
129
388
237
68
632
550
283
264
72
208
89
505
331
459
587
494
602
436
387
333
114
745
816
783
632
141
455
201
251
382
755
71
4
52
281
394
332
816
71
595
93
359
61
254
220
514
79
518
245
437
39
381
566
703
151
72
140
161
363
383
165
55
677
47
27
51
188
10
218
356
774
58
478
306
469
583
302
264
689
88
483
589
806
122
308
743
622
387
732
389
788
283
666
649
170
770
26
359
111
393
267
728
454
70
547
576
188
815
626
427
498
297
263
389
410
20
648
306
122
20
326
674
149
99
266
638
514
786
348
406
729
819
189
59
251
721
416
438
711
752
646
759
570
52
332
323
154
626
440
722
303
761
366
244
34
789
819
311
587
301
432
535
94
793
405
643
133
188
439
380
10
112
244
389
494
44
735
177
528
732
420
457
210
697
441
276
447
601
151
752
476
453
644
811
399
315
3
187
707
720
83
583
461
163
333
819
535
331
162
234
7
473
438
377
360
707
792
544
658
29
153
313
475
297
529
715
170
311
690
201
471
273
78
233
681
448
514
681
387
689
676
110
785
118
631
674
14
507
747
274
284
302
451
580
610
687
174
64
187
698
236
515
825
445
723
125
77
698
727
434
284
761
387
26
183
273
617
716
768
321
827
738
614
580
217
159
269
736
732
585
746
610
84
436
792
607
790
190
76
140
79
42
10
719
678
362
503
790
23
470
825
686
383
702
471
509
424
185
538
36
630
805
233
43
16
440
167
727
320
408
585
361
96
443
731
400
153
256
340
374
397
656
552
218
428
369
411
404
200
340
680
156
780
785
509
331
132
646
257
711
446
387
340
405
50
343
395
352
546
329
35
363
780
434
708
146
60
300
2
366
211
460
370
637
140
124
221
720
510
88
708
155
242
473
568
4
20
669
701
148
129
809
379
121
385
20
279
167
195
755
612
586
601
602
230
577
347
488
228
65
571
531
699
745
602
263
597
139
717
617
275
461
357
581
442
379
675
588
596
85
658
495
204
429
232
635
38
253
657
590
396
81
775
445
65
534
512
254
290
551
764
22
736
194
503
624
314
575
587
188
229
113
160
116
666
489
233
200
110
269
456
447
485
70
729
652
625
676
488
619
207
826
513
789
417
590
796
255
435
290
143
220
327
515
675
752
262
381
626
36
752
474
709
303
265
685
621
140
228
403
285
632
440
444
347
531
145
596
462
544
361
519
419
184
523
303
275
395
27
712
645
14
218
206
621
320
828
31
684
297
189
53
615
146
787
48
486
688
22
765
398
332
147
739
56
590
203
713
195
535
583
96
624
384
300
760
427
235
189
20
506
255
35
464
60
605
61
707
496
262
455
319
245
611
501
708
334
427
220
581
248
461
411
210
673
365
249
167
557
767
119
573
217
16
389
605
130
499
478
137
474
740
603
272
463
239
397
775
203
587
812
198
197
682
238
369
249
523
152
210
128
16
108
167
228
185
155
453
62
41
294
464
590
85
452
761
395
62
255
692
30
554
108
694
398
580
553
160
784
798
64
635
532
505
545
380
741
474
213
387
114
111
688
217
25
219
732
1
128
37
529
530
566
387
157
564
202
47
215
28
701
13
342
822
106
141
58
516
129
432
778
662
547
230
542
103
704
122
150
238
435
182
107
767
493
231
699
240
639
770
349
348
776
348
304
274
17
17
353
526
200
828
405
447
576
424
769
515
791
128
36
517
138
229
830
574
524
198
359
188
827
682
796
151
322
570
267
27
783
692
129
291
185
198
279
5
99
469
433
647
776
740
315
24
594
128
64
616
770
814
609
719
546
115
727
720
434
428
305
803
114
504
802
395
528
655
687
360
49
348
812
292
663
348
16
739
627
538
513
463
255
438
441
770
825
428
141
439
640
36
436
610
413
406
802
257
749
108
80
181
666
101
90
795
768
283
396
456
515
260
271
363
159
487
425
826
213
70
443
464
137
750
486
69
119
482
411
143
587
505
443
48
613
740
72
477
461
239
551
514
77
289
600
652
772
276
657
610
211
795
245
107
285
325
342
364
493
251
389
115
218
149
155
677
245
552
302
645
442
474
335
13
179
495
234
391
140
524
78
239
138
733
24
394
305
563
367
381
349
208
604
81
515
795
414
614
479
157
7
772
164
805
400
443
583
491
74
778
450
269
470
357
537
102
737
317
87
539
175
452
69
277
234
767
638
799
761
453
399
583
827
614
536
656
522
273
732
734
189
602
192
228
546
633
291
582
261
795
389
793
375
137
329
539
749
468
381
162
724
731
446
213
818
365
74
253
59
489
433
180
652
155
684
17
338
710
223
151
21
660
830
197
283
481
455
263
806
511
782
421
150
744
459
216
37
478
711
742
220
202
771
145
567
278
229
268
400
47
535
162
261
228
395
386
541
721
257
337
499
190
586
587
590
464
400
795
727
304
237
750
789
575
494
197
627
730
596
403
24
735
535
165
368
671
3
780
536
277
781
693
332
633
197
791
532
37
377
69
457
609
286
782
676
420
699
323
52
663
492
151
604
472
809
672
127
763
592
349
55
751
298
285
252
452
797
642
437
701
49
776
519
546
276
655
420
721
369
378
463
356
43
821
312
148
292
751
132
641
363
371
637
678
183
725
415
278
825
708
235
289
241
233
683
463
718
764
339
410
437
482
628
381
525
274
697
710
309
374
533
651
130
455
737
303
54
171
508
334
404
559
408
639
569
717
792
33
813
783
474
23
93
573
550
667
95
211
220
172
181
520
230
766
693
74
506
457
32
7
667
736
685
237
610
645
485
304
428
585
441
729
314
226
244
325
94
220
569
259
396
146
143
639
645
580
711
238
522
309
625
164
243
616
379
260
687
327
183
132
170
11
752
275
398
109
592
342
662
593
100
539
47
531
518
400
14
1
480
371
455
675
545
402
302
420
511
357
775
225
532
818
383
26
244
705
9
411
558
656
715
803
755
378
254
645
499
781
766
367
512
122
611
300
41
209
347
345
498
84
383
659
116
589
488
108
587
151
84
720
262
362
200
462
350
225
215
655
456
58
404
260
19
780
286
828
611
459
108
20
810
632
122
347
657
276
103
490
187
146
825
135
37
151
47
254
534
160
339
136
14
338
178
560
445
67
335
272
584
681
787
35
5
269
362
797
132
607
795
726
653
36
302
252
798
394
418
506
138
105
471
125
38
782
495
222
729
100
378
485
785
424
121
757
51
438
72
71
467
562
62
540
148
736
143
621
795
308
750
604
735
7
58
445
823
631
616
717
379
628
215
23
657
693
137
90
751
672
498
577
645
292
151
292
20
338
29
9
730
594
282
78
695
604
64
429
148
692
47
412
638
336
711
700
361
633
177
269
125
775
412
110
701
2
416
720
223
408
396
819
369
148
133
600
461
189
771
64
146
69
393
817
268
6
2
71
719
696
434
395
359
45
338
753
785
814
189
441
200
284
700
554
304
62
4
457
667
71
375
601
803
493
549
130
509
650
66
580
421
736
251
225
66
593
67
549
364
181
201
262
713
581
770
247
405
789
536
123
378
606
74
216
115
652
169
633
377
596
476
310
617
726
807
704
591
793
617
17
446
155
69
561
180
475
644
596
666
615
787
582
113
489
92
475
696
698
827
286
505
313
194
522
252
406
783
650
750
251
748
796
576
354
303
205
639
442
573
244
372
508
555
376
787
85
208
180
424
623
248
574
401
510
163
767
373
714
612
351
442
154
117
518
165
195
74
88
372
224
1
361
560
437
524
758
374
499
344
451
197
533
121
419
680
392
565
189
219
30
308
806
496
409
660
73
497
633
742
20
28
159
27
477
74
523
726
574
709
471
542
621
719
115
815
720
209
281
682
126
76
349
812
454
116
463
219
409
240
419
71
369
105
721
703
183
514
316
184
7
603
126
399
407
423
771
67
253
572
128
491
130
69
170
733
425
569
238
681
195
397
51
127
164
5
330
65
436
117
265
42
663
460
103
473
154
21
69
609
673
606
418
222
411
153
6
81
405
485
751
232
771
21
224
500
57
577
766
84
120
97
164
274
376
783
771
430
595
573
555
551
187
390
17
293
432
336
620
130
254
747
796
400
581
764
83
138
14
551
709
411
782
755
306
253
811
607
340
291
145
602
570
154
228
621
694
135
799
327
203
310
272
342
60
779
822
756
797
478
336
28
209
769
624
362
36
311
29
528
498
354
223
423
475
691
679
242
250
671
146
188
169
703
244
500
537
218
178
484
179
249
754
475
431
559
554
192
332
291
440
263
316
190
166
821
665
443
825
303
627
469
782
389
592
793
489
124
615
286
11
101
801
413
201
430
145
124
633
306
486
376
685
308
664
420
615
650
158
197
276
65
20
410
226
124
696
440
347
8
721
198
116
591
384
800
85
679
237
199
55
785
319
254
702
640
123
429
803
82
442
124
644
100
27
799
23
594
807
483
470
405
491
777
677
450
151
333
217
800
145
148
258
15
140
667
494
213
38
701
544
263
686
712
593
502
145
358
56
139
69
411
323
323
89
744
543
508
452
388
461
597
542
246
474
737
727
740
692
567
562
611
459
708
754
203
540
370
374
489
542
523
473
735
723
205
117
483
378
244
784
666
24
546
294
259
387
641
565
86
280
815
131
626
573
694
94
344
824
371
543
195
677
732
723
352
393
263
309
407
317
623
767
460
618
463
416
419
538
335
761
240
526
63
703
164
702
488
383
203
127
492
125
449
693
375
680
40
816
372
763
700
792
617
483
686
728
125
80
587
173
676
644
16
672
286
627
288
147
215
826
480
707
726
357
755
639
620
830
709
700
363
790
330
72
356
91
251
722
170
16
655
130
767
192
768
719
74
239
41
263
2
62
495
79
596
717
314
444
330
433
454
514
651
755
11
260
428
303
492
12
250
82
757
306
518
758
818
371
104
134
353
366
754
606
8
374
243
167
516
615
781
787
658
395
582
417
611
120
210
824
173
439
752
354
138
783
391
431
186
749
578
779
48
99
121
395
350
45
173
148
24
80
296
382
299
202
57
4
609
411
222
651
348
753
820
404
56
770
562
401
505
133
474
215
546
398
205
821
40
542
538
256
81
100
154
6
625
713
702
144
514
752
419
727
749
397
765
624
540
610
307
544
631
330
195
637
438
478
594
7
324
487
118
389
386
194
493
796
591
68
269
688
362
97
393
669
613
501
563
337
789
121
685
686
416
346
669
448
486
740
758
115
252
664
28
19
827
671
97
501
342
197
183
315
381
459
343
443
302
590
469
477
726
304
39
583
250
662
819
483
314
675
647
741
505
702
95
531
725
607
722
422
319
123
619
513
2
643
233
47
72
557
445
177
51
424
734
15
44
65
594
297
475
484
636
499
549
105
218
436
65
511
110
436
58
496
179
110
333
402
771
548
320
760
603
322
158
187
280
715
40
437
543
97
393
480
732
645
668
129
194
256
502
407
580
156
686
205
367
458
383
819
451
157
601
572
347
118
386
66
333
826
162
373
469
642
204
165
495
735
7
264
430
523
713
668
101
493
143
219
603
741
169
142
820
712
645
734
787
175
217
57
269
645
182
123
173
227
210
327
498
585
204
689
664
266
261
322
151
501
652
173
688
417
686
634
750
409
560
171
404
665
678
224
535
117
747
616
810
173
268
423
209
64
550
129
706
35
611
444
59
825
670
507
81
517
398
42
410
133
293
679
685
518
795
273
17
763
332
365
687
667
205
42
294
623
115
106
687
234
689
481
226
607
308
7
466
87
782
437
639
280
285
722
751
117
161
797
30
785
227
533
114
249
467
600
333
711
568
103
643
633
315
411
757
756
298
28
486
392
137
584
722
225
589
600
347
160
594
775
485
311
765
577
303
275
371
666
690
701
197
424
704
268
36
778
369
161
626
773
606
558
601
101
675
521
330
129
89
238
354
748
722
389
522
725
438
608
136
248
244
651
439
317
171
103
769
816
531
65
217
219
580
437
183
719
789
565
487
478
735
828
688
114
83
745
817
159
662
394
127
333
285
365
365
256
737
446
60
643
207
750
521
79
456
377
183
404
342
510
244
599
608
400
62
447
633
345
437
405
364
123
324
685
577
607
152
29
322
748
337
764
172
586
679
270
301
274
537
287
276
658
650
354
571
93
316
381
308
506
53
634
471
169
304
319
234
644
567
688
261
385
471
32
440
555
649
308
354
465
271
463
89
435
104
613
375
601
659
78
338
133
616
529
784
282
223
480
356
355
380
411
801
647
780
439
51
59
582
646
266
194
385
438
664
523
240
514
20
346
620
663
25
481
329
65
634
524
206
482
546
512
779
267
578
306
422
322
623
722
71
708
592
131
475
228
371
532
373
34
765
255
306
263
315
177
517
412
671
524
157
518
207
39
476
86
252
442
572
480
196
483
803
182
47
668
75
539
171
524
319
28
200
536
103
115
388
42
686
376
550
5
215
434
278
748
512
199
487
219
414
118
691
385
653
313
401
671
464
806
795
601
103
61
29
119
37
413
671
586
24
674
593
571
97
106
711
2
551
789
605
5
633
328
471
64
161
81
665
564
682
430
412
459
362
211
698
586
212
177
95
603
337
688
591
659
28
812
417
167
14
815
746
373
190
555
308
686
433
111
741
735
167
784
661
588
679
366
645
309
475
238
338
369
8
509
312
199
234
94
31
265
361
271
674
829
32
59
655
349
264
306
457
4
175
438
611
311
214
36
805
381
552
219
33
741
2
418
327
158
195
678
494
297
689
232
816
347
773
691
77
24
375
429
201
767
619
488
51
258
664
724
666
714
170
391
399
674
204
675
717
372
482
803
132
17
696
317
758
802
284
83
473
177
657
593
351
296
305
149
300
536
126
654
67
308
45
273
786
412
416
419
354
48
410
531
386
211
431
801
830
724
584
485
209
578
266
140
829
750
302
683
805
204
464
194
557
412
517
173
175
664
375
208
371
487
122
201
561
507
486
605
577
150
796
679
492
376
132
63
700
526
94
293
57
585
168
761
316
290
774
239
303
518
645
142
560
64
456
691
21
266
504
295
347
500
704
701
227
187
27
781
471
796
593
781
78
560
70
800
30
609
308
156
722
512
333
118
695
159
476
544
771
526
712
554
320
367
135
446
733
474
251
502
127
473
627
558
218
610
647
665
235
624
703
554
394
623
539
598
235
409
126
560
111
96
688
231
182
765
518
573
431
452
73
552
521
429
688
60
23
198
219
36
337
620
129
546
775
111
368
559
464
603
506
493
40
306
257
487
15
89
681
327
306
666
6
101
386
630
347
234
438
480
82
116
387
530
479
713
17
626
506
744
251
14
819
599
598
267
388
663
627
576
664
595
178
395
826
26
333
199
377
646
322
693
790
795
547
68
152
502
341
732
799
353
406
649
40
651
446
131
103
510
774
88
422
462
514
306
765
789
387
184
500
736
112
428
249
11
110
696
436
215
581
670
227
561
25
38
75
445
335
271
143
807
574
410
822
540
533
752
269
807
601
724
546
20
263
532
594
312
147
238
642
335
133
672
347
767
238
335
790
828
674
246
26
120
17
82
765
426
42
607
470
578
15
754
174
644
450
232
439
794
33
721
27
633
87
525
259
387
549
193
712
306
545
385
235
656
437
776
826
392
290
390
53
247
49
89
748
230
261
82
561
311
202
138
633
138
591
11
91
379
132
330
21
510
389
615
32
516
708
79
569
340
268
213
543
1
112
527
777
8
803
23
376
390
39
69
621
86
658
82
105
434
413
377
301
704
646
733
393
66
227
19
642
708
142
322
458
554
79
574
260
805
612
469
550
492
740
155
463
121
369
791
322
216
85
567
678
381
43
310
77
294
447
165
467
494
793
240
785
290
181
713
488
768
791
26
422
210
521
609
43
548
584
227
247
28
384
784
750
434
610
744
507
662
379
634
129
238
75
611
197
703
594
761
401
419
527
197
828
203
522
70
119
310
127
269
478
433
709
195
772
184
345
301
351
468
697
352
517
323
260
619
439
736
437
745
14
177
805
549
7
199
806
551
156
772
349
503
394
1
64
287
65
395
561
570
81
804
735
469
565
542
502
584
181
146
591
457
575
7
254
635
611
627
74
29
65
154
416
638
478
375
824
676
281
328
487
296
643
269
280
673
688
597
811
473
458
657
803
639
254
83
352
433
626
165
12
433
709
390
87
136
383
492
16
821
564
751
405
766
815
352
473
318
640
458
189
810
471
369
487
508
763
397
368
475
830
568
548
637
327
85
821
34
72
141
59
165
166
642
251
227
318
822
84
449
430
630
830
520
319
138
689
493
189
812
555
106
697
4
639
748
618
675
407
450
770
33
485
629
634
134
617
285
403
550
23
395
372
339
229
307
623
441
497
604
204
410
417
610
122
712
41
247
191
773
189
316
503
273
294
158
562
254
138
625
540
67
561
105
112
280
694
814
73
316
652
671
356
512
560
567
364
702
93
16
420
18
440
471
111
50
489
335
684
311
306
356
799
259
355
15
75
666
274
247
395
726
547
758
398
828
109
81
242
528
488
394
22
184
45
113
181
62
429
495
45
764
14
122
137
714
324
23
578
5
737
424
82
201
172
320
578
551
140
493
587
561
184
66
376
628
102
99
375
140
547
242
395
817
76
443
163
815
320
391
354
278
613
788
355
263
568
248
641
586
564
310
417
367
803
661
783
485
170
188
252
632
666
623
520
588
10
611
386
697
462
415
409
69
85
287
665
313
350
303
30
648
517
600
688
678
188
744
409
803
687
498
548
598
554
176
475
587
22
52
710
652
19
674
391
782
76
537
411
573
279
497
321
446
499
326
268
160
830
112
403
691
519
419
292
617
732
136
364
559
494
437
808
594
492
554
424
746
371
376
34
286
378
603
51
373
131
729
360
304
159
68
419
828
38
272
650
815
815
320
356
607
171
140
582
680
745
564
815
529
704
661
675
501
148
393
299
677
350
688
501
584
598
784
491
15
162
155
706
130
255
443
8
269
241
592
411
767
601
50
771
460
140
443
378
155
514
681
144
8
72
600
419
194
738
129
465
2
635
688
617
197
49
65
488
645
483
598
603
494
626
395
820
129
704
823
500
376
535
632
264
717
517
402
454
781
61
3
788
489
769
41
178
821
415
689
105
541
401
71
484
177
548
419
262
390
221
680
443
379
515
798
591
729
744
736
718
216
496
259
524
757
740
602
242
406
665
540
741
480
189
761
797
513
167
354
135
520
275
7
825
478
35
288
583
147
378
487
611
748
14
784
269
739
637
85
392
323
325
632
695
572
149
474
664
665
720
408
212
387
790
624
470
519
805
387
462
626
769
99
20
5
352
566
700
96
553
261
219
276
647
461
48
2
788
714
703
526
819
68
139
725
30
755
339
610
440
104
343
280
338
244
621
258
267
17
471
375
121
739
244
43
207
222
156
664
541
272
236
213
746
201
346
162
645
313
758
334
486
625
612
819
663
692
140
529
110
526
657
233
570
208
320
219
168
301
134
352
55
691
265
712
530
356
1
63
490
391
668
727
587
282
380
57
261
244
219
654
320
159
105
721
634
7
821
244
555
806
102
208
621
643
221
760
727
77
347
233
94
23
502
38
538
541
236
747
323
491
399
232
495
321
616
318
573
317
523
758
512
65
400
803
58
476
536
368
104
280
505
375
704
283
642
651
44
474
61
558
275
409
301
765
379
596
562
426
825
60
738
274
820
107
597
294
27
679
199
788
611
544
224
820
239
10
34
495
169
619
817
457
289
139
521
621
690
708
469
698
358
450
605
83
279
582
796
282
66
362
610
712
515
301
24
534
79
183
770
680
506
786
369
488
480
71
437
424
317
286
44
759
125
49
346
376
785
86
689
746
711
356
41
393
807
394
822
791
48
652
716
223
722
302
508
771
539
568
756
762
105
517
308
720
430
445
312
716
342
642
48
587
567
484
662
618
30
132
649
27
177
543
627
188
642
467
457
310
710
587
68
706
418
18
320
488
124
789
308
696
366
524
91
35
152
578
123
422
123
183
823
573
386
613
20
533
259
782
418
599
155
93
757
136
693
126
658
293
257
82
826
99
244
1
499
782
797
607
790
290
406
778
566
45
304
804
636
737
62
779
259
667
754
203
590
396
497
488
287
159
2
264
169
508
319
273
330
96
184
643
679
628
738
642
302
672
773
640
285
277
446
211
360
820
483
785
262
607
665
126
494
471
689
604
767
268
228
696
495
583
292
407
286
664
231
46
586
200
153
282
611
217
158
547
2
320
800
393
322
483
660
378
266
329
37
362
27
14
780
646
421
715
616
231
314
25
175
707
785
644
581
635
219
814
287
570
682
759
761
338
31
625
253
138
15
726
517
244
255
37
762
379
114
25
703
454
3
690
167
632
142
594
606
508
96
726
399
330
81
36
314
291
538
242
423
224
306
474
193
704
319
311
704
180
195
806
387
790
653
282
35
119
692
389
762
32
45
769
692
184
792
826
380
649
1
624
527
123
42
726
402
773
630
410
694
222
238
241
182
451
229
404
440
762
159
618
590
813
667
684
194
202
602
779
156
235
104
129
672
182
462
452
55
200
718
205
826
367
454
465
512
232
640
54
206
2
149
741
136
115
645
664
192
541
162
269
822
69
756
788
394
194
828
306
248
262
338
450
366
297
221
151
77
657
358
99
733
821
48
464
773
208
622
36
727
249
11
5
189
509
586
257
267
627
163
152
536
372
359
307
215
565
348
815
261
814
693
173
394
211
75
132
608
724
260
433
169
543
147
96
23
682
513
733
569
30
506
180
228
224
108
410
53
353
125
249
356
12
391
401
446
154
363
368
159
668
209
253
406
682
125
464
379
672
179
824
189
660
545
538
51
181
782
151
73
323
171
761
804
6
445
420
266
112
407
116
137
440
219
325
266
772
280
206
319
729
36
829
208
414
417
47
627
181
67
43
803
726
504
144
355
460
726
50
46
611
257
696
479
248
142
100
38
68
127
558
670
260
565
555
822
707
679
708
757
101
74
341
65
651
49
545
99
186
456
560
258
455
440
381
560
817
483
151
411
124
799
339
684
339
20
615
268
749
212
508
298
263
278
584
188
789
554
766
189
154
49
696
627
654
72
811
262
183
230
213
450
237
463
131
295
112
773
730
135
474
512
438
642
357
777
235
731
596
739
552
74
594
25
498
403
121
14
663
636
595
789
146
646
762
519
730
723
552
404
695
417
75
45
373
255
324
817
529
193
542
629
365
648
409
267
650
700
304
604
704
316
17
473
678
12
460
743
645
813
95
94
813
218
95
296
822
783
827
333
712
770
150
687
526
80
8
790
206
50
554
223
774
202
504
47
779
284
211
492
446
219
130
243
567
156
784
272
750
412
524
501
691
190
213
270
51
545
572
35
312
308
163
321
714
515
73
179
127
143
619
798
217
202
20
177
779
374
801
576
205
610
117
71
84
409
216
774
371
60
567
530
202
367
1
807
109
666
767
773
454
110
780
55
678
611
703
555
602
707
748
340
33
138
196
324
121
80
310
635
435
743
663
67
263
767
138
307
603
532
555
767
133
152
115
85
744
488
614
156
82
686
44
724
341
118
563
612
140
475
615
705
125
350
279
823
315
239
411
531
612
255
418
137
208
489
170
378
619
45
576
750
355
596
692
560
308
823
396
688
251
285
590
270
818
392
23
303
110
717
692
260
565
649
666
538
370
410
372
438
787
798
27
471
264
794
496
515
364
432
135
759
624
461
172
335
407
83
32
339
793
97
116
599
738
748
107
266
262
717
128
762
724
132
405
256
530
584
234
578
13
323
84
276
407
199
823
675
711
197
641
815
663
792
25
685
130
212
160
421
763
301
327
8
73
217
318
130
240
582
758
154
405
628
735
84
761
394
411
811
328
355
310
788
446
260
59
750
482
43
554
712
203
33
822
391
111
784
781
656
108
55
126
793
551
401
512
709
787
42
247
295
301
571
528
39
725
191
204
138
532
244
781
11
365
243
806
512
649
653
302
75
167
46
363
663
541
596
208
433
200
238
651
26
418
445
331
773
422
371
427
228
413
805
661
93
47
120
598
139
114
824
818
432
560
403
736
623
473
492
111
707
348
601
158
206
455
498
164
780
660
651
228
401
400
216
1
792
448
146
38
34
734
649
453
205
350
104
226
630
790
354
594
72
11
599
683
460
803
601
580
211
29
219
65
483
509
579
398
614
305
599
16
339
8
436
454
216
664
671
371
437
349
44
682
173
669
171
716
171
32
165
457
235
632
518
518
303
374
345
239
681
90
657
441
787
180
321
496
204
801
774
137
500
266
492
676
322
70
697
60
175
791
767
350
606
533
340
370
141
542
73
181
587
459
728
315
101
776
474
502
88
323
466
269
191
766
574
661
241
739
822
388
57
413
102
807
587
372
514
479
581
556
206
44
650
10
519
23
173
252
197
358
695
515
208
787
112
531
736
686
802
15
368
135
236
183
157
339
304
366
205
212
661
162
560
100
174
475
732
6
207
801
249
708
644
737
503
91
259
283
211
501
507
171
469
777
574
367
447
248
505
438
56
75
689
229
727
602
405
57
304
271
267
128
432
813
53
105
300
617
549
567
461
89
234
565
663
78
261
643
185
453
285
617
136
698
274
239
172
783
762
94
382
279
687
289
229
42
202
198
783
771
282
307
277
10
241
445
247
827
231
298
248
715
672
151
772
91
148
630
501
414
355
475
422
48
313
519
565
440
213
521
655
229
423
650
646
43
688
11
25
700
488
790
287
460
768
821
667
691
249
290
159
316
76
215
96
65
535
180
108
220
545
71
495
546
561
160
369
600
292
333
716
283
660
180
811
299
192
542
422
556
64
612
830
481
375
129
364
765
604
202
788
30
732
356
33
211
97
189
736
136
441
300
809
512
283
64
20
315
187
256
200
525
793
67
457
46
754
506
461
574
637
602
529
640
508
143
552
304
520
295
769
88
193
733
787
414
751
606
660
759
506
827
1
180
340
134
694
181
426
701
113
650
689
325
621
65
561
127
753
235
250
435
377
278
769
500
307
404
563
501
545
156
234
728
273
790
561
561
98
745
549
255
464
258
671
225
373
377
202
414
464
687
283
582
634
89
143
520
552
89
210
252
286
755
690
292
579
52
595
324
482
197
194
306
204
45
281
174
7
248
521
422
397
726
395
131
759
217
758
174
754
426
130
423
101
676
316
709
401
403
371
594
734
354
356
460
656
242
243
449
46
418
150
517
361
58
567
240
696
164
678
442
629
740
471
657
434
599
276
509
645
253
728
223
169
295
232
439
525
43
743
317
6
195
79
765
503
648
736
55
690
557
368
664
829
603
256
329
653
541
219
649
59
77
595
519
423
119
24
94
634
300
704
715
182
795
572
136
783
463
22
522
509
506
644
820
725
132
412
679
463
419
74
797
726
540
479
111
78
72
676
760
189
521
71
35
50
403
130
702
69
168
759
227
69
600
689
723
639
229
441
23
346
259
659
66
190
127
774
742
15
247
528
150
825
706
454
421
748
135
674
139
532
12
432
707
695
175
420
416
734
790
282
560
164
815
572
83
802
584
573
141
98
77
544
76
528
294
707
429
573
179
31
43
679
45
207
391
140
532
260
127
621
707
714
781
26
326
309
345
475
247
95
767
676
397
181
138
569
267
183
229
274
346
216
165
444
291
688
510
298
821
103
643
524
289
494
212
570
367
332
438
689
516
737
196
206
79
688
286
317
163
461
16
219
288
201
204
776
507
602
155
743
490
365
725
669
429
569
691
75
673
114
708
42
344
357
582
496
492
728
769
59
389
12
560
209
305
229
683
246
808
444
235
44
210
637
409
52
132
230
643
188
579
820
303
379
120
489
529
513
769
32
335
387
104
14
286
609
339
748
580
499
593
446
34
487
710
241
698
310
94
280
743
356
581
305
434
260
40
479
435
581
696
431
349
320
347
773
105
647
82
199
399
807
782
59
113
391
713
235
91
287
60
318
377
200
336
671
696
125
647
283
390
170
398
356
142
168
683
541
594
371
743
290
4
704
181
418
456
223
720
615
676
698
566
322
515
822
409
530
128
635
425
6
134
623
134
558
828
172
725
488
570
807
139
508
460
195
656
748
139
572
519
703
751
774
424
46
659
143
108
819
760
207
88
235
777
446
253
69
44
617
773
459
645
747
557
801
32
205
698
760
368
611
800
277
538
491
261
309
85
483
326
679
471
447
752
139
800
362
449
804
759
718
751
798
144
512
249
825
146
825
120
823
789
826
808
238
245
234
780
349
211
505
222
270
61
223
551
313
648
478
167
373
445
471
627
699
358
182
707
306
768
748
590
467
136
402
40
3
322
734
81
81
39
679
397
421
340
319
776
647
566
173
205
732
148
121
391
753
704
453
786
140
196
736
807
543
487
156
785
715
54
662
393
4
720
429
540
391
586
518
361
26
625
527
34
162
749
211
444
556
276
449
242
806
758
52
377
780
727
203
90
629
722
664
462
402
305
774
277
699
111
61
790
421
93
131
501
502
237
516
89
780
230
637
720
440
81
436
150
56
428
139
64
472
118
412
828
595
723
356
597
497
293
377
339
191
534
252
50
515
628
219
128
607
141
330
76
571
599
729
706
512
34
169
60
746
42
242
525
118
803
105
532
635
646
803
543
719
47
629
497
830
498
276
630
742
308
571
78
585
667
727
207
354
553
396
32
504
746
111
388
401
427
59
206
224
723
781
89
97
412
546
733
392
434
258
397
566
6
550
809
175
424
538
776
14
829
628
707
499
462
245
330
48
409
828
444
83
299
337
529
341
501
181
355
264
766
195
22
528
596
546
200
403
38
55
399
555
724
135
249
263
534
685
32
543
593
510
816
697
808
800
19
555
235
743
67
783
74
233
672
502
145
126
275
253
639
379
740
510
814
519
164
401
686
407
464
478
511
176
143
823
538
249
728
504
560
105
823
344
418
353
131
338
279
124
328
193
739
530
618
446
238
355
257
750
31
297
252
607
573
446
753
685
2
73
785
693
309
270
748
669
695
142
442
113
538
361
568
139
719
147
236
814
444
430
227
596
716
822
219
403
136
161
409
195
353
604
755
275
205
735
809
496
412
33
74
304
583
111
445
625
688
205
604
327
729
684
32
478
780
559
827
12
584
238
36
355
501
193
544
637
249
132
169
547
501
229
375
348
145
827
526
49
164
575
136
619
255
216
670
200
492
716
53
802
590
447
103
546
21
750
672
125
613
507
133
466
790
390
86
770
248
691
250
342
479
353
528
618
266
508
600
6
287
308
247
788
511
329
572
684
393
664
33
99
122
709
275
536
420
500
693
764
823
205
267
538
755
691
337
495
696
360
556
272
448
328
240
136
160
422
184
105
189
482
353
500
119
396
298
568
11
572
268
773
668
424
615
384
720
540
363
670
73
352
423
372
726
182
421
744
343
683
169
104
599
451
59
308
733
542
48
414
656
666
604
71
613
141
139
554
306
721
90
526
461
793
379
662
289
616
101
182
54
17
820
93
94
292
255
325
492
110
231
760
461
137
808
697
382
113
663
747
794
481
319
550
433
680
337
801
300
172
95
193
789
789
168
716
816
753
314
126
763
359
605
356
230
715
803
118
490
514
705
55
779
795
473
774
263
220
317
298
713
788
759
131
663
504
540
331
148
293
156
2
761
583
48
155
261
383
227
370
285
817
160
385
404
342
80
791
380
56
419
601
750
255
379
474
682
810
421
551
412
354
556
527
245
233
791
115
120
189
593
458
187
306
249
234
317
237
272
34
664
207
312
458
62
52
724
779
701
144
430
16
538
600
667
507
130
370
623
445
435
720
697
445
777
60
830
258
729
568
44
635
237
133
49
821
561
730
648
396
39
141
84
550
659
239
706
285
666
52
673
607
642
251
104
218
289
358
768
32
529
383
351
574
638
380
235
593
312
531
551
185
382
167
497
57
768
605
464
367
370
753
633
744
9
381
824
31
352
579
801
225
29
284
483
24
643
174
362
616
156
248
821
725
362
285
536
352
509
158
714
732
448
488
157
277
725
707
769
221
799
781
632
497
415
82
573
160
214
657
766
336
45
453
224
123
444
662
9
745
514
800
500
259
63
99
57
544
423
191
96
373
89
233
400
388
634
275
132
448
268
322
819
565
425
628
72
613
156
28
263
6
602
162
341
72
272
296
309
406
512
337
707
186
637
269
296
683
76
646
278
388
596
486
593
153
576
278
362
598
534
477
740
28
802
250
195
159
213
335
811
346
486
723
276
23
77
123
780
391
159
359
91
685
758
370
20
578
532
549
120
631
690
595
505
52
659
323
754
385
398
827
203
678
722
132
423
82
827
457
91
616
353
413
355
375
496
527
805
597
592
190
29
765
674
432
803
498
300
716
285
335
445
483
281
313
602
802
452
66
232
371
173
52
430
532
561
28
149
414
158
518
177
710
255
558
162
599
543
324
221
137
237
440
97
619
382
152
564
520
267
160
684
531
231
258
191
678
93
795
367
185
599
8
472
815
291
620
38
300
472
668
640
560
783
572
581
253
290
785
294
125
668
195
154
710
376
132
612
434
349
53
106
782
731
259
313
269
100
315
724
519
98
811
813
567
580
282
685
138
794
288
52
719
538
240
557
327
88
383
156
800
126
334
153
394
482
722
299
565
518
819
760
448
250
693
219
72
392
372
317
136
366
13
820
76
74
338
184
747
532
354
61
169
511
423
610
651
769
726
418
695
23
500
405
307
279
684
734
541
153
498
648
435
670
69
806
96
77
174
198
713
503
680
453
796
819
212
691
738
22
651
505
255
741
144
772
29
795
237
134
740
583
611
236
133
469
646
193
302
550
354
432
275
191
781
621
504
154
64
306
501
21
738
526
608
280
270
778
27
642
375
313
526
622
78
74
793
608
235
498
247
285
156
676
10
375
183
396
278
434
289
790
731
470
357
795
418
92
676
243
407
690
819
355
213
155
470
676
589
64
675
211
785
61
615
587
736
342
296
517
461
637
350
164
712
268
321
443
623
604
644
556
809
738
563
722
468
313
356
541
327
294
540
801
136
575
16
745
587
43
138
499
369
273
317
553
463
537
118
394
196
720
586
24
325
375
774
607
686
466
708
440
176
633
740
787
428
821
419
726
445
643
705
460
145
686
819
713
64
557
661
134
595
666
812
757
176
180
563
277
357
798
710
726
128
69
174
702
714
417
259
278
660
228
144
120
557
618
368
251
691
829
510
431
538
678
188
186
426
264
650
771
516
203
744
520
349
243
445
748
125
804
249
810
781
361
514
282
603
539
234
825
310
97
747
584
649
436
749
7
42
135
201
731
548
555
147
199
309
467
427
170
212
484
541
691
541
318
175
628
278
93
652
630
690
526
321
11
445
302
252
570
47
154
671
325
181
471
499
69
823
164
803
493
705
547
519
403
526
275
390
263
651
201
391
283
637
151
298
375
315
247
305
199
121
111
349
705
147
459
128
111
529
699
105
791
586
152
165
241
356
248
382
783
280
40
246
759
830
564
369
82
380
4
170
417
753
440
272
472
299
454
549
571
318
799
718
103
298
67
137
21
369
255
621
271
641
17
814
711
392
309
389
225
780
770
679
615
718
437
145
149
420
407
752
354
184
336
83
96
349
86
733
81
510
67
682
561
728
122
545
778
782
87
519
693
458
809
113
353
296
403
635
672
804
723
68
494
299
633
67
62
671
637
106
525
412
12
524
685
737
619
153
45
326
138
342
496
345
131
507
724
635
356
463
8
272
825
30
498
472
154
730
569
125
554
723
801
617
300
710
41
343
699
458
778
518
245
86
506
417
415
523
522
392
815
794
764
177
825
258
492
65
118
621
510
202
83
726
254
78
740
502
233
666
650
304
302
406
17
359
94
382
218
116
440
58
167
492
679
512
225
812
692
177
754
709
440
1
429
695
401
803
580
300
152
555
774
582
123
175
627
225
58
458
513
688
614
387
790
787
337
164
520
676
583
636
323
739
82
293
58
818
312
679
110
790
503
619
573
48
384
50
685
751
448
193
180
745
168
586
508
394
320
402
634
291
436
162
111
510
591
246
687
778
249
556
339
217
782
779
800
756
443
570
544
94
147
134
56
148
553
147
828
771
208
336
13
454
761
104
619
478
625
529
78
797
153
363
216
14
124
108
168
283
819
549
477
281
244
118
169
729
235
806
82
683
233
279
449
523
586
754
797
193
459
270
631
186
341
639
669
494
243
38
246
393
282
320
236
771
320
402
449
473
626
587
822
234
62
70
500
570
775
783
742
797
350
432
227
46
35
573
471
422
273
512
627
220
620
284
674
629
265
459
559
826
583
710
168
764
762
73
759
402
829
615
467
767
666
173
760
572
408
796
365
420
6
313
15
14
660
414
132
658
160
493
731
394
110
265
129
263
302
392
492
404
504
122
383
733
333
720
274
719
63
484
224
152
248
749
384
638
276
319
813
578
96
332
256
536
13
64
513
183
57
667
149
212
588
255
436
456
521
75
218
174
461
642
343
755
296
320
535
266
594
423
578
681
46
358
550
740
385
86
183
120
684
487
274
811
12
583
702
571
691
636
130
410
663
427
257
565
156
803
93
470
463
764
219
311
435
245
306
568
176
344
409
8
529
774
466
205
695
669
702
27
479
238
816
14
663
495
409
787
447
447
644
435
293
72
529
372
811
107
648
765
775
244
795
668
165
632
691
616
543
772
672
219
289
830
690
635
330
241
134
796
729
354
475
116
482
110
213
817
251
244
225
283
752
229
805
398
442
309
321
706
404
19
487
13
210
724
463
197
695
690
336
14
157
395
249
110
731
195
460
442
340
102
530
775
822
216
469
693
186
814
809
389
58
254
55
665
360
433
4
217
502
95
173
821
393
553
116
562
2
208
519
235
499
488
409
54
789
13
789
376
433
830
637
527
385
711
271
642
136
322
292
10
41
205
412
431
669
392
366
217
197
410
486
645
467
551
735
374
680
195
331
155
236
681
96
638
464
428
706
497
561
451
766
722
474
442
5
213
240
301
28
491
562
829
818
368
792
356
295
619
148
143
613
330
450
384
487
99
313
594
246
261
604
417
793
257
679
595
376
651
655
177
276
110
677
246
787
720
420
400
407
217
670
305
685
400
305
551
761
323
749
297
114
86
655
19
607
401
699
731
238
218
382
334
177
703
366
131
583
329
592
645
15
684
236
772
513
798
747
648
769
587
575
759
757
590
280
113
537
479
291
133
604
621
10
314
232
97
777
1
120
367
189
287
705
533
158
102
113
605
710
791
658
472
29
453
210
438
394
336
680
493
198
311
428
715
649
628
742
77
48
442
662
184
374
172
52
738
166
432
360
712
147
281
291
16
595
35
453
819
451
718
757
104
216
827
59
32
625
27
273
658
406
186
586
596
802
20
241
25
364
107
716
40
473
524
154
214
155
498
769
254
781
35
262
800
184
804
205
453
785
552
347
530
420
190
142
193
424
397
442
649
673
42
484
631
158
572
74
161
493
489
760
529
754
364
169
741
443
198
419
646
563
786
247
374
156
498
386
750
714
57
469
751
553
491
727
781
807
515
211
248
382
236
361
718
726
761
274
216
136
576
616
84
467
588
240
99
291
2
516
408
17
79
394
787
338
58
123
269
563
468
352
440
468
278
795
89
468
512
341
623
18
40
56
129
420
632
791
524
792
733
553
526
807
43
160
348
228
598
209
754
186
580
64
714
691
204
297
749
810
560
543
172
172
690
326
47
268
532
687
419
136
756
793
400
535
809
814
369
558
81
107
638
155
118
808
314
613
564
221
407
52
593
493
243
706
750
182
287
718
86
315
104
656
622
808
333
683
514
447
315
364
12
548
582
198
385
291
668
697
148
394
644
419
464
163
680
279
737
636
5
634
679
786
680
721
268
280
689
513
673
297
698
199
233
86
349
186
737
142
320
329
208
185
165
809
551
662
130
438
638
169
794
633
511
554
698
477
393
830
386
353
378
356
230
596
751
160
785
269
175
684
194
742
326
48
604
38
189
395
516
659
30
670
234
235
613
344
492
800
209
118
211
698
509
641
727
313
37
542
665
338
238
671
413
135
71
347
716
638
216
382
523
665
395
559
503
331
739
237
585
544
525
265
489
176
64
579
660
278
312
639
288
162
112
178
119
46
403
543
702
124
80
381
477
591
600
204
19
661
409
177
678
649
648
359
554
756
636
252
460
11
551
111
698
274
827
730
288
440
615
457
435
694
215
215
581
97
312
53
331
334
18
533
821
382
623
729
373
142
826
609
541
127
494
425
89
201
483
271
250
719
368
478
189
97
357
14
9
358
553
296
546
420
451
344
223
511
463
249
780
126
180
477
75
739
370
210
4
250
150
700
558
684
49
734
590
255
258
457
269
578
766
795
758
441
163
21
585
98
247
379
249
224
664
141
629
796
69
392
777
29
206
255
711
6
738
649
527
666
662
807
255
679
396
388
77
513
296
398
158
495
40
289
407
758
187
29
413
576
111
72
487
373
365
201
310
539
668
231
508
438
278
183
13
656
550
480
803
823
309
190
215
717
218
829
713
765
822
485
679
745
230
363
290
828
641
720
805
333
338
560
386
593
10
411
181
756
125
606
724
223
67
556
438
763
246
192
809
32
638
106
41
157
685
659
809
191
406
353
659
109
594
806
800
491
717
772
211
188
594
70
164
425
281
336
176
435
234
651
165
108
258
769
362
250
598
827
348
619
460
331
509
415
435
700
220
92
26
118
87
33
552
307
725
785
108
311
64
511
345
203
7
717
446
331
531
294
707
427
610
466
355
514
32
508
668
41
273
349
673
576
541
424
31
607
264
766
244
458
794
693
41
574
325
634
188
463
640
18
189
327
501
648
455
449
608
60
93
726
739
739
427
187
313
612
333
336
337
459
546
274
291
34
645
220
557
471
595
799
74
105
280
765
386
649
615
522
453
558
535
450
529
491
397
127
648
121
805
640
755
427
140
705
456
590
483
806
241
203
76
551
644
371
526
302
459
818
5
798
141
785
238
814
42
720
606
60
685
62
741
231
205
726
450
206
265
372
570
276
222
165
481
566
470
444
246
420
521
673
776
703
180
273
587
135
640
72
106
349
309
813
163
243
268
47
713
370
23
726
74
86
26
233
605
110
313
449
538
382
683
333
342
330
752
126
269
814
427
192
153
633
656
166
394
819
87
441
684
363
594
780
4
789
775
332
323
3
195
546
363
220
589
414
414
461
305
813
555
662
427
522
177
317
213
233
106
521
705
132
459
307
92
791
463
3
181
789
750
439
740
566
109
129
598
167
266
820
92
568
683
134
712
485
561
176
102
343
500
98
793
386
725
743
219
150
340
464
230
128
217
443
439
206
665
275
716
84
653
790
620
782
357
594
636
768
319
335
57
164
191
58
472
140
356
744
146
813
636
524
264
315
493
698
461
271
511
462
9
233
430
256
60
384
789
283
738
618
531
517
623
525
238
560
561
326
685
220
760
561
116
654
41
183
18
559
702
572
299
474
27
141
529
531
234
382
639
519
616
466
503
611
808
200
550
533
674
403
814
165
667
608
606
689
739
234
95
430
767
13
555
395
522
338
821
33
641
646
491
41
41
265
351
227
682
764
114
313
10
65
786
207
763
515
165
359
810
82
510
205
277
414
781
396
325
344
406
685
404
258
297
531
544
273
813
445
442
766
248
479
83
378
604
522
245
234
75
511
150
456
492
662
411
319
731
88
473
775
391
296
725
42
638
779
816
134
5
224
265
246
235
706
643
27
705
64
437
137
219
376
334
572
769
310
193
226
302
259
106
399
186
227
191
811
201
157
516
183
603
311
174
214
91
780
304
209
813
447
534
414
594
101
780
664
622
799
338
230
543
812
52
595
781
191
683
136
443
639
582
570
763
666
402
626
93
389
760
798
212
478
159
742
251
386
656
438
184
265
30
502
562
42
720
403
303
154
746
629
630
60
412
650
187
119
187
430
543
120
448
549
816
594
664
734
574
593
449
189
584
524
741
767
359
361
257
276
825
106
332
559
684
826
435
208
824
692
387
273
537
659
661
279
499
306
221
83
665
175
9
676
208
390
631
200
38
108
718
713
179
638
564
185
492
703
350
275
745
563
3
739
786
483
562
91
748
595
229
820
715
31
264
573
321
496
786
441
807
785
135
284
118
437
81
72
582
80
126
256
231
10
235
232
338
77
577
783
455
522
173
146
357
572
720
690
346
594
239
140
809
760
531
184
150
681
739
638
85
286
109
203
385
577
357
393
129
829
652
536
183
542
107
515
286
41
647
152
105
209
294
357
291
41
768
175
153
526
473
173
98
754
58
89
16
677
516
743
629
629
711
583
78
418
459
581
40
92
728
531
177
396
164
749
256
245
122
653
669
289
360
73
137
733
149
401
627
344
42
321
298
580
371
160
607
286
246
116
798
21
46
353
796
164
226
164
39
289
693
633
223
269
739
381
553
759
789
144
607
94
705
431
56
728
420
503
169
402
566
469
697
461
517
462
830
417
267
571
728
639
763
723
488
378
471
369
759
641
525
513
283
479
391
64
413
52
97
520
36
558
475
617
768
16
353
408
111
763
531
721
145
563
11
109
624
246
447
202
32
222
804
242
441
616
433
157
742
425
363
801
51
177
698
130
552
396
707
767
572
617
32
808
298
647
335
746
708
277
619
37
624
329
630
449
354
526
9
635
47
673
562
700
501
758
316
373
603
327
418
608
695
687
260
307
208
179
11
491
341
197
96
261
168
226
627
458
780
387
130
423
589
821
490
321
524
643
678
320
585
112
631
309
423
545
766
604
441
367
448
204
156
164
35
538
163
424
751
105
371
711
447
299
710
550
205
106
72
244
774
529
334
712
655
336
796
632
158
269
88
390
657
343
594
326
589
65
676
188
583
312
44
85
232
697
70
360
810
64
425
308
726
585
583
158
755
582
127
642
804
735
599
333
104
690
818
521
716
224
103
348
338
258
10
135
723
465
795
306
510
243
58
619
1
115
35
302
475
369
721
634
90
724
624
316
761
784
370
52
77
314
808
537
526
306
664
86
599
615
585
543
163
87
439
281
224
808
442
535
256
164
781
275
609
274
387
739
547
731
643
479
151
293
682
719
262
318
644
378
247
671
113
187
535
621
6
644
96
595
524
472
170
737
545
81
384
347
138
499
707
514
493
681
127
611
253
537
331
483
139
202
614
678
227
437
213
438
787
771
375
75
239
824
601
255
54
426
180
59
240
520
560
809
296
633
155
78
288
716
474
830
247
408
137
36
260
637
217
534
453
819
633
456
371
452
517
264
135
292
398
610
455
806
401
132
584
410
119
137
134
324
581
95
774
91
199
732
473
540
179
826
720
611
701
738
135
258
125
429
447
648
77
113
715
696
115
240
776
550
61
662
255
205
241
300
504
258
262
513
42
192
162
19
712
558
448
765
313
786
222
621
607
593
82
619
602
479
132
480
24
562
721
657
725
793
746
737
798
290
558
722
502
433
382
222
158
472
459
815
368
312
421
87
216
698
385
191
318
694
741
476
391
448
430
420
78
462
473
192
323
741
385
345
329
441
639
278
344
186
536
439
388
83
674
625
165
472
228
557
531
9
710
228
640
25
529
519
815
95
296
180
470
202
539
760
699
225
293
764
567
316
56
55
385
121
540
49
537
419
212
579
247
96
707
666
551
624
27
214
253
637
805
572
457
115
141
256
597
757
130
520
720
76
182
824
54
299
774
112
183
630
504
755
91
79
669
388
567
496
239
398
666
58
598
50
660
695
203
479
258
121
747
564
484
331
713
230
298
599
188
151
299
610
679
302
268
737
491
522
426
700
767
518
520
802
675
241
221
56
158
823
373
794
374
559
729
270
697
189
801
442
132
221
174
694
666
627
252
692
290
566
275
568
692
144
513
137
377
602
183
101
558
135
88
722
777
667
496
399
447
146
587
64
748
340
560
533
689
413
405
391
528
47
87
83
789
82
307
46
463
194
584
182
744
243
761
664
471
797
197
452
764
389
486
635
765
736
281
439
163
753
30
637
119
329
69
278
315
780
165
384
427
154
709
15
231
222
446
438
292
124
816
472
669
288
413
721
443
769
152
687
423
243
350
651
329
298
389
470
94
730
643
809
365
572
99
35
323
529
256
324
747
21
449
819
210
465
46
102
471
229
99
210
581
528
291
743
407
641
551
520
421
323
574
520
413
29
487
299
386
110
506
400
633
338
58
530
345
437
40
562
604
537
812
57
478
187
726
593
244
238
779
367
382
290
400
307
215
192
499
608
90
567
723
355
6
437
472
79
571
176
266
560
257
62
358
462
587
461
805
610
308
418
552
343
142
37
731
761
798
384
443
422
448
635
217
238
209
336
756
617
231
120
792
509
620
240
542
192
66
110
378
340
102
56
122
427
551
576
228
587
555
377
198
372
203
29
101
40
628
787
277
546
353
714
652
196
109
436
137
59
436
318
527
696
662
132
174
36
279
651
690
111
672
328
6
35
450
753
337
441
437
603
220
745
499
398
272
693
345
390
506
338
356
403
397
283
747
322
648
817
205
376
376
555
568
694
742
220
180
745
499
800
129
8
591
16
480
665
301
345
217
182
128
174
450
31
82
789
680
227
746
584
137
407
196
539
548
191
667
564
238
492
79
731
689
48
329
130
651
774
683
222
753
135
94
66
771
240
746
505
292
251
219
141
59
116
222
695
265
735
809
631
345
747
30
499
315
685
494
652
312
96
697
773
58
619
425
103
330
231
340
389
743
659
635
594
589
450
513
102
52
600
664
47
606
178
514
270
372
464
232
94
600
682
106
674
232
226
499
51
186
125
40
603
352
75
102
588
506
441
345
344
826
504
451
316
8
45
101
223
364
65
762
24
587
830
677
122
648
386
218
775
500
82
790
434
210
371
760
248
469
706
130
474
17
273
511
615
13
447
742
468
605
650
353
313
103
690
538
52
542
157
198
327
677
453
664
296
679
438
636
620
687
62
354
665
777
666
773
821
797
141
437
624
269
565
551
569
633
678
226
22
735
410
66
757
635
25
555
101
151
538
770
206
497
748
818
332
190
403
790
31
75
535
554
176
428
796
527
300
131
707
114
268
219
290
545
41
229
719
805
312
501
601
118
235
362
29
23
207
367
131
39
234
827
738
784
619
508
518
482
53
569
160
319
646
674
249
296
393
125
596
478
90
49
89
708
725
9
362
790
443
165
713
9
641
664
730
721
459
34
807
352
241
820
517
79
27
507
596
350
517
678
829
654
324
77
645
250
180
631
516
156
787
643
413
460
779
318
369
654
303
182
49
660
634
384
176
21
546
512
140
334
404
632
144
451
764
307
177
114
289
595
590
611
154
37
527
545
695
316
611
368
132
597
248
53
591
49
50
540
788
70
734
138
731
392
599
371
215
4
273
545
493
439
83
573
287
757
774
562
220
190
576
2
554
57
502
545
627
10
807
322
763
577
44
107
300
32
682
165
687
797
246
758
643
314
593
599
785
668
33
539
554
43
287
618
248
805
147
85
753
733
738
765
750
779
254
358
114
520
326
127
236
554
666
606
421
560
299
735
416
312
43
229
784
198
75
697
647
10
441
664
81
249
185
555
33
104
225
671
576
647
363
651
448
118
389
259
387
72
727
700
542
693
230
347
651
741
569
375
540
191
774
404
420
31
155
378
334
686
515
166
693
410
688
604
87
132
739
266
384
646
629
800
95
315
72
382
698
268
593
114
291
18
36
514
15
505
619
271
721
187
603
722
283
446
454
441
221
492
720
486
417
597
800
607
524
248
460
791
625
766
338
476
393
361
713
368
432
319
114
327
305
165
61
560
286
620
796
428
252
655
439
760
767
456
22
467
89
390
323
741
825
50
138
606
153
229
87
360
724
259
455
275
545
510
544
380
501
496
199
311
437
829
427
757
407
68
49
300
640
229
246
722
335
17
307
284
53
244
469
418
226
605
474
465
477
826
16
829
571
195
758
478
671
574
75
726
490
446
518
64
64
74
766
428
200
69
347
231
309
319
364
455
624
28
125
496
475
523
389
368
513
116
215
563
589
141
487
235
347
1
254
605
365
126
516
185
820
327
260
643
63
65
788
389
274
688
413
736
366
825
687
348
408
451
34
427
611
615
824
70
411
15
327
356
695
489
198
132
199
220
330
498
690
167
528
391
200
727
449
156
466
203
530
267
292
71
448
76
727
234
346
793
550
725
768
579
438
418
554
411
799
758
97
73
330
664
566
470
552
308
104
315
721
504
715
713
46
316
302
176
590
600
469
626
531
88
332
515
25
270
482
95
549
382
803
766
645
343
805
240
684
567
309
355
734
531
415
434
607
247
211
554
376
692
712
10
281
606
194
566
312
129
97
668
240
820
205
490
712
343
394
347
212
452
456
62
380
326
673
815
278
420
517
151
95
304
229
10
366
823
478
195
84
538
531
283
702
763
294
713
283
121
116
745
444
355
748
189
555
724
147
58
291
749
128
781
757
679
544
100
279
235
659
365
506
118
606
235
548
30
176
350
489
53
539
90
501
604
353
684
487
494
750
649
647
78
605
245
361
426
127
803
245
109
671
530
168
6
154
269
798
146
200
79
179
227
743
392
310
530
182
691
20
546
526
767
429
32
274
20
346
231
114
254
206
805
67
267
74
433
5
268
664
451
578
351
550
43
623
262
798
341
211
710
486
311
653
285
251
225
254
510
536
810
366
621
783
48
814
469
485
689
57
320
466
259
634
683
381
250
358
225
250
354
419
764
638
340
646
67
249
255
456
651
808
244
211
672
549
436
132
580
326
310
726
809
20
94
548
67
365
475
446
172
308
571
139
365
467
673
83
666
488
70
67
441
291
15
563
233
191
56
199
736
771
670
795
559
324
257
718
320
146
233
652
269
243
90
303
158
776
30
726
685
447
544
29
500
332
383
616
668
782
503
186
342
496
40
306
789
190
48
503
697
245
779
70
156
733
504
247
768
166
462
377
440
655
40
315
269
410
527
194
195
22
40
507
497
658
415
766
500
612
524
627
587
311
525
198
177
769
630
101
37
167
84
175
504
284
238
417
585
292
407
525
484
64
63
600
363
169
229
580
623
820
70
108
817
78
182
279
513
134
1
718
523
575
16
450
119
801
484
212
43
336
144
63
285
423
813
93
41
20
346
536
79
186
30
781
305
27
234
558
61
210
772
758
20
718
325
113
829
393
236
2
478
342
698
7
540
211
326
191
745
710
185
464
497
363
460
620
781
487
820
676
455
569
362
117
193
368
478
725
22
558
820
168
178
116
420
186
635
114
153
349
54
728
828
172
574
92
597
170
188
470
576
82
682
67
211
231
411
16
17
582
125
17
262
771
630
715
238
791
585
2
253
718
657
671
528
454
631
808
8
741
50
619
460
434
723
346
273
621
178
180
763
234
11
684
705
784
623
298
405
660
595
245
423
494
232
545
16
338
435
734
53
223
559
608
195
329
588
496
173
829
518
532
622
163
386
521
578
630
791
214
145
767
386
355
44
311
365
204
318
262
136
680
57
194
58
458
281
389
703
180
189
334
508
336
257
573
181
90
476
459
711
18
766
797
731
729
91
200
667
403
557
167
99
586
119
592
264
521
333
665
254
784
245
816
664
690
400
477
131
512
358
284
153
637
525
715
141
654
319
760
299
74
668
154
627
73
322
145
453
144
134
574
647
565
346
148
500
35
357
310
281
685
298
281
726
323
206
537
213
405
818
603
309
802
376
679
710
472
368
311
369
757
734
305
627
158
426
582
451
427
496
268
17
135
271
797
183
413
594
555
686
593
134
15
494
538
607
147
172
792
378
715
254
90
576
710
683
122
673
320
795
134
97
114
129
340
485
511
267
809
9
15
694
724
342
89
771
618
743
344
376
127
623
625
66
231
748
521
320
248
698
196
80
625
666
471
411
44
450
43
614
699
141
537
646
411
633
645
622
321
53
779
291
694
532
715
113
148
576
813
554
747
549
678
291
657
483
819
769
56
574
445
452
578
777
731
350
124
647
190
236
808
43
673
683
806
539
489
648
575
381
436
433
802
495
293
206
772
245
68
305
636
603
247
470
39
472
756
207
172
15
414
402
502
553
393
697
668
107
450
763
202
313
731
623
81
730
417
155
646
668
502
1
747
423
748
21
61
817
734
665
666
544
265
821
15
172
492
677
160
788
777
147
792
274
778
706
809
636
762
566
111
2
740
89
319
267
455
815
749
268
830
137
247
204
141
379
459
80
401
506
545
828
46
241
477
553
414
667
792
291
687
349
458
611
497
416
790
49
627
650
440
39
25
391
728
755
541
424
404
292
768
12
699
376
653
122
816
717
772
39
230
746
213
303
704
615
138
270
141
441
310
286
312
785
49
415
710
368
526
174
779
589
543
220
550
389
696
14
328
544
492
70
36
775
713
231
532
742
146
468
497
474
84
794
762
58
392
86
621
103
263
553
284
84
493
283
239
576
469
337
473
463
728
560
739
694
304
125
435
205
11
822
436
770
306
5
816
613
205
766
220
61
776
805
452
181
339
418
793
498
323
634
739
222
417
375
462
559
441
594
536
783
142
137
819
531
640
152
172
395
312
770
151
186
800
297
526
243
364
751
755
778
428
282
541
309
657
377
211
433
137
734
25
47
113
13
654
23
22
125
312
468
45
576
729
167
245
330
315
403
167
400
547
358
783
796
685
675
667
671
658
349
492
21
105
499
338
16
397
62
1
470
73
548
263
622
453
505
403
90
88
303
275
703
21
107
65
796
521
102
460
67
188
420
170
483
602
689
495
617
11
540
824
587
581
510
171
349
806
455
764
58
82
99
172
514
403
393
639
38
796
589
660
799
585
737
432
725
174
773
721
725
626
146
335
655
71
436
360
78
272
620
342
268
498
784
564
285
141
730
423
341
435
147
675
272
182
539
178
612
282
680
527
181
472
336
290
509
16
209
161
85
448
345
743
252
561
267
577
25
554
570
234
207
490
506
138
396
811
303
66
335
561
737
254
294
585
350
297
51
593
195
10
26
210
229
336
98
656
688
516
442
566
565
227
16
311
721
458
686
732
696
341
697
13
67
27
84
734
635
625
197
696
79
382
621
718
355
597
398
471
752
731
473
722
429
697
36
234
139
430
288
381
361
724
670
776
307
801
29
805
101
790
426
189
168
130
9
333
180
455
700
590
247
711
574
673
432
456
276
494
190
189
452
324
819
170
759
572
353
632
51
206
409
331
675
498
177
447
586
696
359
396
682
267
339
363
17
165
34
564
254
642
646
774
407
460
619
342
296
58
593
28
288
716
596
820
599
176
811
740
74
115
70
371
398
487
103
572
239
170
12
345
8
463
301
588
209
618
324
366
517
259
551
344
58
431
541
350
760
371
555
347
18
220
677
699
43
48
130
312
716
260
53
308
492
247
783
582
593
786
739
285
161
6
776
762
70
69
703
86
708
25
88
292
572
487
647
420
467
121
394
777
751
751
615
664
560
679
264
380
109
107
408
441
334
184
755
686
379
451
344
673
231
761
132
297
257
324
443
335
538
792
4
184
588
523
491
115
688
743
426
136
794
82
89
473
681
53
391
65
493
525
345
454
250
365
117
89
464
383
459
409
799
406
430
448
401
441
480
533
199
120
442
359
715
751
132
33
309
109
467
488
726
657
666
137
153
182
209
266
177
326
550
453
295
482
594
633
733
299
679
311
91
161
699
511
166
316
147
481
315
258
763
464
66
543
612
67
183
709
617
792
814
308
408
566
415
755
802
642
272
398
183
665
216
251
142
665
459
401
770
754
626
335
658
416
579
460
696
655
643
327
207
379
189
819
602
243
262
374
411
394
313
425
501
491
196
522
618
24
334
281
101
446
97
148
396
351
21
1
583
269
141
35
824
634
422
608
810
507
725
546
524
635
690
630
628
470
326
401
209
50
219
452
289
647
474
322
233
53
262
215
43
445
415
515
438
826
118
405
313
160
337
534
35
35
404
254
518
821
23
812
209
177
709
538
501
454
340
769
808
236
514
444
348
118
36
135
754
478
646
502
811
489
590
216
828
281
677
639
68
227
303
417
390
100
631
778
625
420
359
420
451
81
659
181
397
186
565
371
145
475
9
663
113
443
84
502
699
626
43
59
271
330
668
378
203
696
375
744
392
396
348
805
344
720
745
95
645
830
153
710
290
57
822
406
822
783
267
606
720
439
285
364
402
617
679
311
516
465
770
265
558
810
799
495
756
199
672
720
458
353
513
526
222
740
9
518
668
47
643
376
679
618
707
471
709
62
667
748
41
47
213
586
758
722
237
738
413
775
152
192
11
757
244
486
434
77
773
158
315
808
452
642
140
23
250
537
101
407
782
519
396
676
523
342
443
472
181
262
821
446
614
33
672
17
100
518
693
229
433
446
612
642
240
437
210
682
405
375
153
764
370
718
388
736
578
191
569
536
320
804
237
669
577
779
182
344
28
259
553
715
679
500
45
280
466
384
651
209
814
351
114
142
748
19
249
568
686
157
182
796
152
665
458
73
42
189
169
400
144
313
371
5
730
438
54
538
313
365
209
508
142
410
433
826
195
453
282
607
393
255
819
98
76
431
596
31
339
420
619
781
283
670
252
596
180
789
462
624
520
287
277
641
491
540
210
113
588
92
723
601
240
433
275
667
782
519
809
477
462
778
102
805
300
42
660
821
344
328
828
256
256
418
819
716
43
754
128
590
424
770
453
13
620
360
707
268
277
641
118
14
576
586
445
336
610
662
11
233
37
504
416
209
740
63
564
435
691
160
145
163
534
272
729
759
426
19
338
688
205
391
715
150
368
204
658
312
166
240
232
232
536
88
764
653
234
47
541
326
480
636
334
396
280
142
125
523
771
425
123
136
80
764
828
266
684
802
482
643
824
783
745
773
248
470
628
279
652
749
315
21
298
682
558
693
267
812
247
486
618
723
257
456
745
419
647
95
820
316
510
647
480
651
607
488
756
534
398
651
683
679
670
571
114
174
772
117
45
575
223
452
478
379
341
30
419
757
628
139
461
59
167
583
702
569
521
552
399
768
6
333
620
311
175
190
721
165
471
77
413
156
483
611
229
257
124
491
302
263
380
128
98
11
15
120
551
246
28
273
535
319
325
361
51
306
393
584
591
702
684
440
595
155
131
287
812
247
718
698
295
290
437
245
537
590
428
95
459
496
628
795
656
319
528
223
785
354
94
231
444
229
591
570
93
709
353
169
829
517
480
623
296
221
558
785
606
550
171
784
220
383
773
601
14
380
768
371
359
625
776
361
46
8
52
572
304
503
688
454
7
108
529
94
13
496
312
497
31
320
386
489
409
460
7
414
175
661
5
685
23
276
756
580
788
149
286
501
561
117
655
146
630
111
396
695
226
337
681
586
573
366
688
162
587
181
251
63
663
677
721
765
479
69
662
617
431
255
427
209
158
494
449
3
325
201
208
64
483
311
121
222
364
749
55
250
256
303
591
346
499
10
175
64
251
747
691
204
153
315
185
636
691
169
486
49
12
584
577
160
279
404
283
769
657
77
124
102
729
280
491
293
107
372
363
658
412
14
141
776
329
294
148
451
774
783
285
258
217
114
314
643
682
176
548
493
70
47
377
517
318
291
793
2
549
537
669
658
43
18
775
127
183
233
755
386
34
636
485
330
408
78
163
206
201
53
513
418
754
437
259
226
663
413
465
6
533
36
458
731
180
418
168
795
747
555
319
401
132
112
7
749
446
333
725
74
615
739
472
777
325
610
293
602
796
805
714
762
545
17
174
681
100
532
96
172
368
492
736
143
796
401
567
53
551
704
41
323
164
144
752
520
277
643
102
808
169
140
159
111
313
764
95
67
219
664
96
14
238
201
308
113
572
695
523
573
266
810
627
343
233
790
551
345
468
804
284
143
449
764
3
695
142
556
380
583
661
318
802
358
266
133
211
152
453
419
39
44
175
367
31
781
159
752
808
244
539
269
184
32
420
718
441
607
448
626
428
304
728
60
546
278
294
148
317
520
566
755
536
111
819
638
166
685
318
375
140
310
807
220
431
738
219
115
132
308
688
248
343
703
790
230
431
64
687
230
618
570
178
345
742
521
507
745
103
328
448
488
438
569
190
766
6
829
537
394
219
717
110
713
358
354
398
438
233
311
316
463
722
406
296
220
156
127
613
54
37
829
302
690
127
810
571
333
259
501
672
128
672
604
62
213
528
425
418
406
817
828
256
766
48
50
591
45
234
320
223
616
659
807
8
26
93
198
652
99
408
120
796
706
434
483
579
527
82
268
606
514
688
223
821
79
644
363
540
64
523
50
275
475
40
300
98
216
246
67
706
469
137
9
68
301
616
64
125
199
314
709
251
343
507
273
510
478
356
435
799
460
578
692
48
423
178
799
543
87
680
86
545
762
143
540
97
817
725
218
160
412
270
349
741
47
764
359
749
760
199
303
186
167
268
741
306
477
13
386
395
479
671
577
560
56
510
68
249
492
355
635
374
767
792
113
749
229
566
548
299
639
407
180
237
446
650
713
732
167
591
492
485
283
389
301
165
485
394
443
805
277
179
548
264
260
403
779
603
747
782
724
148
11
351
543
276
621
525
148
285
719
100
315
750
371
535
573
253
675
800
680
788
174
43
491
780
622
308
474
192
280
78
236
308
262
790
457
293
779
31
415
552
469
149
290
307
401
770
26
158
795
61
420
673
408
765
38
504
399
316
634
779
305
667
599
425
408
295
504
784
299
467
560
168
165
14
759
491
680
240
364
217
208
392
641
770
468
254
295
765
461
34
674
38
393
99
404
23
688
460
175
735
369
731
684
643
457
77
442
415
351
507
616
469
4
321
12
324
157
800
485
173
306
724
166
694
35
578
731
550
574
732
53
442
471
735
344
674
363
587
52
633
737
583
326
287
824
496
423
300
25
325
622
387
223
83
80
820
229
468
331
515
269
705
607
210
185
570
360
596
626
790
228
29
690
638
812
404
76
336
227
178
660
391
447
517
133
6
50
505
255
23
169
156
118
485
422
14
60
790
156
509
755
659
22
677
424
87
582
343
68
232
272
237
83
597
514
255
146
497
488
250
411
625
117
744
649
576
305
595
280
311
782
655
542
599
218
192
372
186
541
580
347
93
788
505
681
137
751
630
380
499
267
73
381
312
109
761
431
527
327
493
126
175
687
310
331
559
121
724
661
458
195
557
17
261
302
476
263
520
720
440
137
789
315
378
258
753
77
385
347
584
700
76
25
730
430
315
211
39
479
336
459
61
495
688
279
1
432
437
620
600
645
15
681
452
745
827
232
319
515
247
54
333
596
308
591
207
598
5
163
577
35
249
722
749
145
780
332
98
368
625
468
712
652
689
416
663
806
367
591
459
289
44
770
712
459
48
172
285
495
7
707
306
817
139
475
480
695
362
436
130
163
379
621
471
648
763
684
601
7
696
287
286
184
695
520
373
300
598
226
805
96
115
657
427
577
224
241
598
2
487
539
494
362
665
61
316
230
389
54
677
790
329
599
10
223
585
686
267
139
599
79
661
122
59
671
325
116
147
544
772
801
217
285
288
128
586
403
56
604
455
521
805
289
452
4
97
526
740
327
800
808
321
466
118
825
522
682
763
42
143
568
187
179
106
814
431
384
470
389
804
517
606
514
273
469
766
731
23
505
415
93
324
469
556
596
577
550
694
68
398
596
364
537
460
23
708
571
18
312
727
741
110
401
668
323
86
375
20
610
329
179
695
9
426
821
83
505
551
517
642
526
485
492
736
765
102
336
778
609
202
545
285
296
378
400
667
771
148
263
189
194
395
167
56
488
94
172
779
596
223
434
221
659
475
374
307
662
448
621
544
72
668
580
431
179
475
496
625
436
75
814
693
77
712
768
746
699
155
177
417
81
293
367
219
226
738
733
218
118
523
801
10
374
19
654
27
207
279
273
674
304
535
597
543
796
660
112
793
134
346
31
444
19
50
32
820
33
218
316
252
613
685
216
683
630
33
239
748
567
392
292
453
469
211
516
368
571
43
264
387
744
92
444
576
375
349
519
519
283
714
380
316
382
280
127
39
757
205
436
366
350
597
796
207
485
400
487
93
240
577
139
461
702
285
694
135
156
47
72
228
816
425
450
543
473
417
349
806
518
621
144
373
450
445
98
727
484
404
723
359
266
413
688
570
605
683
35
514
584
421
527
451
683
353
31
162
310
697
616
787
635
208
613
751
577
453
482
810
656
622
807
490
296
26
349
428
459
138
610
139
331
362
39
295
574
672
650
447
727
577
201
462
370
809
481
568
480
256
64
637
196
74
586
81
555
822
121
642
827
376
89
621
397
806
346
554
252
690
571
778
324
42
524
766
100
192
634
653
208
458
445
624
44
534
150
359
179
496
113
50
563
230
755
670
247
446
779
403
677
380
514
64
808
602
181
715
102
793
264
493
160
184
640
394
39
517
786
512
584
621
779
809
133
234
201
326
290
789
174
618
389
389
755
616
76
132
90
422
764
327
811
459
616
675
130
811
724
119
809
9
491
84
803
630
614
531
755
266
163
537
160
8
416
86
93
57
710
133
544
806
755
280
255
518
540
770
826
638
124
311
563
41
790
170
532
207
353
455
689
307
365
86
25
374
579
632
573
433
555
707
262
185
809
369
367
237
823
424
723
553
572
650
3
139
203
244
717
557
458
288
457
126
214
805
762
577
390
747
167
655
247
25
441
276
304
280
595
322
35
601
129
540
759
109
560
698
293
456
170
740
475
74
816
281
275
692
826
286
786
164
275
11
585
824
496
443
420
744
444
140
805
105
441
740
539
214
259
79
167
534
588
5
810
215
249
609
314
340
619
236
629
676
206
338
507
455
4
371
219
403
87
224
662
493
814
367
636
718
243
136
38
753
515
436
368
283
21
748
217
499
605
280
469
538
304
816
517
577
651
570
396
623
720
135
303
181
514
566
64
391
683
358
168
326
691
346
87
198
141
692
102
615
345
77
373
826
27
21
582
103
310
268
531
46
696
490
752
791
179
188
80
48
330
134
65
523
272
28
2
68
492
326
77
518
601
675
699
790
569
711
486
83
792
168
738
647
97
619
418
232
673
160
578
311
548
140
514
146
576
470
687
49
499
132
18
715
331
214
557
380
493
220
602
548
389
533
431
42
447
803
550
96
558
373
762
230
140
441
222
437
356
110
666
471
740
27
182
830
538
615
748
27
89
450
739
207
482
828
354
792
663
807
279
51
815
781
560
134
676
563
83
77
77
353
456
724
63
191
583
219
712
70
644
399
671
478
32
78
225
644
142
117
614
381
706
512
753
418
377
103
686
338
382
706
99
502
647
147
649
775
708
807
230
192
742
391
420
145
434
229
743
69
669
515
441
116
733
49
145
716
767
166
10
755
822
486
375
587
299
58
268
678
709
796
186
532
22
203
515
715
523
109
152
152
27
808
182
93
48
336
703
463
17
64
375
758
301
715
423
676
133
765
718
573
534
162
197
220
430
646
216
77
419
784
595
702
616
146
269
428
135
708
650
37
626
621
420
309
279
740
84
800
679
491
132
232
499
314
695
98
205
53
358
630
637
83
210
815
98
39
16
287
486
216
750
207
278
72
407
568
524
83
722
133
394
427
509
235
622
553
551
574
612
545
10
371
780
792
748
792
270
772
516
599
470
640
74
673
800
187
538
674
590
292
634
245
731
355
384
273
823
545
18
53
90
704
646
407
761
99
168
661
661
284
224
186
501
404
450
726
227
605
812
390
361
370
463
724
187
171
246
452
348
294
620
602
305
642
151
707
494
779
695
362
464
85
2
249
340
519
223
163
44
464
305
727
42
116
578
798
17
206
411
107
614
382
701
242
193
673
782
489
351
644
16
759
182
420
75
207
245
403
207
617
730
755
306
731
633
22
629
714
520
420
311
364
586
346
664
505
314
459
136
18
280
685
464
43
792
616
493
670
531
2
18
257
679
798
147
764
732
700
35
702
416
102
353
548
378
7
184
447
282
220
80
2
588
213
32
437
572
405
717
283
143
170
116
551
711
252
242
495
571
66
138
697
102
47
77
732
398
670
737
326
489
188
51
784
648
210
174
341
412
32
230
793
606
178
171
696
749
32
514
770
711
176
238
457
125
240
798
107
357
768
10
573
313
430
184
268
784
24
796
729
432
589
98
330
199
460
382
613
217
388
101
735
422
540
573
630
647
601
212
348
76
718
167
233
552
478
83
464
427
623
424
609
132
217
313
211
218
145
299
37
405
542
64
801
138
212
462
289
576
824
585
626
414
616
824
718
159
146
258
663
61
77
121
454
271
735
340
662
216
277
334
182
572
638
672
49
736
713
384
484
206
214
178
807
790
746
484
305
451
69
465
696
170
37
773
420
454
63
489
166
46
531
142
362
158
215
47
165
393
46
204
523
389
685
406
794
782
76
235
139
575
471
640
315
301
783
270
331
780
598
204
132
147
718
330
546
678
509
379
306
429
758
667
374
451
347
300
621
552
661
768
244
166
481
663
803
498
127
235
28
375
410
321
154
188
495
231
620
470
599
76
581
145
654
458
75
618
382
216
195
423
659
226
640
602
143
624
522
348
488
549
395
344
284
363
699
70
345
576
153
146
674
157
313
761
282
715
668
796
166
1
406
561
657
683
676
42
534
613
299
288
433
93
34
614
696
546
719
224
408
199
28
346
479
158
234
145
51
225
401
292
114
641
656
150
823
734
693
264
504
378
689
182
610
280
214
269
251
322
184
176
379
482
2
638
534
153
541
194
381
292
85
411
729
69
453
481
613
798
510
135
502
647
578
581
631
312
829
243
554
715
175
382
105
103
219
299
728
490
826
245
324
532
538
218
124
243
540
97
12
721
462
621
126
740
521
518
247
589
430
511
676
667
790
698
217
306
488
747
547
532
551
593
471
19
142
332
258
129
815
154
335
309
526
222
639
107
119
94
201
533
449
568
361
741
140
652
516
564
776
300
358
383
528
107
468
625
506
271
622
177
229
161
600
161
335
74
89
403
639
193
272
298
255
267
10
428
830
301
27
352
279
328
28
520
564
786
808
622
496
185
80
350
8
429
659
294
680
753
825
276
189
418
734
369
172
265
477
818
526
342
36
715
189
119
257
683
730
570
4
451
452
485
71
462
657
371
680
692
798
721
143
141
159
21
267
306
69
551
200
512
761
628
704
196
350
542
282
42
733
736
19
205
463
613
368
477
776
452
699
422
565
419
47
608
379
613
631
347
138
62
25
442
307
761
632
56
50
225
608
275
687
60
398
568
302
617
508
794
560
755
252
462
445
585
638
563
287
195
815
543
683
109
60
99
737
755
422
829
240
651
629
413
173
203
692
20
794
457
106
228
648
331
668
633
468
48
213
364
19
89
17
40
142
249
476
482
791
737
503
704
637
825
612
656
488
303
383
375
336
619
190
589
239
814
124
117
620
409
236
202
728
613
372
194
367
526
106
664
543
636
438
207
354
213
491
270
33
431
790
377
247
379
374
494
199
170
306
760
96
567
119
67
606
350
601
231
275
624
511
392
772
50
546
661
393
636
1
123
695
130
589
368
553
333
550
57
736
447
784
97
821
710
658
387
817
597
122
780
139
322
139
399
239
155
602
304
544
236
805
149
637
659
41
117
786
550
308
668
403
307
601
566
697
72
530
746
48
755
255
292
388
139
228
336
758
788
650
257
291
294
418
145
210
682
212
169
756
45
292
545
97
460
802
706
566
475
283
5
294
576
525
534
712
622
478
274
762
122
124
426
45
121
814
379
561
356
765
453
744
319
319
188
636
399
258
217
628
719
387
137
360
438
67
262
292
570
686
287
163
220
140
223
573
354
51
497
643
670
15
498
144
288
313
30
143
2
732
466
566
108
484
789
712
244
163
417
353
108
734
345
451
84
161
87
492
125
349
466
754
167
148
200
541
695
124
122
132
663
757
637
131
502
765
540
190
614
783
651
801
433
280
752
378
203
93
86
347
52
481
394
788
372
699
267
488
109
411
622
97
226
415
80
510
368
742
390
124
268
708
57
502
285
196
177
148
68
748
285
42
490
569
552
18
753
400
115
610
678
552
774
546
167
827
58
539
470
382
111
562
255
558
404
59
253
479
342
476
807
290
120
19
714
112
700
356
612
257
783
828
666
332
85
333
528
187
822
43
234
20
147
69
253
418
122
29
764
331
800
678
329
670
360
595
139
98
484
292
766
303
258
45
495
579
34
515
740
446
314
440
232
425
371
192
812
534
756
397
84
306
295
770
731
65
499
350
351
487
641
114
819
597
791
677
738
601
221
335
694
719
391
247
470
813
372
53
46
574
68
738
203
363
665
4
432
632
622
508
128
104
9
237
801
143
484
814
229
539
628
111
276
247
146
433
745
207
437
582
216
600
773
535
481
812
369
43
390
83
766
411
320
453
195
450
413
533
634
353
7
331
201
627
546
636
328
826
469
553
795
286
563
470
349
666
590
523
756
466
290
705
365
147
336
641
214
785
746
73
281
30
373
265
307
397
177
717
331
630
777
36
240
145
392
557
597
529
48
476
743
615
779
607
769
508
369
617
557
797
95
719
646
290
151
29
36
419
209
445
724
603
744
321
470
219
135
275
574
105
232
120
794
679
147
65
166
711
106
322
652
336
430
552
584
800
6
588
723
382
242
85
522
761
313
563
163
654
825
229
414
309
557
66
807
445
549
288
703
467
34
736
219
760
734
548
71
608
351
830
722
265
599
816
175
576
691
410
660
827
24
165
607
508
511
703
679
712
134
631
274
764
665
522
797
829
208
160
309
348
819
568
207
480
546
533
552
777
102
243
115
167
417
402
36
127
687
586
385
751
826
8
376
42
610
310
798
185
8
747
798
468
340
550
566
273
784
750
242
596
259
770
172
301
383
449
431
538
262
12
358
643
510
656
59
757
782
368
828
93
807
297
487
712
728
773
608
164
556
828
128
158
631
617
205
747
233
425
792
107
327
360
22
737
65
704
482
497
542
755
43
234
23
306
706
167
69
43
426
252
773
439
730
636
782
443
683
592
661
474
233
226
644
183
438
677
153
78
22
549
746
460
23
675
407
385
666
531
440
511
416
12
12
593
689
479
455
642
37
151
85
36
719
663
179
207
465
140
524
775
697
59
660
362
804
444
25
45
131
358
292
495
380
142
183
111
799
407
210
130
539
210
702
251
74
83
373
816
210
468
637
152
787
372
43
715
213
171
384
404
119
730
112
364
168
150
580
807
345
787
755
730
572
401
809
529
482
563
321
568
188
1
359
171
272
70
202
30
656
423
196
261
15
549
587
342
534
164
463
813
592
468
142
791
152
88
492
647
388
460
790
723
353
394
746
175
99
736
549
504
680
301
430
150
298
77
738
822
819
407
643
301
626
299
224
486
174
12
169
148
76
166
619
424
550
203
337
754
780
158
574
711
320
827
717
704
673
95
578
614
587
635
266
369
730
758
676
457
625
56
323
170
44
154
520
221
255
397
778
423
433
167
446
793
666
828
121
652
350
15
275
122
16
304
216
723
682
752
57
102
463
292
155
319
683
166
425
574
82
724
251
490
195
201
101
772
575
256
558
650
230
508
738
133
168
654
338
370
378
14
374
823
29
296
489
515
489
235
595
652
469
97
217
528
201
442
720
438
524
805
586
368
181
325
70
612
754
106
355
111
598
250
413
460
186
424
768
96
597
298
734
462
147
340
386
328
72
82
108
77
219
146
139
429
357
396
98
163
576
789
641
51
93
671
675
433
34
348
585
52
145
818
381
86
747
487
628
781
198
237
565
95
380
522
772
389
495
800
225
82
42
101
584
387
822
350
613
575
79
650
138
734
804
613
812
585
619
51
345
542
39
521
637
165
803
81
216
282
104
101
659
385
808
721
534
534
732
468
402
735
333
505
104
430
138
370
95
320
373
248
298
605
764
215
251
212
521
245
602
802
707
650
297
464
506
74
554
465
584
750
812
91
512
762
306
335
394
426
196
437
644
116
420
543
12
646
174
353
694
117
343
708
582
748
397
258
542
672
439
664
205
36
448
616
247
764
149
209
26
113
432
78
657
64
721
100
540
162
818
112
233
693
46
83
711
659
173
808
500
138
115
770
746
438
106
657
745
240
695
774
646
247
502
146
20
660
160
663
2
403
459
639
497
217
330
644
171
21
11
252
137
129
212
519
381
263
120
581
210
37
591
321
319
150
436
170
806
824
368
88
829
7
277
277
794
682
235
370
214
96
584
787
411
512
599
307
122
592
377
473
50
317
151
798
100
762
327
277
470
124
169
771
244
95
431
325
725
659
622
528
350
166
824
152
60
64
416
826
489
766
484
180
11
351
102
148
280
631
51
702
434
302
628
646
455
338
303
7
223
506
575
8
24
604
122
530
159
482
486
815
704
139
782
130
170
589
737
402
829
240
428
340
242
552
74
669
734
54
193
97
249
244
521
525
12
752
9
273
601
570
789
755
167
314
66
782
418
57
644
779
357
340
14
484
346
218
456
582
113
692
648
318
178
280
449
268
642
627
289
587
495
769
452
513
248
810
51
398
89
289
129
117
717
245
209
262
555
704
111
123
488
395
33
794
208
496
306
303
577
146
344
116
622
115
13
304
272
778
152
91
507
725
434
759
349
13
398
91
712
15
252
770
549
677
258
39
28
402
232
829
434
461
572
284
165
323
534
543
612
397
539
299
611
431
225
176
464
199
694
442
63
66
310
216
22
617
444
107
759
480
492
117
725
677
515
81
472
500
343
357
498
468
396
442
795
247
422
262
150
115
548
34
129
616
716
29
213
71
417
672
437
402
495
138
706
289
519
332
534
247
22
784
290
359
526
426
165
777
334
638
339
773
646
77
826
338
248
793
355
536
664
324
55
530
63
127
810
484
706
468
185
801
125
522
54
358
164
422
713
478
632
401
362
2
4
41
599
235
16
652
118
100
288
229
385
173
593
647
726
228
420
295
299
168
553
118
566
793
765
724
319
117
675
119
7
107
641
44
373
722
40
769
279
771
164
536
41
92
44
469
279
255
396
79
497
33
102
263
605
781
361
306
470
396
431
511
520
777
289
561
331
595
564
347
34
751
114
568
571
721
682
594
552
39
658
483
268
302
770
590
85
767
593
676
153
501
712
502
624
592
293
243
450
350
513
281
119
328
608
75
762
293
303
152
112
457
241
775
174
782
247
421
63
466
55
548
540
771
212
207
402
592
574
176
629
20
337
612
81
731
248
52
600
368
617
360
326
611
270
648
499
325
271
342
170
459
565
426
432
292
470
482
235
155
103
117
388
816
473
191
510
503
512
504
523
555
161
184
170
67
778
383
105
488
269
8
403
513
497
409
102
149
549
790
264
478
7
12
766
159
232
441
747
26
819
189
746
52
350
432
704
568
510
733
608
397
552
614
187
712
507
179
747
285
82
228
240
695
231
645
654
468
800
812
90
134
267
302
294
261
457
790
20
589
807
148
610
744
202
558
21
90
57
277
285
685
564
755
93
784
745
501
199
374
678
435
606
545
527
733
315
145
195
713
371
369
203
155
324
326
812
173
749
88
502
585
582
409
106
670
265
411
581
487
558
207
714
605
444
525
615
774
220
587
351
293
369
730
346
355
189
773
159
290
825
587
634
516
149
801
376
776
16
200
572
228
2
415
156
414
311
573
2
10
171
750
193
534
329
178
288
442
29
690
173
5
106
461
192
603
702
328
364
74
151
315
531
348
250
7
566
668
266
175
601
402
623
376
632
505
773
733
44
411
695
412
97
184
701
167
451
290
665
235
5
525
19
720
483
741
146
505
368
684
796
620
51
497
253
565
588
438
662
244
768
358
528
708
318
778
707
412
551
255
778
665
727
302
82
193
420
283
374
310
194
693
596
622
225
593
194
807
497
266
469
668
76
261
581
198
435
49
191
799
82
281
607
358
167
518
527
734
444
25
589
552
79
667
798
419
721
283
199
460
63
530
90
225
637
460
93
233
512
675
326
145
664
548
310
282
735
399
479
307
349
475
174
117
255
37
592
753
70
358
793
811
824
576
18
134
346
236
379
635
252
34
141
5
414
87
224
296
190
49
319
762
165
652
157
514
171
694
610
708
489
705
799
392
117
780
240
578
168
572
422
579
222
54
192
356
146
637
341
398
630
25
150
216
20
612
53
211
89
46
150
245
737
174
640
484
320
742
156
453
381
502
496
14
344
755
151
409
447
604
738
70
368
608
520
583
64
336
640
136
106
661
128
326
755
135
329
273
86
426
210
178
789
533
481
532
443
764
157
660
337
398
657
602
248
260
777
487
740
76
184
23
253
269
313
220
657
290
545
396
362
643
652
713
106
82
491
346
558
290
626
287
443
463
697
707
53
555
493
254
153
826
8
260
698
472
256
195
333
819
176
547
702
646
354
8
820
62
439
558
199
532
29
682
592
176
676
636
58
144
596
137
118
826
161
660
377
537
602
212
74
3
387
525
608
489
202
353
679
286
314
472
820
179
166
151
644
572
103
577
218
63
740
154
825
172
651
234
374
640
473
105
182
448
17
89
666
139
559
704
179
152
719
300
248
147
361
585
29
737
314
313
342
115
51
261
114
443
257
521
592
303
82
260
78
629
358
223
47
668
679
758
263
601
428
391
67
284
323
504
251
329
29
548
414
763
565
473
730
491
412
189
336
573
760
814
525
416
111
795
137
532
787
651
515
453
147
582
83
800
295
27
501
449
809
744
384
747
739
710
119
362
604
424
183
468
677
762
510
496
147
728
316
265
619
565
127
750
373
576
798
18
595
493
338
409
823
343
776
536
702
532
814
243
355
426
389
157
350
27
369
86
223
387
694
49
327
473
111
703
720
774
459
713
119
809
726
151
21
209
160
123
458
607
790
518
238
350
444
179
582
738
707
591
469
759
636
185
515
15
627
446
434
520
125
785
5
826
612
793
257
747
346
296
37
95
254
538
67
49
98
200
675
643
277
68
523
379
57
161
58
651
352
454
200
147
101
167
443
581
307
614
768
420
561
34
235
70
160
318
755
133
469
755
231
114
322
112
370
404
258
226
272
508
745
633
66
83
467
362
372
290
509
639
375
751
488
514
195
364
641
43
318
70
563
83
287
177
321
603
17
623
700
60
21
86
625
256
188
655
104
644
377
352
712
122
609
200
760
149
27
785
117
304
226
769
202
506
192
740
812
825
526
753
117
572
129
41
349
438
8
249
279
569
682
543
444
117
748
631
487
749
149
403
760
422
218
376
599
342
486
641
115
313
530
817
424
104
424
537
489
75
339
151
448
621
647
486
584
279
362
295
440
507
333
40
658
187
794
31
762
773
795
349
48
37
695
785
275
157
256
225
455
737
139
463
474
94
74
32
657
355
253
109
733
361
291
797
274
87
324
328
249
353
9
639
44
411
624
593
59
732
658
766
410
407
331
202
327
819
563
423
725
652
634
187
808
504
87
586
135
35
323
407
74
48
117
36
533
240
13
824
376
208
467
644
486
798
193
42
753
375
163
229
97
476
450
166
585
124
574
683
362
204
735
404
177
335
332
755
139
429
389
707
563
466
825
729
523
272
185
617
568
266
417
392
809
679
547
712
118
787
597
247
582
172
803
795
224
708
390
52
246
142
207
383
566
142
719
577
742
657
473
320
640
89
356
757
279
764
93
100
596
604
179
661
131
675
603
344
641
509
363
385
121
370
738
780
733
381
703
42
721
663
618
720
492
114
566
121
394
251
742
407
808
417
744
181
303
410
162
748
333
504
363
583
151
68
709
356
297
481
591
780
52
260
237
76
43
53
711
403
729
755
69
525
180
285
521
181
425
46
514
664
310
259
323
758
699
127
729
1
66
581
99
549
750
667
258
570
635
471
334
556
288
751
227
312
617
755
829
415
368
824
444
664
636
388
580
404
376
259
366
54
595
761
18
741
108
600
610
295
480
116
224
130
458
399
763
4
118
797
104
179
473
722
483
287
464
412
137
442
504
798
29
113
542
243
382
780
659
255
71
295
644
39
499
490
152
786
22
693
720
13
198
319
140
139
522
6
170
289
791
333
645
542
436
571
250
558
332
798
700
783
152
217
2
755
431
180
413
612
618
455
499
223
294
379
292
140
736
147
297
142
772
753
786
66
41
337
739
720
666
15
484
180
313
269
167
515
15
157
802
543
279
353
794
192
88
621
350
495
294
751
81
264
221
325
242
574
404
787
55
632
581
332
469
488
621
728
55
747
40
743
727
673
660
369
14
609
652
673
752
737
803
135
548
363
762
166
712
538
776
42
240
575
372
446
47
227
230
365
745
668
468
345
668
479
488
168
226
187
368
685
137
347
478
756
311
756
641
275
342
207
563
170
259
299
564
362
712
364
270
190
662
280
809
433
581
372
353
106
689
741
649
365
525
193
575
313
303
221
141
93
807
764
239
210
567
147
609
257
725
479
203
234
546
65
344
661
238
493
385
535
453
403
610
758
240
112
741
683
476
563
221
523
826
713
447
74
364
735
479
119
741
671
572
237
391
751
48
663
601
130
442
446
770
130
545
91
5
348
73
447
358
550
100
397
587
628
3
46
691
73
120
601
241
746
450
827
743
45
663
342
283
181
495
770
174
569
40
342
676
626
193
576
373
465
77
761
764
389
79
352
523
731
375
568
233
235
480
562
242
380
605
759
223
478
284
633
238
316
26
38
671
106
277
677
771
724
740
93
633
90
375
342
251
182
258
438
16
98
176
210
249
335
256
659
830
527
431
63
78
491
482
131
420
128
681
749
396
26
773
674
461
19
29
581
417
48
815
15
195
628
307
342
817
639
246
588
494
193
753
171
822
424
421
345
627
765
393
320
388
672
447
537
531
751
573
350
661
455
733
177
404
146
504
65
751
227
252
58
805
494
65
737
244
281
127
276
173
290
585
272
147
620
586
735
374
596
269
393
104
811
14
138
541
536
390
535
575
540
308
639
579
356
323
309
722
769
768
504
57
677
29
574
427
564
165
791
584
97
301
101
398
365
596
281
99
379
200
426
45
687
466
643
154
49
133
520
101
636
215
795
438
801
661
770
807
15
646
375
32
146
73
53
146
198
286
48
238
297
784
620
363
484
338
235
428
676
154
248
773
31
204
223
344
198
429
283
439
271
686
551
70
193
221
535
462
789
156
587
387
797
231
178
56
702
351
332
722
742
711
152
636
562
697
259
26
766
21
536
119
234
503
679
442
789
533
407
67
233
69
293
587
623
408
781
597
534
742
616
329
587
656
754
300
407
716
716
574
627
675
547
272
85
680
417
382
61
120
775
523
471
715
152
513
759
712
671
687
100
537
83
395
243
760
313
45
394
443
179
490
234
126
335
388
538
729
678
551
795
657
804
307
11
436
288
19
369
266
687
536
673
14
333
454
676
154
662
314
70
729
288
736
572
412
652
508
723
633
658
446
463
113
561
350
357
178
164
340
199
395
241
734
136
286
100
189
458
663
118
217
88
393
383
89
185
13
740
409
379
773
41
46
464
624
157
637
141
635
357
681
766
466
160
327
290
479
100
772
746
182
599
448
185
274
287
789
645
671
556
221
830
415
299
49
265
96
182
511
718
550
465
590
708
169
362
651
447
65
263
417
562
382
760
144
288
416
357
689
791
302
669
348
700
686
705
541
513
613
18
371
757
298
510
403
435
342
523
713
32
501
289
383
125
759
671
561
81
103
793
518
46
433
293
320
760
201
272
30
9
728
229
356
738
188
329
714
130
343
343
224
770
714
326
214
188
773
73
276
58
608
86
595
63
749
652
338
90
554
162
172
422
483
795
578
510
605
126
353
426
94
161
340
782
381
228
495
742
213
275
43
675
750
424
190
751
654
362
32
318
176
681
227
538
338
466
574
433
230
496
520
147
149
218
139
45
83
475
545
593
818
510
780
88
207
709
104
233
723
592
209
588
73
747
479
125
371
373
378
802
302
535
825
277
575
203
790
99
452
581
685
673
46
153
180
751
115
664
684
739
163
3
274
580
446
142
602
718
813
378
407
608
808
149
538
695
199
680
671
100
84
545
509
313
78
680
4
67
55
472
37
295
679
420
103
124
588
824
770
651
380
310
355
151
596
634
459
110
694
207
357
323
530
824
478
143
685
433
477
729
692
114
285
736
442
759
376
430
142
587
814
684
694
251
61
797
594
301
487
368
241
224
594
211
247
79
90
115
608
402
359
522
472
610
534
394
350
392
468
366
465
503
319
720
426
234
98
684
616
366
145
450
462
361
641
90
828
482
324
691
525
42
345
300
410
223
425
191
176
699
99
641
362
549
471
667
813
344
513
421
488
736
428
165
559
412
365
520
569
554
783
623
258
825
244
511
171
435
370
212
3
595
394
266
549
138
493
740
824
496
466
490
513
183
479
805
620
316
238
732
255
113
456
782
781
713
133
766
236
818
759
51
648
224
625
755
663
321
825
181
327
234
656
801
460
323
136
430
484
525
185
469
242
134
496
488
232
514
92
400
466
9
531
611
632
20
389
400
334
817
88
134
676
161
790
355
734
210
172
367
669
688
5
305
376
256
526
815
485
116
417
556
62
296
366
617
289
319
250
205
200
16
364
432
821
53
675
528
428
208
137
494
780
73
26
336
355
511
663
588
224
11
618
325
309
372
410
480
409
616
694
171
690
576
322
595
229
264
562
452
19
150
450
229
238
809
263
611
550
475
480
582
123
660
637
543
552
545
494
412
283
43
66
661
324
74
152
44
216
653
1
557
514
117
553
689
824
227
779
337
333
524
255
394
31
401
445
783
297
307
136
172
62
173
259
770
477
399
154
117
693
590
601
382
580
497
512
59
823
633
595
690
343
819
316
356
239
633
524
102
414
673
118
745
239
75
132
563
334
689
324
822
302
366
373
82
43
45
527
563
2
405
67
114
506
500
551
119
440
721
527
205
353
6
613
327
330
815
115
556
699
604
726
623
787
31
792
513
729
176
254
485
141
115
587
197
478
327
471
746
559
252
130
291
653
137
665
804
477
559
6
256
502
212
626
689
751
413
263
824
497
216
489
589
538
777
170
774
89
3
339
220
44
470
387
162
460
458
704
585
206
746
394
440
570
432
273
605
131
597
533
13
33
781
635
717
441
74
26
206
376
301
586
217
220
576
311
361
336
416
573
73
545
549
716
761
201
588
247
770
782
764
479
200
692
32
57
454
828
824
650
246
533
829
300
134
153
811
628
22
22
155
78
509
783
133
693
58
650
610
405
207
422
648
107
91
421
113
205
126
86
236
458
663
276
154
148
592
377
93
236
93
285
180
258
341
688
797
343
514
182
556
652
594
7
121
735
325
551
116
342
110
378
212
522
765
128
421
751
244
637
811
234
457
603
168
571
677
56
190
830
562
722
28
519
669
710
359
304
25
377
430
333
318
670
194
344
278
761
211
35
387
817
285
169
480
528
562
294
404
369
143
603
351
750
628
276
331
100
591
792
124
425
377
139
670
587
344
695
505
784
76
639
541
3
732
245
657
609
165
615
11
768
774
732
85
57
47
674
296
39
67
651
348
673
66
29
487
97
498
616
440
295
707
267
613
146
712
507
760
628
695
620
609
676
37
153
247
252
347
474
67
248
65
715
416
464
318
256
324
820
99
780
227
51
583
803
754
670
606
66
4
344
90
690
1
477
388
575
794
106
380
387
626
697
681
343
98
62
800
828
260
635
72
131
652
402
327
792
136
454
662
494
621
340
242
317
634
4
440
528
621
308
403
340
63
310
429
345
40
230
140
128
353
347
196
707
392
419
137
436
202
635
757
465
247
788
141
1
62
293
46
744
603
787
677
8
756
260
554
457
245
828
368
607
68
262
523
105
517
122
380
615
460
228
426
414
282
813
761
662
141
200
48
698
494
784
539
153
701
313
293
173
253
802
415
29
719
138
793
312
53
818
404
463
688
470
225
59
356
109
629
162
614
737
749
456
121
116
470
789
19
162
527
36
17
746
579
528
183
595
8
265
446
409
173
506
362
184
330
714
22
111
33
651
599
183
708
827
208
226
233
126
636
779
589
269
350
316
549
402
238
817
28
156
74
653
200
188
430
656
403
129
583
814
205
376
805
302
350
159
185
168
266
532
209
566
276
589
10
454
282
816
770
212
87
71
85
305
350
728
829
680
338
503
783
575
50
85
553
305
663
360
549
103
659
332
215
736
60
814
488
569
574
441
368
474
402
7
499
318
11
150
740
574
439
273
254
142
501
172
112
470
269
621
766
264
172
676
61
384
357
538
749
364
105
64
328
696
23
622
293
247
244
199
9
82
188
470
667
233
328
279
325
5
186
345
394
307
784
759
282
764
708
285
155
410
222
754
729
151
45
503
412
202
255
27
400
471
494
113
531
165
206
435
425
629
378
555
129
322
328
382
737
261
485
108
663
130
548
50
12
77
108
300
142
34
416
256
87
391
468
175
595
764
373
640
348
293
201
87
13
652
119
100
674
667
727
248
318
30
265
338
441
389
70
740
439
271
489
161
415
654
338
11
616
367
738
645
264
96
458
589
791
694
11
707
692
433
374
535
478
648
404
109
470
780
453
716
593
617
797
758
502
573
291
150
644
281
368
444
370
521
93
400
109
801
585
489
688
388
626
783
595
641
488
480
534
627
428
791
667
239
269
293
209
638
478
425
708
236
698
677
386
626
484
350
224
350
622
66
159
753
79
688
296
732
598
11
586
187
823
418
543
689
784
348
678
470
282
505
23
679
115
675
375
308
324
153
123
164
687
325
403
393
76
118
329
767
491
294
575
789
537
450
712
25
6
786
254
278
69
590
514
406
712
524
631
5
548
217
757
504
667
263
651
222
391
117
248
669
247
56
394
433
728
332
52
183
453
175
813
40
28
228
339
512
603
281
356
67
120
487
614
754
566
261
263
100
654
175
35
498
448
530
199
325
318
225
375
504
417
268
149
462
736
587
70
380
698
7
269
709
236
14
258
767
496
655
670
205
322
248
413
375
225
495
272
755
350
380
109
465
40
681
470
567
222
383
721
433
259
524
222
596
100
709
34
14
35
625
688
4
551
215
357
38
409
451
677
53
45
725
649
708
397
481
81
419
647
805
490
583
122
735
64
472
265
32
804
651
787
639
60
200
745
676
318
380
166
19
549
688
190
598
475
479
695
303
320
795
555
13
206
636
275
419
175
146
541
390
796
314
743
387
420
570
257
150
375
734
693
196
511
250
642
800
597
545
659
644
417
42
524
435
594
538
6
800
691
290
809
739
56
260
39
62
686
32
374
11
743
95
363
207
663
699
700
33
506
753
598
766
89
417
323
276
149
33
415
621
241
685
43
544
519
693
91
778
762
746
485
622
486
443
105
683
8
160
524
368
408
680
22
818
338
87
107
219
285
782
38
396
426
42
718
573
692
708
139
695
382
450
383
438
626
469
112
421
496
253
494
469
88
35
765
237
396
175
37
598
69
322
261
11
322
752
795
130
382
545
312
391
27
705
741
499
128
329
239
69
283
570
65
28
121
46
491
686
732
792
552
62
259
61
648
200
600
718
195
614
559
685
185
597
411
97
122
561
131
430
197
417
742
214
257
418
730
230
641
636
51
618
585
177
74
655
43
454
31
490
57
769
759
250
663
89
444
9
64
747
339
497
523
344
422
776
17
781
400
624
138
228
766
267
200
475
807
805
584
23
136
104
57
691
635
468
509
231
319
601
439
322
262
787
773
802
391
788
725
684
747
528
793
147
90
586
703
539
190
527
483
200
71
398
683
520
550
586
564
789
379
269
76
709
45
367
374
123
617
128
513
280
819
455
607
10
250
231
765
698
673
170
605
293
46
737
673
203
103
738
82
694
547
373
706
804
428
779
481
569
448
457
495
652
599
126
293
478
692
169
277
636
475
542
827
356
382
485
278
148
740
80
352
741
703
261
289
453
612
271
61
411
216
805
133
138
286
266
211
488
299
560
719
387
682
94
369
382
426
325
617
705
463
812
37
734
51
337
575
99
706
620
473
740
437
583
245
785
657
223
517
111
828
749
194
806
723
100
592
264
724
161
605
674
148
500
372
464
457
381
757
719
678
466
791
484
596
354
456
149
230
374
583
65
227
592
15
358
465
371
47
36
567
602
436
614
95
801
789
620
487
417
316
155
295
297
532
449
617
152
445
650
729
543
97
165
320
805
405
203
30
800
723
765
768
796
743
471
71
40
573
37
809
4
605
520
421
228
406
233
394
160
248
672
122
699
703
75
159
415
532
238
167
237
206
325
315
478
296
140
423
750
743
476
782
780
795
335
118
470
4
558
55
751
75
766
600
212
159
554
19
148
551
361
229
624
828
136
273
481
126
229
205
75
578
120
273
286
475
303
674
176
28
538
683
118
721
305
6
333
294
389
477
820
345
379
111
293
710
626
629
613
776
388
351
163
571
267
708
693
399
497
650
623
5
471
240
653
428
642
691
591
198
642
428
687
571
474
301
781
679
477
274
325
631
690
523
676
344
176
32
493
520
100
335
34
364
97
413
109
570
817
594
347
583
43
308
538
352
153
654
714
514
244
391
822
826
34
584
206
107
786
792
734
28
176
323
650
438
507
251
588
49
303
505
241
796
422
466
330
327
528
39
225
208
460
633
430
586
390
272
434
810
513
640
26
578
164
523
104
720
291
460
350
116
803
235
24
579
249
109
46
236
633
512
37
387
103
822
244
795
174
184
620
71
768
129
774
753
10
295
513
596
539
488
714
459
281
458
36
307
225
537
609
68
249
26
473
798
354
423
642
668
568
597
788
360
326
575
198
121
216
663
526
745
562
720
15
727
302
649
441
672
793
687
14
664
401
658
147
33
216
86
253
739
511
524
687
668
8
712
554
689
71
811
261
348
728
550
311
415
753
774
443
143
758
661
23
89
677
567
84
499
166
169
91
433
541
23
344
740
813
1
579
523
461
171
384
25
603
44
660
342
573
243
346
470
280
809
574
482
30
716
586
565
53
578
604
592
221
263
636
772
296
634
182
441
198
379
566
108
271
464
205
13
502
768
404
690
339
540
432
815
623
723
36
544
58
701
386
777
307
193
199
609
753
414
163
659
612
499
448
550
797
613
621
519
296
653
147
497
118
809
44
638
261
368
271
794
722
547
535
265
770
310
437
266
366
214
679
316
810
800
294
788
505
445
131
480
50
257
422
115
569
684
445
330
554
168
676
273
412
459
547
547
754
258
135
435
599
519
193
111
286
442
251
94
90
399
160
244
47
622
597
365
517
517
13
81
35
732
564
765
489
562
17
195
552
12
248
595
246
650
372
288
315
387
354
541
741
609
34
311
241
303
456
730
28
315
22
154
112
724
430
753
632
96
187
532
587
245
511
213
268
404
240
152
198
94
789
144
662
228
140
112
735
581
267
409
68
225
268
26
581
83
311
265
379
676
187
584
59
393
69
693
276
123
370
165
72
508
746
356
595
414
347
416
633
502
653
586
475
714
19
673
161
750
6
536
370
663
368
106
775
488
185
46
315
93
162
234
507
210
388
590
252
235
497
421
442
679
282
267
99
522
752
679
216
415
63
602
301
259
98
275
20
819
116
765
270
444
458
526
295
589
90
680
763
127
559
174
640
739
461
213
35
331
752
193
751
560
619
665
164
217
402
729
745
418
89
818
799
199
649
406
756
607
637
430
511
102
437
376
17
476
44
115
510
483
799
272
54
2
740
122
702
203
316
456
735
351
157
420
466
665
817
721
556
238
115
564
686
750
215
238
142
407
271
258
310
816
620
560
71
204
165
417
556
798
424
94
605
254
367
499
738
500
778
31
367
363
481
450
729
751
94
695
99
647
657
653
674
184
267
79
579
403
374
609
464
110
571
60
149
375
590
306
684
81
803
388
312
793
336
528
695
237
689
337
730
114
744
37
110
114
84
782
463
636
271
660
531
61
607
171
64
362
428
577
689
612
663
654
241
367
310
647
217
628
705
439
775
827
514
732
791
334
569
30
301
762
309
642
491
482
17
272
358
89
88
613
174
790
410
228
320
467
417
641
87
394
108
518
592
674
726
213
248
239
417
181
546
145
108
87
357
13
338
95
233
772
144
258
172
394
503
147
359
551
756
117
171
717
741
10
690
170
14
141
313
426
344
620
828
371
9
70
41
706
372
61
115
622
564
314
597
501
777
714
221
347
619
457
259
811
492
658
75
81
527
283
14
147
189
39
403
712
585
473
796
329
15
352
86
759
716
598
698
806
255
658
55
196
520
260
671
180
15
611
594
768
330
816
182
531
50
825
593
60
464
149
48
480
326
158
332
735
135
811
39
9
60
528
249
781
568
307
81
373
220
85
29
734
251
539
617
830
589
171
241
397
699
284
270
245
600
643
494
281
108
152
325
746
805
539
155
533
154
409
796
288
97
564
240
734
758
629
375
282
414
614
481
268
584
325
431
588
400
469
466
501
231
509
459
476
765
782
678
17
81
272
72
467
351
558
543
642
307
323
539
675
92
186
540
264
275
228
650
10
37
773
682
35
677
591
46
783
725
790
385
417
685
127
14
603
232
57
794
344
726
16
79
511
756
11
328
733
203
450
101
79
17
21
237
712
312
777
513
811
419
194
116
794
648
515
733
35
482
664
337
717
318
499
771
781
782
767
308
825
478
719
259
636
800
418
729
66
700
603
530
114
328
429
663
760
134
123
128
454
233
584
357
92
308
67
374
73
453
599
64
186
556
128
636
826
730
336
384
137
585
821
612
323
705
254
311
666
729
540
94
648
604
672
765
458
491
455
614
51
640
194
184
33
674
453
377
6
289
803
739
46
192
827
196
142
133
636
75
454
347
319
756
697
797
581
161
496
613
347
359
766
801
747
792
751
136
706
591
404
244
149
805
542
691
264
524
324
812
473
343
706
814
664
726
254
562
175
717
661
340
98
498
157
219
577
643
134
92
799
217
673
321
622
514
164
39
165
749
213
674
286
509
364
152
463
451
257
124
762
109
232
587
127
345
200
157
830
219
355
152
560
221
427
795
520
367
543
160
703
571
396
398
286
337
465
567
675
109
40
709
686
398
21
354
815
478
521
223
522
128
732
217
195
816
519
530
567
332
440
446
827
151
707
619
133
333
742
9
565
605
326
662
529
491
710
234
305
212
516
136
574
584
830
271
154
132
10
229
156
510
578
121
433
225
77
623
160
643
277
752
402
142
172
468
620
814
665
316
95
78
707
417
442
320
323
424
442
803
204
558
640
618
147
363
579
299
32
780
619
749
140
806
586
204
783
434
469
44
274
213
779
462
807
516
340
794
628
378
98
736
325
201
443
623
820
499
119
104
286
567
481
262
491
51
24
821
13
138
387
292
553
639
606
38
422
480
578
656
456
587
680
747
417
204
446
303
293
92
491
239
178
299
193
722
598
160
422
55
78
705
490
470
21
718
748
795
568
136
827
568
187
675
331
445
710
655
531
320
647
437
788
341
416
430
46
640
501
170
601
762
66
357
280
677
744
418
694
209
288
345
436
701
7
117
307
451
572
286
215
548
152
539
157
733
653
213
499
409
161
432
608
749
676
498
821
811
239
159
104
31
662
787
715
692
149
6
81
576
718
53
398
612
277
528
502
763
506
445
273
591
482
164
236
322
401
495
765
489
814
595
326
300
609
724
52
416
830
382
211
649
823
328
399
677
829
387
455
269
348
408
758
824
686
389
246
618
231
326
529
111
604
536
440
92
443
447
699
80
784
232
626
518
628
304
743
795
442
603
467
432
507
8
39
290
203
189
203
191
58
445
190
372
740
161
623
207
388
294
215
760
210
562
635
639
736
571
441
152
628
549
585
198
696
712
532
810
92
389
460
807
273
186
522
459
681
644
41
510
46
708
221
43
478
398
264
45
480
527
805
812
283
335
118
299
159
729
426
193
243
28
474
104
773
240
582
750
383
150
787
578
263
238
796
484
402
380
215
690
203
686
810
39
663
426
275
113
555
21
772
328
307
609
18
46
431
703
256
540
32
566
612
71
605
233
399
361
548
721
692
645
231
797
629
297
165
826
640
399
750
474
53
80
567
224
284
83
103
192
551
744
615
260
321
34
552
730
39
159
607
827
261
771
121
230
53
156
273
821
622
552
50
731
85
291
287
337
243
734
495
16
140
478
531
616
648
230
517
641
668
84
488
171
742
88
56
731
755
391
806
544
718
359
819
738
485
95
110
609
113
583
413
473
511
730
138
597
540
217
401
375
553
35
243
701
30
299
681
394
10
359
422
17
233
329
189
268
682
512
455
520
10
88
364
543
534
737
733
166
225
465
692
260
415
384
465
809
166
136
250
204
339
795
560
518
601
823
307
764
328
714
408
724
436
524
713
291
656
246
200
581
538
227
394
683
406
475
556
87
172
477
397
757
528
742
417
96
57
797
192
334
661
241
579
347
344
567
299
81
63
278
311
679
789
275
216
39
549
309
357
421
126
478
20
657
323
798
188
631
107
324
802
800
589
34
611
162
400
28
82
52
302
153
584
819
450
309
444
488
292
812
761
747
617
270
545
655
692
796
359
327
431
284
323
202
54
4
156
37
566
170
21
804
634
447
556
735
288
762
92
255
454
551
222
241
569
68
331
747
58
93
88
552
209
469
168
409
342
281
699
450
50
163
163
364
629
158
453
590
501
754
505
226
776
542
693
829
698
373
570
468
712
588
646
744
83
734
160
525
756
636
403
96
338
196
551
633
819
785
520
651
481
193
600
2
747
206
662
488
402
531
331
378
215
678
160
190
445
747
700
278
374
221
270
349
273
726
232
371
826
47
491
816
689
399
158
367
320
747
169
617
314
132
648
506
572
529
633
820
480
391
514
707
735
479
24
3
113
141
490
96
534
631
462
649
330
759
310
728
353
743
580
676
752
775
255
798
657
303
438
16
358
480
497
100
744
405
75
5
80
109
660
103
32
613
81
726
767
311
195
204
322
635
510
510
10
369
300
211
448
294
260
630
249
231
78
505
41
305
351
588
391
733
609
203
746
126
738
177
220
135
309
120
292
64
385
446
509
821
585
349
741
317
765
263
215
676
435
814
827
370
122
73
261
625
138
587
590
218
9
398
609
532
217
165
83
395
484
444
209
130
561
599
739
688
673
495
495
415
427
526
377
116
231
464
106
398
808
259
531
673
778
583
492
250
497
178
438
732
301
182
338
49
369
147
628
152
333
758
777
364
197
802
50
286
389
571
667
188
560
761
460
722
75
531
367
720
105
4
667
332
245
299
273
779
306
271
803
724
77
222
739
670
767
10
124
225
298
721
713
272
616
493
387
729
537
794
234
649
191
339
779
492
595
821
672
575
551
639
319
533
280
755
85
237
126
133
77
376
79
559
778
613
55
424
661
394
182
358
223
738
628
780
733
325
733
63
676
827
159
12
380
505
538
269
330
211
340
206
596
576
343
255
619
518
487
273
719
819
230
95
494
505
233
812
94
100
621
388
295
411
701
813
334
284
562
180
597
696
594
798
615
460
1
707
33
249
497
551
182
377
366
297
598
501
387
429
663
40
552
453
474
741
461
631
612
159
426
489
363
134
491
497
65
330
402
253
483
498
394
212
386
390
150
507
503
243
465
775
800
363
146
210
469
585
294
522
435
691
58
622
424
666
788
249
89
351
755
69
443
350
658
772
299
724
770
238
486
738
741
686
556
16
354
373
449
453
117
323
296
33
818
810
155
38
133
345
696
123
539
183
824
31
736
292
701
791
459
21
59
328
373
26
31
152
822
811
173
291
522
186
596
357
150
817
198
353
242
15
449
148
583
148
664
329
513
794
181
89
43
331
327
519
425
535
641
461
761
729
95
605
9
431
747
246
45
578
616
9
249
739
14
119
785
351
694
65
243
129
478
455
612
810
61
258
471
592
383
580
160
806
153
662
58
79
28
305
724
787
258
67
66
69
277
34
488
118
14
135
699
549
688
417
511
248
377
663
321
232
3
675
635
25
140
180
684
737
153
55
263
138
463
792
433
69
20
426
751
344
154
518
400
156
670
323
262
389
270
259
779
593
644
267
787
301
76
500
629
87
419
786
394
267
509
50
352
199
662
71
353
40
260
824
309
564
255
684
691
201
366
92
153
337
15
638
541
388
161
477
235
295
322
527
674
679
89
755
783
698
171
36
618
41
12
166
216
667
568
7
618
742
657
496
597
363
301
349
600
356
578
350
441
633
277
574
80
428
175
716
825
296
54
533
183
324
497
235
465
195
466
178
815
815
190
416
189
709
631
540
591
140
368
685
139
402
39
772
450
565
326
231
40
383
595
267
108
110
234
792
784
591
428
44
745
97
61
463
292
16
8
377
750
261
365
38
322
58
665
327
209
362
467
335
212
255
70
17
487
576
232
700
33
60
369
169
326
667
178
90
146
136
660
138
583
284
381
476
94
480
577
720
680
571
761
295
391
743
79
445
290
157
105
248
250
692
82
309
119
827
139
419
553
373
727
88
711
369
126
499
432
252
774
552
235
779
780
525
378
222
719
436
479
308
627
86
245
735
31
276
772
547
488
489
389
314
763
472
252
59
413
464
502
544
779
288
651
791
704
486
669
447
2
121
381
823
59
527
16
262
593
105
439
172
592
34
170
150
773
70
319
573
280
656
222
550
482
171
219
285
585
679
603
185
174
237
544
206
261
118
437
584
531
633
588
315
768
502
59
500
313
461
316
648
317
708
355
373
596
355
338
755
370
407
65
614
373
777
804
2
562
77
221
285
39
683
788
424
590
649
830
590
67
584
631
508
363
422
152
8
132
559
489
816
265
599
38
50
785
646
114
550
64
359
625
676
361
730
612
288
670
207
16
356
34
158
67
714
381
328
815
650
331
539
777
466
171
73
433
526
518
177
184
636
683
240
440
262
356
237
270
450
582
171
420
400
203
451
69
414
125
211
167
621
413
473
262
99
637
345
138
789
155
768
237
274
608
478
428
303
208
306
542
663
355
94
183
356
327
258
145
478
740
472
183
459
535
179
503
503
72
570
600
329
255
217
409
106
501
306
404
51
219
612
741
591
187
681
176
300
589
22
601
340
49
570
812
385
605
373
478
591
476
163
300
813
54
385
509
642
632
497
411
615
141
555
476
133
397
743
665
520
216
239
45
679
587
154
143
374
626
799
592
138
177
593
767
696
494
4
153
202
798
203
256
709
32
607
145
768
348
516
197
793
74
66
294
586
485
177
824
500
189
787
109
219
242
131
577
408
245
830
625
15
397
380
348
24
705
775
787
709
538
47
248
281
705
196
404
657
255
278
142
35
438
675
286
430
825
432
571
552
424
310
445
674
729
209
623
807
586
476
550
510
104
39
714
276
182
72
263
164
469
374
530
91
632
161
101
249
785
677
329
631
101
265
333
355
405
134
166
665
171
376
103
377
385
315
649
774
25
450
411
192
638
611
816
679
97
452
469
511
335
567
145
470
365
657
378
794
502
667
308
133
389
685
544
96
147
150
610
111
825
158
148
185
794
285
746
226
542
341
644
805
759
21
18
388
545
365
543
644
298
467
33
805
683
234
31
439
593
233
288
195
442
201
333
149
144
261
790
132
312
709
672
127
463
311
173
609
407
442
527
60
633
440
651
436
508
52
324
332
573
306
371
379
458
266
804
494
488
149
2
151
699
705
263
666
294
784
365
444
558
32
104
180
724
44
595
503
68
758
750
246
239
263
682
351
767
76
228
194
536
752
712
2
301
568
787
121
197
426
780
617
686
585
69
97
663
129
479
792
473
99
572
436
292
382
808
126
683
245
100
275
367
717
339
656
261
433
601
538
707
167
107
89
577
748
699
246
204
167
742
739
762
701
57
160
605
755
510
570
115
108
211
189
123
518
439
332
318
549
314
222
701
581
721
317
744
238
635
674
706
684
346
228
395
50
696
104
823
21
318
337
756
762
380
472
32
712
518
179
145
737
513
148
370
221
644
66
609
32
566
492
549
755
169
236
448
783
746
707
628
189
670
408
259
345
806
650
688
596
482
165
345
802
774
203
425
584
314
129
307
537
5
431
229
427
292
806
298
590
679
608
491
504
38
272
409
438
356
226
490
240
535
407
9
133
486
582
518
104
240
800
341
112
347
762
255
809
234
78
565
418
677
20
282
554
675
158
126
775
235
151
529
513
428
618
262
159
598
3
223
206
730
598
637
349
663
56
450
187
1
514
547
796
745
133
50
363
577
648
404
152
802
153
181
567
802
743
799
567
81
674
365
621
329
553
815
795
410
154
260
629
509
587
789
730
811
367
557
418
682
143
291
645
775
467
94
405
191
417
500
704
525
590
465
373
498
479
352
285
2
502
414
645
66
393
231
635
540
116
106
317
729
725
781
498
696
829
417
13
313
189
441
390
69
115
1
127
685
31
63
763
710
628
14
188
593
274
418
630
549
157
552
423
762
735
825
654
378
279
373
712
190
473
729
689
219
146
221
253
801
444
778
300
113
250
599
768
663
45
311
65
790
50
745
567
395
239
669
150
443
652
48
572
502
428
263
462
177
464
155
569
363
126
13
390
749
273
207
162
223
136
69
86
357
581
432
707
615
159
749
427
732
488
90
813
268
363
195
286
543
677
331
586
312
678
344
780
607
302
564
663
270
616
620
640
104
357
618
244
706
141
279
129
460
462
441
621
444
253
418
781
451
764
210
274
444
80
473
108
403
146
127
531
82
615
612
43
319
169
634
473
818
90
379
114
21
788
742
46
75
80
707
791
490
827
662
620
195
630
653
426
124
813
158
219
366
7
442
818
390
693
749
110
789
563
396
107
86
446
163
171
306
663
315
410
357
210
315
788
647
280
231
344
217
107
46
173
329
318
75
397
273
773
266
66
750
508
732
558
605
368
173
168
498
357
343
775
32
822
35
67
509
222
396
616
9
531
94
576
132
441
471
737
339
482
261
259
683
361
720
394
21
727
240
304
787
46
293
697
572
140
110
693
743
429
772
365
503
703
1
598
525
566
423
557
341
598
300
89
695
82
731
817
362
425
618
306
338
235
82
572
578
796
454
3
618
762
736
615
400
1
315
421
264
718
694
747
496
133
456
697
186
36
64
128
646
296
258
57
241
145
227
218
418
484
335
286
104
574
114
369
175
349
827
382
561
88
798
459
775
784
506
543
801
355
472
674
733
167
333
139
272
454
17
272
572
734
767
208
734
251
482
633
163
376
778
477
144
695
47
616
618
520
687
408
413
826
705
172
543
631
397
701
96
221
599
628
97
560
368
767
738
679
431
211
599
406
745
576
732
478
703
49
809
267
238
138
616
791
471
483
306
707
189
438
32
491
560
736
748
599
269
287
615
184
67
624
225
260
531
95
268
304
102
611
510
357
283
525
366
767
658
5
393
338
788
304
588
150
108
1
11
140
341
530
500
744
17
764
566
112
616
380
635
40
710
655
466
731
519
285
389
263
718
51
468
272
511
645
623
189
498
88
410
529
124
257
42
771
161
499
614
828
93
557
560
778
209
218
125
129
414
786
379
543
356
296
576
401
668
57
801
396
328
573
142
750
526
70
135
815
92
500
493
201
509
218
784
632
419
291
557
692
537
251
521
774
723
476
358
239
692
418
295
791
615
191
152
320
616
7
267
364
131
591
424
242
318
803
733
794
316
495
147
579
554
324
69
767
312
307
196
22
507
12
142
639
172
340
35
550
602
541
154
802
291
332
735
621
632
596
388
543
827
478
327
793
321
631
39
775
136
42
748
8
242
512
697
119
202
392
587
233
387
193
581
543
727
530
540
201
293
585
451
338
539
762
115
410
403
482
223
508
733
221
806
479
617
614
231
103
818
88
393
17
146
121
35
752
170
686
194
244
397
134
463
553
291
326
178
516
559
336
457
622
790
187
525
644
678
434
644
788
336
429
46
444
50
829
198
747
703
703
681
184
725
800
237
827
732
619
587
281
223
743
676
594
689
612
743
22
250
691
175
154
638
319
5
457
277
209
568
176
357
649
13
486
170
226
795
259
3
758
339
744
728
360
616
778
736
599
632
242
25
94
731
679
822
405
178
235
352
329
807
90
134
286
208
620
34
771
339
359
586
705
814
508
451
465
777
284
704
474
47
63
472
558
753
201
663
317
412
228
812
327
294
458
112
763
76
659
644
137
690
340
491
609
151
442
753
210
298
303
749
440
476
478
367
543
178
749
272
407
334
744
242
490
464
247
799
439
772
295
385
478
339
741
784
198
700
10
492
359
46
116
287
98
68
10
564
151
540
586
584
430
421
711
5
476
623
491
368
354
725
171
729
594
412
635
383
167
785
815
605
130
792
465
518
657
617
702
228
691
269
769
485
378
524
20
39
314
638
816
134
830
468
272
257
49
624
217
673
378
768
257
300
446
536
529
239
39
529
104
269
693
231
251
47
497
524
186
698
425
430
316
300
176
651
49
163
704
274
706
363
250
488
423
698
762
306
186
174
79
479
339
351
617
728
665
546
561
812
404
17
81
659
396
349
388
45
703
448
347
271
627
679
657
101
531
518
621
181
478
290
808
659
778
111
427
353
325
221
522
110
167
62
186
561
38
372
165
739
425
780
525
355
552
792
197
718
380
710
97
581
465
503
300
129
136
581
719
221
714
261
768
622
342
478
674
280
794
121
625
629
90
135
472
80
231
571
279
286
609
749
709
221
586
239
491
578
649
166
515
327
156
91
213
190
700
628
690
725
461
291
691
728
90
180
771
368
141
115
275
529
582
669
424
402
22
351
262
808
96
94
89
590
708
226
591
366
78
380
14
140
618
485
66
658
402
242
718
34
132
439
183
493
79
578
330
608
171
391
742
371
472
717
245
793
700
372
223
364
238
458
150
151
730
318
125
89
499
298
773
180
404
11
121
542
592
427
517
764
400
385
25
230
9
248
76
620
661
77
595
522
121
581
120
464
404
325
444
78
829
760
227
200
750
471
713
452
650
368
333
446
143
631
226
394
580
569
430
244
686
88
223
610
126
290
373
485
805
350
782
718
620
695
145
342
17
810
644
112
589
571
353
626
756
795
282
465
43
806
820
193
467
110
582
797
119
384
532
748
361
491
284
68
243
738
326
719
392
705
184
8
652
251
61
361
785
15
475
804
95
337
90
87
454
168
359
224
571
138
383
270
676
234
269
544
697
546
634
501
729
55
507
220
46
623
677
643
665
187
598
68
630
223
576
692
274
171
675
80
675
175
283
262
786
105
258
110
404
179
701
336
191
640
650
480
526
505
192
577
192
142
603
268
182
448
785
811
486
169
301
166
572
403
381
466
28
9
631
594
407
323
89
321
303
161
251
607
512
786
59
13
483
136
481
258
394
709
664
515
496
59
75
113
722
78
786
718
193
705
622
349
453
609
249
399
485
376
228
734
186
71
682
215
256
696
458
796
812
331
375
605
779
398
173
523
765
733
791
763
155
463
410
634
71
668
824
683
635
158
393
635
706
496
485
611
510
196
538
30
307
573
455
266
340
343
514
511
276
275
179
266
229
145
215
133
343
802
338
644
556
241
758
595
126
90
128
320
55
692
720
235
804
552
742
636
753
457
291
641
55
303
189
618
11
187
81
118
528
511
523
178
695
91
604
81
607
333
821
421
474
378
716
349
227
438
169
592
114
180
153
573
579
761
50
767
725
280
382
504
105
518
246
609
825
9
312
146
829
219
250
474
722
218
690
367
88
455
485
466
521
219
558
281
752
528
445
259
285
548
630
6
699
825
471
31
240
714
733
336
809
699
3
69
726
628
391
427
478
526
420
388
653
817
621
312
650
334
741
238
443
561
416
187
166
632
248
135
2
819
783
775
543
425
564
14
488
723
42
199
88
284
559
14
291
159
829
345
383
707
135
333
573
340
818
175
776
253
798
723
288
279
640
33
471
161
304
328
236
236
557
289
524
137
170
640
324
426
562
389
70
285
357
553
670
312
800
60
2
231
763
11
615
584
71
575
440
136
197
204
783
716
182
567
52
705
766
565
63
360
617
138
441
312
308
288
358
435
220
358
798
489
481
597
364
667
744
6
217
79
654
726
758
709
243
358
279
348
780
356
39
828
598
246
26
394
303
75
387
761
728
800
676
114
243
728
624
56
407
805
814
198
49
371
438
14
775
341
49
79
404
155
265
816
731
681
703
478
260
548
22
511
105
639
108
74
212
251
212
510
763
174
555
90
172
490
635
568
552
824
103
279
544
541
370
675
367
647
151
760
611
263
239
251
213
622
693
184
689
387
648
84
761
440
554
823
439
724
594
679
360
317
721
90
541
569
615
477
318
629
556
16
60
660
819
207
111
121
300
476
135
176
522
592
37
17
542
391
807
463
678
627
647
680
92
377
559
747
128
55
419
437
134
536
613
540
297
64
275
44
712
794
685
740
635
234
392
264
576
264
84
299
224
681
207
699
552
352
465
383
690
691
298
486
514
415
151
366
8
374
208
115
594
20
433
388
76
425
11
474
752
620
323
499
224
33
412
232
407
167
266
424
161
383
110
547
796
724
413
475
806
459
796
561
438
625
468
680
565
323
382
665
471
504
171
274
527
445
89
480
91
94
145
351
567
169
5
14
467
665
553
234
154
689
773
784
406
620
517
27
430
9
471
166
222
408
468
593
223
224
407
605
794
183
768
617
190
258
640
417
2
607
744
722
798
658
37
246
503
246
411
462
328
253
567
640
501
576
573
164
24
830
422
781
783
758
643
601
506
328
100
335
635
170
326
409
275
626
540
829
487
825
498
36
567
722
120
611
212
18
319
785
531
54
783
244
725
114
143
440
297
244
766
173
322
194
647
360
178
727
691
48
70
681
687
349
782
443
69
321
217
346
187
603
414
246
506
467
523
702
442
23
802
514
434
230
626
23
733
704
282
300
490
557
427
350
216
623
247
27
431
169
260
799
425
83
305
650
431
628
633
281
66
125
752
526
184
101
638
810
369
492
113
216
554
733
413
57
60
769
232
230
595
398
145
18
226
742
436
813
371
416
165
381
459
142
783
315
745
338
816
403
185
288
635
150
735
594
182
52
59
208
694
126
465
464
697
438
199
636
289
73
212
790
790
15
110
160
514
752
606
730
317
296
425
108
515
587
387
260
440
164
603
109
626
566
227
690
147
697
304
118
392
496
803
794
828
687
380
94
273
407
592
371
154
3
392
328
758
375
283
758
559
400
408
247
402
457
199
728
410
9
24
480
424
490
140
294
370
620
296
41
801
295
671
56
110
63
543
796
119
409
454
628
711
66
511
638
825
485
708
438
11
41
693
532
724
539
330
829
184
154
18
475
526
534
298
317
36
349
411
435
584
128
637
302
748
803
794
629
458
443
335
260
699
731
488
611
399
261
814
421
393
745
128
68
9
694
664
14
564
234
396
102
752
816
63
210
588
131
426
197
480
669
598
520
162
248
474
582
753
263
169
288
297
712
715
41
103
268
811
156
789
489
553
743
415
227
17
96
650
766
296
300
684
328
824
821
711
727
225
7
548
51
602
136
421
145
509
617
564
491
9
32
655
816
345
144
267
313
797
200
41
113
218
537
373
725
790
628
427
234
136
118
509
582
97
707
300
289
36
356
183
462
283
77
791
132
352
470
652
377
26
353
162
819
708
392
402
584
67
583
512
289
345
503
440
600
66
660
727
54
300
559
178
365
195
792
63
28
198
533
42
793
144
252
663
719
353
706
413
792
2
497
344
390
171
24
131
110
364
83
64
634
232
331
306
475
646
397
455
389
292
672
69
313
615
760
331
778
533
464
234
654
368
769
385
807
630
393
31
803
507
443
717
657
491
106
692
88
341
278
549
126
308
797
340
493
360
681
709
40
790
188
577
22
402
439
175
735
592
646
91
122
272
36
24
294
762
710
526
827
439
752
634
258
244
693
562
786
624
299
425
259
490
163
823
648
252
453
129
648
628
355
28
662
194
637
413
156
288
315
479
571
236
118
382
124
645
132
452
361
87
73
583
30
281
421
620
240
756
288
826
424
331
581
627
825
388
707
86
45
96
281
495
37
479
178
453
761
391
237
405
26
539
191
782
428
285
244
147
54
27
273
96
644
222
623
183
246
527
348
191
715
148
388
516
445
152
117
47
704
679
633
194
122
583
134
687
52
113
572
752
279
735
439
222
492
12
362
320
136
358
621
744
25
131
132
97
427
667
511
193
401
706
573
302
336
364
551
602
191
678
469
806
168
203
645
544
683
488
632
358
148
411
431
616
238
769
376
497
672
784
112
7
641
711
195
337
721
378
260
188
696
766
50
344
596
446
795
803
135
728
79
554
271
501
732
222
810
440
212
628
140
671
131
75
585
571
693
754
555
783
684
465
427
19
689
4
259
143
753
101
645
331
155
225
688
556
165
754
359
207
316
226
102
144
439
128
56
122
248
437
476
416
314
522
136
499
277
283
826
606
201
147
724
413
253
509
454
718
401
487
445
71
315
251
110
225
362
826
452
74
514
290
2
561
131
595
119
313
506
17
680
612
115
341
92
813
31
768
389
142
230
745
379
675
392
198
587
743
525
627
295
364
696
453
681
640
571
419
767
659
322
118
23
202
557
796
111
735
525
816
377
333
92
216
620
409
22
23
301
466
300
364
768
610
809
73
301
585
135
243
18
786
60
175
132
519
312
452
183
397
286
101
199
814
376
435
257
92
732
420
48
492
501
87
683
400
25
424
77
205
146
121
191
117
717
437
158
518
749
451
195
124
135
608
663
739
748
327
514
101
353
480
273
123
75
496
534
349
237
728
515
579
794
3
2
111
699
483
652
448
819
553
692
597
328
563
157
693
101
579
503
203
405
649
218
758
35
181
120
720
501
4
562
374
473
596
824
78
15
602
112
620
84
617
430
550
84
90
459
354
391
547
394
465
77
255
424
758
253
149
90
786
13
444
210
540
462
819
705
731
368
713
7
280
467
366
164
314
176
544
743
233
54
317
15
633
65
297
362
737
414
544
329
755
419
759
207
586
203
574
240
7
483
812
594
111
486
242
683
330
17
729
12
4
598
800
180
489
462
358
96
410
454
708
802
586
15
474
481
771
108
303
218
261
362
739
621
522
532
270
56
164
541
492
168
829
65
303
44
139
787
55
804
247
668
608
511
602
6
440
157
518
540
311
403
70
747
99
309
219
84
382
401
711
686
157
369
722
303
420
277
509
707
637
285
826
542
365
509
767
253
733
320
735
656
16
403
40
200
192
331
173
454
553
334
268
344
346
662
442
511
169
202
624
794
444
259
764
146
351
719
116
733
323
280
635
466
551
715
796
386
672
760
712
626
125
388
43
803
361
828
391
157
796
361
63
400
424
217
67
358
280
186
341
538
671
93
814
564
362
176
302
715
628
435
223
2
723
415
597
369
417
748
275
342
387
547
274
674
334
304
547
196
179
722
686
51
593
648
52
205
722
641
752
67
532
580
768
217
732
112
96
298
503
123
668
354
305
501
761
84
655
47
749
97
557
638
314
411
595
649
730
3
416
16
598
626
30
771
460
278
786
775
121
161
677
778
221
53
545
233
179
735
199
100
197
485
369
778
426
157
473
194
348
411
325
696
294
239
590
423
471
322
368
521
231
818
779
427
181
106
507
146
5
66
738
300
245
112
382
210
394
351
456
85
316
305
371
480
734
298
814
503
123
367
139
248
239
714
575
627
706
594
118
290
516
92
791
340
325
395
350
801
813
16
3
345
191
328
48
750
263
317
758
102
443
86
354
578
342
538
380
710
585
651
539
807
543
48
546
728
243
90
726
31
600
480
568
525
15
717
756
411
492
572
485
4
192
413
485
314
708
114
490
273
166
237
482
101
484
717
49
88
412
583
492
447
179
522
363
624
696
65
119
600
341
709
635
16
758
517
398
253
118
751
477
494
616
540
61
88
332
509
624
646
800
520
703
219
615
734
289
135
330
105
797
399
200
481
736
135
397
793
37
597
529
102
192
683
96
685
687
550
507
316
11
402
724
116
399
255
80
445
700
81
184
640
219
209
141
266
383
63
773
761
307
347
413
731
13
625
465
55
251
166
312
214
314
593
647
701
167
717
575
39
122
329
508
116
794
447
794
778
118
260
577
211
446
307
449
666
531
813
184
766
712
57
324
171
453
406
263
662
646
597
606
473
126
550
829
645
100
632
606
634
176
525
613
310
395
384
38
389
54
307
301
216
137
253
429
625
425
105
439
742
259
727
419
11
580
571
158
414
633
81
628
70
716
452
483
250
119
660
319
365
657
526
803
193
411
20
272
333
730
458
163
793
672
786
415
500
474
733
607
618
726
192
830
271
574
801
194
201
748
785
149
98
267
150
318
485
225
617
463
288
49
660
296
357
109
205
665
740
233
797
26
175
542
711
160
516
527
89
140
551
322
611
501
366
193
491
204
390
434
86
782
242
33
208
85
285
93
685
760
147
134
797
37
264
315
777
603
86
486
499
431
581
185
198
376
524
738
29
767
7
783
207
297
131
301
396
653
227
181
430
202
619
400
143
372
227
40
741
793
818
176
515
509
695
285
651
152
340
240
174
632
563
615
339
136
76
135
115
283
758
145
316
38
336
267
243
138
781
203
616
825
399
469
445
438
494
132
378
145
513
31
764
124
570
202
472
791
678
36
500
570
725
470
714
167
416
87
329
164
540
127
543
328
35
160
607
244
442
292
16
428
441
365
364
322
45
26
74
336
815
709
341
737
621
369
651
192
414
690
414
640
581
673
596
457
52
458
617
318
710
644
784
136
84
581
539
240
414
628
78
631
479
799
672
662
36
493
389
265
782
745
19
183
606
740
717
351
228
436
399
560
511
144
711
89
131
529
413
553
319
787
359
770
373
683
504
657
561
453
620
516
639
742
202
405
247
412
646
624
261
371
435
308
495
494
145
25
278
812
595
443
107
238
170
338
737
429
626
599
435
822
422
597
750
53
470
454
30
143
13
135
229
640
327
37
332
719
355
108
827
518
231
614
488
566
600
258
440
55
458
494
534
421
233
644
616
38
633
210
774
329
225
664
636
733
738
5
333
580
29
790
228
122
819
410
111
622
127
422
699
710
363
58
726
465
626
824
100
470
172
645
76
607
221
718
516
713
500
463
160
218
715
705
21
651
585
777
629
247
742
234
228
376
715
702
22
319
99
589
292
762
33
165
317
448
273
483
227
176
224
654
735
180
297
118
11
583
782
776
109
531
145
568
243
312
188
19
55
38
201
335
40
308
50
400
805
67
46
377
302
491
177
190
159
397
308
40
511
260
570
356
741
680
663
799
665
713
65
634
206
351
740
280
282
261
171
418
348
735
329
753
363
742
126
678
341
210
172
171
201
14
451
412
42
377
740
736
106
635
170
667
647
740
788
353
508
91
157
128
189
555
376
285
354
254
241
263
274
686
803
218
330
69
424
120
733
343
99
487
605
366
639
96
207
342
455
223
399
262
339
275
363
548
424
475
241
522
148
212
428
361
420
267
458
821
17
465
188
340
86
342
348
463
4
593
825
82
293
642
136
375
696
225
83
631
29
157
582
807
366
783
114
354
663
299
122
787
248
156
149
198
311
683
590
361
623
778
50
452
32
776
64
659
21
619
108
685
326
285
749
722
590
258
248
524
84
38
805
624
71
480
584
691
672
229
778
447
305
761
44
636
634
120
569
343
458
607
149
345
180
583
161
259
784
546
437
714
218
323
116
579
150
640
125
655
265
177
771
782
594
573
776
331
714
141
333
381
670
44
508
547
370
810
617
62
282
817
37
412
697
290
254
6
375
756
23
10
777
373
605
600
35
680
386
28
562
782
366
309
456
172
394
282
808
201
29
624
574
581
393
650
337
618
593
156
65
48
139
767
361
699
145
355
275
695
681
811
494
643
578
502
433
542
704
587
407
828
210
209
820
342
773
648
825
343
546
772
249
231
303
543
436
212
475
499
736
306
473
95
682
480
656
522
254
24
691
284
647
131
278
757
453
676
185
261
255
534
272
147
92
290
637
96
744
340
126
668
24
444
548
199
346
200
437
692
48
113
434
812
532
633
792
405
323
185
772
321
436
595
78
184
808
169
656
579
402
538
306
324
601
762
555
213
575
706
82
818
562
770
170
806
279
185
608
792
314
153
52
328
191
743
159
289
247
725
76
116
18
522
525
676
624
540
444
30
568
135
195
445
134
758
391
476
397
437
665
459
618
552
225
239
367
579
179
571
66
555
524
479
748
312
693
595
269
224
819
619
347
454
505
520
202
301
123
113
413
413
732
261
17
564
486
137
372
728
775
191
399
90
81
596
363
41
570
542
783
352
732
192
55
14
135
198
686
120
693
569
46
290
345
200
132
571
85
771
479
393
199
827
827
29
485
201
383
85
329
263
275
43
818
643
378
123
582
74
210
769
367
511
518
705
545
219
719
276
749
469
630
816
491
502
558
197
358
167
482
67
637
114
5
578
184
630
521
632
491
705
797
145
613
709
453
546
309
816
589
273
47
44
746
124
357
507
687
10
350
717
816
150
388
413
461
623
556
569
92
231
575
722
634
267
228
821
753
821
499
479
622
731
173
797
561
525
609
410
321
725
576
622
687
658
655
1
289
380
64
131
550
667
346
236
196
579
463
476
592
275
21
50
20
103
446
675
203
598
780
85
133
175
487
615
251
267
198
201
96
66
181
227
317
329
771
217
629
770
472
676
284
134
284
188
530
781
295
645
180
312
299
724
277
91
388
732
684
724
176
177
270
100
263
649
210
801
702
129
161
91
808
801
479
308
785
42
353
522
309
621
139
606
115
428
68
549
788
94
648
380
332
684
743
66
364
327
38
7
182
47
547
601
69
545
45
411
480
114
674
295
562
348
667
596
746
433
723
373
820
147
75
460
267
234
707
716
97
430
759
606
815
266
519
382
426
522
603
424
251
635
618
48
290
511
269
575
68
756
263
243
196
434
151
739
15
657
321
595
382
92
361
497
453
20
249
412
520
648
223
561
325
700
218
197
230
108
399
106
316
683
580
113
446
588
231
489
526
584
667
269
179
365
815
624
353
427
270
271
442
706
162
682
183
709
46
671
306
58
308
75
38
564
35
262
136
73
548
802
652
594
760
663
621
70
40
483
589
155
332
534
561
769
601
56
94
532
163
823
238
168
514
1
818
600
58
391
712
562
66
307
305
283
76
396
376
188
363
457
827
481
698
312
318
45
330
337
326
695
576
65
579
50
189
471
679
764
178
199
512
26
806
397
312
178
271
387
68
656
532
744
483
594
333
93
268
808
499
743
379
830
118
146
148
787
287
287
740
593
532
140
717
422
472
694
94
45
436
684
341
245
211
705
458
273
406
171
476
306
684
456
609
302
764
684
108
76
726
648
421
182
594
324
636
249
417
769
737
188
727
768
588
584
41
619
32
352
592
533
616
448
731
401
362
89
689
593
710
575
80
667
511
78
414
350
773
743
653
121
67
560
439
211
148
578
347
662
85
542
300
414
518
261
158
804
225
781
284
33
570
382
787
310
545
355
781
629
469
700
777
182
419
628
391
263
291
813
370
560
529
351
230
145
156
641
793
129
762
464
493
38
353
496
657
263
122
805
162
545
492
707
84
608
365
119
123
343
679
52
340
455
71
368
1
506
459
458
633
466
627
718
790
100
435
180
668
500
531
812
270
222
75
627
529
188
412
702
484
815
526
405
636
535
111
77
430
567
87
313
180
413
741
751
461
183
193
594
336
176
564
148
60
635
304
539
377
709
18
116
760
716
528
219
97
294
461
63
605
580
281
232
159
200
800
247
355
295
822
607
158
786
310
306
601
438
687
698
76
355
765
141
329
447
708
60
158
54
60
476
187
524
692
161
442
614
255
533
455
699
150
413
20
460
455
756
341
172
127
184
581
493
207
222
224
809
495
438
420
117
702
134
420
604
781
482
333
345
396
826
262
465
556
498
762
828
677
293
449
377
366
656
565
805
669
361
333
760
364
302
534
112
744
441
375
422
595
124
707
720
255
470
438
438
722
244
328
487
762
230
258
807
235
825
137
413
655
512
12
711
249
580
655
233
105
114
577
805
394
580
644
445
607
490
511
51
205
206
26
414
396
167
253
591
829
761
622
659
211
527
406
287
586
225
281
781
750
318
729
246
292
478
548
549
513
661
155
407
506
114
576
243
379
666
217
282
827
735
722
500
390
305
266
653
184
774
203
243
253
108
549
132
667
216
265
66
712
532
738
462
681
345
609
597
677
121
556
497
469
713
524
399
18
91
736
360
573
694
813
804
423
645
785
677
727
296
549
284
242
733
48
439
487
812
542
126
131
430
423
206
142
256
251
682
581
226
400
604
226
204
371
351
674
814
629
437
416
555
830
774
627
259
433
539
589
309
631
106
773
40
824
515
206
192
584
33
828
642
466
270
117
575
418
46
732
419
521
799
653
16
478
184
83
744
281
219
645
309
464
345
482
403
640
686
677
665
529
701
308
567
492
721
533
345
347
546
39
329
110
632
700
601
396
777
57
164
210
20
250
564
569
440
383
351
125
368
221
122
740
178
456
260
451
650
228
766
661
38
818
530
586
31
276
639
83
281
642
67
122
813
184
138
528
389
252
623
474
381
733
189
228
791
327
660
16
387
798
251
34
292
623
420
488
769
686
534
703
781
86
311
378
76
783
771
149
94
266
225
563
32
466
511
475
111
317
783
450
660
639
815
482
371
565
267
778
133
106
695
395
517
54
161
567
600
782
695
6
461
137
350
496
707
608
753
704
302
403
145
368
547
23
173
469
820
24
429
616
722
412
164
61
712
34
602
659
214
753
328
806
775
78
311
556
165
396
282
336
525
418
809
321
325
103
315
653
376
623
807
562
131
491
526
771
88
411
641
470
697
141
738
346
55
601
682
650
709
243
362
93
319
701
340
227
333
675
677
457
24
286
309
227
4
317
512
439
241
754
1
626
303
284
203
478
211
623
140
10
563
461
349
459
193
718
98
194
220
440
271
516
562
697
628
407
444
722
448
129
524
431
515
597
122
294
588
510
620
322
768
136
569
142
646
272
488
129
536
101
816
594
575
553
278
807
244
743
607
135
724
818
210
615
247
410
77
389
748
10
375
488
637
425
700
284
552
445
56
234
725
758
19
613
138
466
686
231
616
472
494
193
139
361
758
593
567
549
651
125
228
340
71
569
162
28
457
243
5
237
431
382
715
720
433
203
369
745
652
390
735
110
342
459
818
160
51
720
562
115
34
615
202
253
704
260
158
260
631
128
571
224
533
814
105
448
557
275
105
621
64
85
785
638
786
295
379
74
640
6
204
777
258
368
596
276
359
159
581
312
215
89
637
254
662
338
780
143
829
246
742
425
453
438
495
486
561
639
603
631
108
527
174
431
577
41
396
798
722
340
134
605
229
203
124
583
579
85
284
408
693
787
754
411
244
1
598
303
353
139
783
412
297
784
136
259
163
726
311
667
655
807
68
778
303
175
86
458
710
360
230
572
769
608
617
288
575
532
369
284
438
395
333
221
674
316
772
509
291
125
755
258
326
814
829
98
87
506
816
461
644
613
188
18
454
547
525
818
334
650
718
506
664
719
685
174
396
73
140
825
607
191
229
348
471
460
534
601
389
67
151
620
447
628
617
702
254
274
702
742
264
11
522
324
751
475
405
270
709
770
720
305
415
196
771
664
367
576
313
244
164
340
786
380
663
669
37
601
598
826
349
565
358
113
482
188
221
368
276
808
651
436
332
49
196
638
21
765
116
375
749
366
154
242
275
431
723
471
75
580
193
268
256
236
570
400
696
812
660
704
679
27
112
632
458
201
605
51
660
335
434
248
241
521
626
785
535
130
732
514
26
368
429
788
58
822
352
564
571
124
326
7
670
587
420
775
1
629
73
693
168
489
409
791
565
132
340
828
649
602
788
244
392
829
350
319
603
671
806
629
540
604
120
687
760
791
695
311
109
796
616
721
579
315
642
552
524
571
438
743
741
308
379
448
824
659
681
408
379
117
776
334
107
525
799
802
19
664
799
405
320
553
176
234
629
636
106
279
255
740
125
361
332
643
332
64
350
449
25
560
382
210
86
8
769
480
679
739
626
472
70
268
278
420
741
153
224
311
25
503
644
173
557
417
638
685
729
239
69
60
795
297
197
83
824
728
124
61
741
358
257
49
21
63
454
377
291
307
683
162
696
499
556
200
60
297
790
666
237
699
246
403
660
121
681
320
811
779
759
329
819
307
124
640
36
747
94
666
590
230
620
625
44
806
40
558
694
18
668
392
606
87
741
767
628
475
780
763
749
764
194
473
81
107
49
275
616
323
621
41
383
575
91
241
89
359
673
532
736
535
243
645
442
297
218
629
586
548
738
131
274
660
163
446
741
601
590
363
8
804
808
735
791
175
795
44
588
353
219
411
560
375
626
125
70
221
277
92
264
357
603
312
647
807
440
725
514
16
589
147
517
713
521
23
630
224
673
356
211
543
294
585
506
23
451
680
5
762
116
668
128
659
726
504
221
620
716
326
416
134
407
21
400
226
818
217
763
395
639
26
465
595
802
90
543
167
217
414
163
287
778
411
563
722
393
508
88
764
551
54
389
330
520
77
14
423
13
770
799
619
550
627
730
177
90
107
7
439
317
785
767
664
650
614
218
488
294
301
50
698
701
52
745
744
481
511
569
756
392
173
277
457
315
616
12
73
216
489
309
191
274
268
20
37
492
752
209
22
12
416
513
694
571
647
578
310
639
718
323
154
336
749
314
171
356
498
480
441
799
778
683
348
519
72
543
734
344
89
264
437
185
827
382
357
150
574
62
695
595
542
374
446
51
633
445
482
213
34
564
2
601
93
299
14
688
71
825
381
314
259
140
274
543
144
750
823
585
487
703
540
199
776
440
94
109
368
130
777
29
69
794
136
495
25
325
420
638
191
270
554
134
402
584
619
649
565
73
614
592
105
786
538
400
563
173
788
15
778
32
617
489
232
567
268
689
334
293
279
672
338
87
356
175
439
288
116
566
255
135
581
269
699
51
309
403
783
423
769
517
76
729
354
153
364
151
818
268
349
275
344
385
741
708
118
605
166
748
479
752
36
71
173
210
652
705
641
457
254
104
406
564
256
218
312
588
268
87
37
708
598
386
778
191
637
530
781
150
743
577
145
774
367
48
702
453
259
357
620
349
810
366
666
369
471
737
30
409
784
532
341
91
729
273
790
451
32
232
371
231
149
628
820
299
802
576
773
673
75
255
804
72
509
316
256
238
13
237
141
220
244
555
246
12
83
317
125
437
474
469
21
110
667
610
144
233
46
344
702
89
727
334
252
544
626
165
80
595
324
88
77
529
91
36
126
628
303
209
811
490
600
256
448
3
322
414
387
635
351
164
652
645
338
347
100
634
585
28
98
529
711
78
238
72
248
36
216
378
708
354
179
448
138
221
217
238
584
426
490
422
322
14
203
241
813
654
376
93
27
298
236
288
102
644
141
413
783
635
234
188
601
699
179
565
601
599
340
82
786
456
153
830
57
459
89
565
318
343
55
686
460
129
159
44
98
578
822
621
597
445
573
194
770
285
77
263
49
5
768
251
740
359
556
319
710
106
220
667
418
36
390
84
633
366
125
466
61
123
758
732
19
117
128
536
238
120
513
669
23
732
634
521
519
201
813
569
105
755
577
673
472
599
359
707
184
411
461
98
270
761
596
260
121
694
220
82
198
687
782
519
26
747
688
4
395
39
562
421
365
193
143
66
298
62
793
376
51
116
764
499
77
544
430
647
223
734
284
630
94
477
566
574
360
684
721
460
485
765
757
404
48
539
437
108
110
554
8
163
394
45
242
614
82
217
514
767
502
404
251
642
686
632
465
390
311
343
710
418
399
528
47
488
667
718
283
638
541
608
358
400
365
672
180
79
504
797
389
15
551
516
596
96
90
24
710
448
555
36
351
294
416
200
172
409
677
552
590
230
770
420
812
635
714
357
695
730
254
134
5
508
502
620
401
347
211
244
207
282
646
808
316
454
50
225
521
644
456
730
694
16
438
539
141
416
155
799
529
439
354
825
17
283
261
404
75
195
767
391
101
564
534
82
13
667
221
227
52
712
347
734
100
755
755
113
94
575
174
276
245
540
81
504
224
523
93
812
824
401
802
649
95
566
578
536
221
820
805
149
277
311
775
642
107
362
567
445
790
189
770
265
449
528
449
234
1
584
813
735
719
259
570
266
651
680
311
773
313
775
650
34
64
542
461
50
612
497
502
239
818
668
23
38
125
197
313
545
743
687
698
484
569
486
160
237
638
507
28
348
569
430
119
11
53
366
209
703
514
687
492
498
554
144
498
528
60
455
449
23
426
5
70
598
65
649
674
294
685
392
216
608
157
715
641
54
543
227
791
620
366
91
115
180
644
191
476
20
316
642
119
437
791
250
370
49
404
203
74
439
516
668
525
271
508
471
641
603
234
264
593
638
136
201
197
205
525
663
274
378
171
481
421
470
487
636
322
434
482
290
754
726
212
247
558
18
286
338
655
144
20
86
710
408
450
94
369
715
232
223
562
157
806
828
498
501
785
33
546
355
320
677
823
459
45
340
517
177
699
815
300
724
290
383
594
600
393
7
632
127
535
139
146
81
645
337
488
658
576
566
121
522
579
323
512
229
646
235
823
280
465
770
606
534
243
581
539
712
714
719
445
370
239
28
48
753
485
147
239
481
225
453
148
634
193
382
59
650
386
604
676
477
728
346
70
71
403
579
506
602
437
801
475
621
110
804
77
85
258
52
111
778
255
93
149
112
80
741
293
679
111
621
209
233
176
722
556
770
761
112
633
310
48
352
135
247
38
733
757
80
180
143
676
804
805
66
548
36
740
122
138
30
513
605
240
553
820
22
135
303
619
46
310
681
639
106
617
488
693
491
240
389
475
469
587
698
186
379
727
374
60
404
14
432
150
237
609
315
334
266
333
656
36
405
380
171
607
372
19
774
40
693
616
808
579
173
678
613
372
26
473
328
308
382
191
366
813
312
117
673
701
257
341
293
51
684
35
628
31
587
426
263
669
465
231
271
547
690
49
313
534
89
112
15
255
630
219
478
201
379
400
219
353
798
736
678
110
685
668
725
213
171
295
182
713
479
259
10
563
194
120
72
154
544
457
708
154
475
528
2
306
763
461
666
429
608
647
586
496
356
96
783
628
572
786
451
601
23
42
822
729
690
206
503
95
606
710
281
733
761
609
133
407
556
593
453
301
520
706
599
247
146
699
452
389
642
413
596
40
99
156
473
708
60
714
759
129
771
646
564
239
468
632
455
27
479
200
114
204
670
598
464
617
509
619
72
781
336
177
137
23
114
684
298
462
148
609
222
206
618
55
245
491
300
628
782
450
648
128
412
738
785
819
757
652
218
80
723
626
155
689
366
172
608
571
523
478
639
172
408
449
712
797
792
728
433
781
180
344
632
329
42
225
110
768
337
614
216
816
9
424
576
729
806
528
202
470
327
445
649
691
154
183
742
390
766
104
641
218
285
289
596
128
377
260
620
212
618
510
144
328
521
216
421
375
757
592
362
28
225
31
372
271
736
364
254
613
33
151
710
540
207
700
331
359
496
310
473
665
77
221
611
276
46
237
263
642
505
658
109
150
100
491
307
485
375
46
812
89
729
93
390
784
696
264
814
112
259
776
379
274
525
101
387
490
621
237
494
528
524
483
785
227
170
505
765
186
706
779
344
706
219
377
318
104
241
154
735
205
453
618
123
110
278
53
199
563
410
625
10
477
310
426
393
264
708
438
688
271
600
2
556
504
73
216
708
630
765
715
556
757
662
9
229
190
531
730
534
126
112
364
60
637
347
392
107
680
826
179
336
816
220
454
723
552
615
496
342
693
339
31
647
821
708
171
489
3
84
204
369
614
761
812
163
406
512
728
466
610
802
498
23
819
611
759
415
527
388
765
651
143
335
449
150
319
564
466
711
118
139
473
448
335
560
466
77
47
800
823
351
368
682
602
591
272
82
675
809
828
672
672
636
589
380
773
125
429
67
292
728
210
571
420
116
393
57
431
523
476
280
123
81
312
403
505
400
701
14
822
34
798
289
773
744
150
661
433
205
825
26
94
102
581
729
221
463
326
545
446
734
387
550
260
153
675
734
692
54
57
224
687
154
225
88
759
143
609
21
597
643
109
357
338
747
128
144
206
634
505
157
520
817
257
353
816
561
54
228
24
485
677
784
109
335
294
736
531
790
16
34
800
160
682
237
534
447
791
583
713
816
777
538
823
209
623
70
533
163
607
252
642
19
108
702
611
732
387
644
478
320
435
633
704
578
590
313
781
33
96
722
423
524
51
612
522
614
760
695
506
34
402
752
140
40
722
344
108
69
115
586
502
315
125
446
578
811
252
548
52
433
281
292
558
593
357
513
691
569
659
437
22
69
376
531
518
656
195
272
652
708
41
258
543
759
744
453
539
682
445
473
554
599
413
453
605
285
409
141
291
203
566
289
570
106
148
802
483
523
630
623
416
59
160
308
367
163
457
130
535
421
748
618
300
143
165
163
688
454
286
115
725
563
296
441
96
535
782
262
284
341
201
337
219
121
240
665
451
295
149
444
565
350
793
662
93
3
191
717
188
363
418
396
714
413
614
172
105
226
264
501
10
160
699
106
735
353
78
666
573
34
11
819
62
209
826
205
703
301
479
733
392
762
751
170
801
446
405
496
795
434
401
399
624
6
654
324
385
375
577
569
42
361
601
754
148
102
35
711
236
629
796
280
403
447
687
374
481
205
258
571
47
549
541
294
34
22
559
648
183
633
803
96
170
261
753
120
425
274
29
656
447
17
133
7
570
508
467
159
459
153
544
101
122
733
229
364
824
224
531
23
445
640
410
372
771
549
93
204
102
404
354
203
744
305
596
249
193
430
298
99
730
41
366
191
421
270
344
628
566
3
303
551
189
87
461
479
131
518
491
442
157
316
4
59
791
269
28
141
433
546
467
806
350
431
121
647
795
657
769
572
37
549
61
563
657
701
105
58
467
786
506
290
149
329
830
356
746
581
347
748
40
138
107
522
667
639
56
809
176
158
508
67
664
666
736
164
397
387
99
624
24
308
425
409
283
393
651
755
809
644
496
154
492
497
807
23
144
767
163
253
300
504
140
182
373
106
553
150
141
16
370
765
196
789
749
185
255
16
124
507
355
667
406
320
755
33
379
220
568
467
780
720
396
336
416
752
513
113
265
116
746
71
41
767
200
525
319
52
317
596
774
739
163
383
361
17
677
709
363
210
706
500
403
277
730
336
23
294
217
26
104
507
742
826
828
439
124
563
514
826
706
412
214
288
560
492
417
127
254
824
164
569
18
557
52
175
482
424
110
568
441
533
105
381
310
349
295
366
565
216
679
395
213
154
424
590
481
388
95
30
700
472
471
670
606
376
806
339
283
628
593
592
628
200
146
609
429
120
530
769
813
584
595
329
679
74
254
796
42
465
561
85
251
12
233
105
446
444
584
751
771
662
545
627
93
557
32
503
132
551
720
369
476
641
211
309
408
537
306
476
763
483
168
102
70
812
528
561
807
619
645
114
114
727
52
203
347
809
415
424
215
418
666
103
626
454
56
716
595
366
753
71
200
585
280
538
429
613
728
522
264
224
43
132
584
7
292
150
93
298
670
4
294
382
622
703
71
796
228
92
269
738
622
585
612
367
571
469
39
348
27
522
255
107
494
624
808
530
811
83
506
553
660
161
257
277
154
271
247
18
234
209
567
8
103
261
107
51
419
142
450
609
202
537
576
649
313
93
74
65
547
217
536
547
398
25
23
506
335
725
234
130
396
628
312
389
802
553
536
455
146
774
363
326
183
55
19
291
809
324
628
547
18
678
432
292
242
486
653
736
823
346
546
369
148
352
122
378
813
426
265
469
306
540
793
656
683
600
430
168
199
399
516
337
271
202
40
319
822
505
338
442
420
666
328
559
671
296
247
314
383
498
454
87
562
574
346
120
93
737
277
404
745
479
223
521
545
628
432
51
587
783
435
125
229
385
212
16
500
291
641
741
480
192
808
503
20
220
500
589
342
753
688
48
350
434
660
275
370
53
250
318
34
540
524
334
71
284
348
13
576
479
361
5
583
641
407
166
356
439
388
632
366
461
415
17
643
594
354
1
148
341
277
573
208
807
245
580
265
155
697
363
728
115
541
108
370
55
372
318
563
718
197
100
593
817
709
56
194
518
757
199
815
660
689
786
55
302
313
109
480
260
716
475
391
355
798
41
562
737
677
350
215
173
217
447
14
122
525
170
611
709
640
670
550
198
655
398
13
23
146
812
444
780
555
815
314
290
752
345
661
240
509
42
461
781
771
220
288
580
322
90
76
26
364
756
521
318
419
744
158
622
105
247
703
192
194
555
474
336
131
91
525
212
16
17
812
397
28
166
765
829
14
616
724
231
769
699
720
778
313
34
164
779
437
47
17
140
12
618
374
250
803
311
741
350
244
305
774
451
141
240
628
723
567
454
250
330
755
15
792
449
24
251
558
376
94
80
417
699
162
450
318
432
355
452
383
789
814
20
245
67
783
724
484
30
174
585
727
469
348
615
30
286
7
20
491
225
756
411
747
178
104
98
617
46
168
173
304
543
289
444
199
291
468
348
63
145
495
514
692
326
730
652
156
787
821
501
805
469
214
536
17
150
305
412
304
717
720
272
215
474
230
525
587
57
344
13
286
518
613
206
277
718
647
193
804
743
363
314
482
636
96
169
183
631
602
347
717
320
735
438
387
595
815
611
420
99
667
15
466
113
502
240
682
328
615
221
557
322
647
583
87
628
47
580
52
230
100
14
179
594
284
611
402
732
132
443
182
270
468
86
87
219
763
342
126
501
275
391
573
330
391
407
732
74
784
270
216
305
351
33
512
200
692
9
144
138
595
305
444
165
82
330
481
98
564
410
401
300
719
663
332
310
58
350
709
499
85
319
355
511
438
314
104
508
830
364
49
460
611
635
582
145
369
376
264
588
196
268
621
672
99
104
260
61
481
17
541
642
768
574
23
548
265
587
348
448
266
136
577
669
620
107
708
44
411
288
110
70
419
609
644
115
405
683
228
315
107
505
50
747
224
645
446
547
68
628
608
830
45
596
595
646
420
183
528
6
279
30
221
292
822
453
610
341
242
174
295
532
674
206
732
528
710
682
658
284
604
73
397
214
746
62
89
402
440
134
316
722
37
327
299
437
592
728
33
364
764
648
618
222
51
90
215
518
97
175
21
673
52
670
463
140
623
520
326
106
271
257
53
126
445
256
364
490
13
457
435
774
241
679
421
12
591
430
528
288
361
688
390
822
4
337
144
537
424
190
150
430
538
470
289
733
441
715
213
508
662
159
781
573
523
601
46
788
133
601
820
771
643
559
485
241
36
598
384
396
375
597
665
285
119
521
584
27
695
532
38
51
743
756
589
146
613
384
751
300
286
528
110
628
781
73
19
818
725
610
702
166
510
518
589
420
113
188
171
169
724
30
657
802
655
272
747
647
818
554
259
305
209
286
242
322
154
129
213
216
810
75
270
473
505
163
505
517
375
5
471
504
216
167
416
702
755
539
7
441
279
348
493
14
604
826
5
330
794
761
487
588
412
35
77
757
314
805
40
522
648
22
541
360
759
560
423
22
715
708
193
191
440
376
117
208
592
730
171
583
38
462
214
398
18
283
372
827
751
780
519
18
656
403
400
120
466
613
220
424
624
79
620
778
714
138
34
8
225
457
116
447
589
513
85
728
168
231
646
439
224
535
797
302
8
400
323
680
49
82
509
234
673
166
375
325
294
411
695
580
95
178
276
666
585
81
55
336
372
521
567
55
677
203
704
424
788
159
649
497
754
731
165
828
690
529
470
607
807
829
688
499
362
50
810
190
431
497
630
801
135
447
615
150
72
169
91
516
282
588
223
569
634
30
610
530
499
317
538
344
173
781
633
224
730
580
22
662
461
502
180
59
121
428
123
263
651
260
219
454
324
198
484
261
766
770
233
598
545
600
510
588
709
3
710
6
524
278
727
116
352
621
395
768
627
766
658
590
32
361
721
781
541
485
451
91
160
1
713
277
199
493
597
430
458
267
161
347
653
167
615
667
801
123
584
600
33
181
399
364
31
369
625
10
756
520
284
119
682
318
819
113
551
293
246
472
699
463
169
285
18
684
274
670
156
134
469
150
548
634
429
94
230
126
510
449
89
85
798
420
15
222
711
118
11
323
640
408
218
31
688
265
193
122
382
747
693
572
178
486
572
389
763
315
681
204
12
556
496
261
189
311
2
579
49
772
376
595
530
708
758
396
757
777
183
622
792
516
351
235
603
739
63
639
443
321
562
560
136
784
500
416
400
116
658
171
789
53
240
62
215
693
431
365
368
716
496
389
324
181
823
63
757
508
456
765
778
686
497
692
654
3
310
327
218
385
267
398
178
299
387
736
301
322
476
576
189
115
252
473
690
366
445
363
10
494
522
776
108
696
516
817
745
752
758
272
162
142
620
483
409
585
722
323
189
275
80
322
32
504
339
26
244
731
669
556
611
341
95
525
516
803
424
583
478
6
268
476
454
460
500
753
819
282
189
294
579
595
494
61
536
155
472
12
232
557
21
208
106
97
294
554
655
554
396
810
297
31
250
792
69
184
793
763
93
453
410
733
785
601
256
90
586
740
246
505
428
713
643
335
652
388
97
100
761
275
248
202
541
178
240
280
545
309
100
778
174
438
162
829
799
804
400
174
511
301
20
649
605
137
801
549
469
310
211
413
607
803
723
744
322
760
805
74
746
519
422
777
703
411
12
819
784
644
261
328
431
178
304
671
172
720
582
166
174
106
613
655
504
250
95
717
489
75
130
58
307
674
806
716
542
402
349
347
137
525
759
334
436
785
462
478
446
463
44
724
753
172
367
792
583
397
560
455
68
606
693
217
485
559
417
468
318
557
142
746
448
415
540
150
31
580
270
823
713
760
562
592
146
300
176
810
299
549
599
755
432
726
797
649
229
42
38
532
797
579
216
221
789
530
416
20
109
510
84
585
740
380
523
337
292
378
643
55
517
412
188
735
647
384
574
715
745
292
597
208
427
341
191
485
817
443
152
766
202
560
106
307
447
429
551
319
670
220
770
392
301
321
199
391
378
658
25
483
746
240
369
257
206
14
403
311
522
733
333
208
262
380
338
141
210
820
271
189
790
407
377
475
327
450
274
277
388
333
474
393
715
643
60
366
5
50
485
321
734
170
480
543
680
109
163
798
551
299
581
6
214
153
404
253
137
801
667
287
739
457
134
480
452
520
179
76
394
369
694
720
380
628
641
632
460
588
602
825
612
375
548
6
412
760
741
815
106
784
13
185
695
106
617
197
494
191
786
204
57
606
10
627
351
72
191
792
159
61
678
588
324
459
660
595
271
353
73
801
807
564
251
511
456
463
738
576
619
460
780
401
170
394
588
137
170
151
487
372
223
676
264
562
719
600
607
779
488
391
507
662
437
131
537
321
665
797
150
557
376
287
101
338
694
763
464
168
731
812
90
293
297
317
596
701
267
816
580
86
439
194
485
557
444
5
649
393
699
763
594
275
175
63
640
767
290
644
408
186
610
310
745
735
711
34
21
10
573
624
822
780
377
117
597
381
651
308
572
356
581
730
553
606
395
420
824
8
42
242
693
569
511
800
326
613
610
342
444
97
788
528
364
626
84
339
200
687
16
233
820
67
337
586
449
829
460
633
607
818
338
41
514
208
224
734
198
690
309
746
680
675
568
610
691
704
530
657
686
430
687
178
762
81
198
599
211
737
814
93
562
667
682
11
389
341
628
72
823
163
241
720
755
747
719
627
195
699
18
151
365
323
575
753
523
218
737
120
134
101
586
221
66
803
760
791
186
108
661
697
190
257
139
630
507
675
31
487
663
112
624
726
599
810
367
773
429
336
732
740
367
595
302
812
258
800
440
214
32
203
105
180
618
57
490
311
685
362
456
445
505
407
747
305
643
635
172
241
268
720
439
337
441
254
124
783
88
372
277
192
229
630
425
788
81
657
506
726
162
233
112
686
572
753
730
273
442
170
356
756
393
748
192
617
250
695
614
567
464
486
609
210
118
280
538
217
558
714
625
546
679
629
441
503
354
804
110
627
602
84
630
574
124
802
1
549
814
298
26
748
513
581
589
664
284
262
379
642
545
342
184
165
14
467
432
32
440
556
409
709
332
146
668
282
230
39
287
522
127
694
348
287
350
275
252
66
797
697
536
137
796
479
527
597
49
546
464
326
644
464
628
530
67
729
674
687
327
286
732
16
646
745
159
732
86
3
265
523
342
701
710
149
734
550
37
505
728
822
727
60
397
88
686
82
116
191
793
187
683
800
738
391
736
612
430
19
544
749
741
516
326
582
787
59
313
538
662
568
28
710
675
285
759
129
310
115
751
173
693
300
36
500
365
35
725
688
185
643
78
320
532
542
247
261
98
305
17
411
424
694
124
606
448
141
227
144
399
195
345
562
317
637
237
387
211
130
817
696
661
172
125
134
256
321
229
332
412
681
707
336
529
245
719
281
465
680
656
442
422
388
309
185
67
176
41
447
313
274
384
139
163
570
613
220
231
622
128
136
493
42
186
484
763
754
284
3
740
601
235
66
653
653
385
724
691
346
319
659
633
800
511
804
751
486
248
666
725
610
208
498
504
576
800
306
353
797
210
668
390
184
385
639
241
229
629
781
448
525
672
211
120
540
573
334
412
676
732
345
213
384
289
749
25
87
307
319
146
56
451
493
217
492
124
352
775
253
811
83
271
28
211
543
370
262
815
423
455
601
9
159
351
54
678
567
88
347
510
647
750
661
549
80
252
210
254
48
426
148
97
445
316
37
507
327
392
450
644
142
796
473
797
521
622
679
190
284
713
600
655
361
74
453
532
213
708
142
802
309
825
617
710
625
420
92
306
744
595
439
284
106
698
652
350
729
578
120
329
637
244
463
502
308
169
388
209
176
85
476
288
595
793
271
275
559
273
671
721
581
276
778
194
463
433
64
375
447
715
229
205
664
26
390
292
757
31
788
90
192
441
601
21
680
98
100
635
394
88
782
173
76
366
490
86
546
240
790
264
36
173
625
37
509
349
2
338
621
696
481
406
696
56
457
695
398
303
729
750
568
617
718
1
434
340
178
101
407
668
612
602
400
641
182
752
536
18
40
317
360
736
630
313
423
693
135
471
587
727
484
174
285
199
489
580
496
554
291
655
18
598
623
346
680
256
186
66
28
51
374
163
411
723
320
23
247
299
694
226
590
77
542
386
148
646
251
544
329
577
525
415
806
469
539
580
497
712
207
288
236
423
54
803
158
192
175
768
284
151
115
113
515
458
781
306
477
742
331
432
156
506
642
227
167
654
782
251
551
384
14
130
407
179
288
731
442
384
398
640
346
375
377
733
379
346
350
238
618
763
475
1
353
547
197
116
120
562
34
452
59
52
227
829
52
451
579
380
316
388
319
618
301
668
18
668
598
428
114
210
703
505
210
237
381
485
201
397
121
186
545
454
803
427
447
785
377
223
825
240
543
230
813
490
98
371
485
40
177
208
626
439
396
285
6
149
352
811
183
130
68
779
526
207
242
321
176
498
471
243
459
480
393
743
787
610
800
185
719
802
797
562
421
795
795
308
259
585
488
634
22
109
607
542
653
43
694
95
291
113
447
78
339
394
29
415
184
335
337
676
470
715
811
579
80
738
519
759
638
630
745
703
219
176
322
118
201
202
130
666
794
249
705
91
680
434
419
212
183
761
575
177
795
420
250
525
70
167
749
802
221
333
4
377
263
344
757
645
37
810
46
157
577
275
197
155
593
394
661
291
232
727
379
319
775
361
146
96
177
100
584
211
731
479
42
682
264
706
668
728
604
291
179
223
514
185
627
600
393
750
399
362
351
758
341
587
482
189
255
543
150
405
27
706
462
437
682
610
263
207
296
620
678
268
463
484
20
327
642
484
564
796
756
213
664
485
372
19
505
627
599
499
485
747
623
101
586
312
635
41
98
144
119
585
745
422
474
593
466
491
395
90
694
160
707
803
389
342
572
747
818
110
180
728
792
562
259
829
685
386
550
337
541
74
323
84
485
626
154
768
7
607
209
436
606
737
91
414
807
706
614
410
176
719
597
299
388
605
533
510
269
301
110
305
246
183
75
164
369
461
548
740
195
200
759
45
402
214
356
339
228
790
723
521
251
297
167
690
458
225
579
564
672
97
823
542
812
523
276
559
6
118
328
507
583
478
587
601
289
250
80
392
400
122
601
503
434
2
83
692
329
786
328
332
221
416
75
227
262
304
248
382
657
437
314
72
31
641
342
317
598
757
506
451
324
262
680
445
731
64
792
146
283
193
510
560
673
461
700
487
270
108
444
744
333
435
316
613
287
670
478
680
789
422
813
67
14
519
210
32
63
299
613
604
714
718
413
639
622
204
485
310
469
428
700
750
354
514
92
176
501
612
572
590
291
107
415
441
135
34
622
741
811
337
8
644
649
656
689
228
180
183
633
764
326
366
103
29
61
603
503
132
525
759
615
663
356
138
407
588
293
142
806
320
266
813
114
729
17
461
87
501
72
813
564
173
151
470
518
523
40
198
474
176
539
769
327
533
344
604
107
218
807
124
529
118
151
260
308
7
454
506
206
653
332
75
257
51
637
208
589
222
364
231
736
149
333
179
785
479
503
451
454
315
810
519
596
73
452
172
746
686
731
557
293
6
38
331
652
712
409
74
85
206
5
270
439
695
656
703
560
434
58
184
575
287
428
281
637
339
48
548
12
197
502
306
504
300
60
431
771
738
612
752
770
626
489
152
450
741
229
288
24
354
489
594
383
507
765
325
137
606
288
57
264
251
52
240
493
561
385
12
177
494
827
575
74
286
140
111
378
664
68
41
581
220
77
655
358
236
575
707
83
187
345
167
558
42
762
682
679
445
399
637
138
354
120
117
353
647
320
226
334
454
629
722
540
139
378
553
602
793
604
28
65
130
685
47
197
203
764
642
641
786
495
686
104
171
545
721
68
332
566
688
729
172
666
429
459
572
110
621
281
737
118
422
169
71
96
155
183
717
387
67
428
438
137
639
127
535
666
513
176
543
741
136
358
730
71
699
742
530
239
512
651
332
241
475
463
617
391
152
196
113
289
548
785
668
583
394
460
586
398
673
597
646
722
391
695
54
58
582
814
742
239
656
803
726
59
751
252
579
334
516
551
636
689
94
26
243
296
430
313
513
616
690
304
61
519
659
664
743
518
802
45
695
534
491
810
335
128
209
304
348
445
89
506
223
536
18
455
347
75
207
485
51
82
786
564
601
231
600
517
122
710
671
415
135
202
480
7
356
174
457
268
378
396
111
188
176
417
234
611
827
624
254
298
274
13
650
276
297
737
450
61
410
605
629
470
619
613
246
40
304
740
255
188
767
645
44
35
603
186
773
345
75
521
76
448
705
384
511
61
651
114
625
480
504
824
455
430
612
67
129
627
611
589
376
603
387
138
618
780
103
498
500
317
369
378
575
529
720
691
741
265
619
358
771
178
609
269
456
59
615
160
366
615
498
338
514
35
364
285
538
516
793
300
654
660
683
475
657
206
390
137
372
464
379
434
426
130
573
287
58
329
348
708
315
727
445
418
198
815
487
197
663
524
286
62
521
501
659
596
442
291
651
335
667
612
22
253
763
495
162
417
729
471
22
391
531
53
351
282
18
269
586
287
686
93
262
359
396
685
823
316
472
284
435
801
568
118
428
604
429
426
93
363
129
245
778
350
529
126
670
260
91
604
751
553
597
243
242
36
640
271
692
720
793
81
155
682
277
424
812
326
419
228
811
700
476
87
16
707
83
98
482
218
640
28
15
337
773
21
124
20
163
296
137
304
446
804
180
83
758
625
671
514
804
376
379
126
727
750
232
452
36
688
407
61
512
226
56
405
669
766
3
148
150
816
713
42
248
770
406
584
98
507
615
280
331
330
83
295
372
76
587
298
580
557
494
729
138
234
811
186
726
226
439
615
761
217
754
807
675
740
322
283
518
159
711
454
558
413
127
829
501
18
744
654
602
342
70
551
593
693
509
776
142
509
703
627
232
83
282
389
312
740
651
313
763
35
615
256
201
206
58
456
286
464
483
441
463
99
464
597
353
813
455
129
262
52
570
391
608
734
470
398
506
771
688
236
13
244
459
345
156
237
569
722
64
339
743
134
103
59
336
195
604
655
118
629
596
273
743
689
300
409
813
34
736
660
230
7
432
750
617
743
104
118
509
761
610
699
515
596
741
618
13
6
241
521
591
698
223
513
627
792
276
110
726
784
652
288
669
820
782
433
752
112
777
122
430
723
70
184
205
355
521
722
804
542
164
43
519
396
454
334
575
815
19
391
642
161
485
156
299
88
325
281
545
122
159
384
539
267
530
25
231
795
810
402
690
301
729
131
490
75
198
370
806
769
181
691
649
655
672
357
312
425
690
397
667
524
339
602
669
137
697
105
641
527
399
805
153
431
3
759
680
292
466
161
19
95
594
724
511
358
388
409
491
649
362
316
120
415
714
354
375
720
778
543
437
650
633
9
125
494
717
39
112
753
52
29
193
318
183
396
137
485
484
273
365
498
792
822
584
190
237
113
641
738
486
79
156
386
581
90
330
501
667
454
616
195
293
675
246
420
195
417
466
646
541
634
324
93
108
638
138
296
558
660
566
250
752
88
399
236
653
144
80
377
413
525
191
380
333
385
562
215
516
129
283
269
237
662
734
555
158
493
624
54
675
671
427
238
190
818
165
117
23
389
660
473
763
758
516
404
657
563
71
810
473
247
159
580
829
245
580
468
224
433
275
150
250
211
807
259
536
553
381
63
696
13
600
818
473
270
690
765
615
783
182
458
469
38
554
761
296
585
698
521
517
739
200
66
217
526
287
645
736
776
103
780
232
528
56
658
190
403
574
364
98
539
555
368
630
604
469
505
334
198
51
756
621
635
510
211
386
454
27
57
70
162
445
740
586
791
385
586
810
829
482
501
201
383
260
232
496
415
651
350
161
151
809
392
531
688
53
121
769
87
552
266
496
197
569
563
568
203
126
541
219
335
683
689
504
462
14
172
68
663
691
827
386
598
252
3
123
776
258
152
245
77
362
99
486
176
152
199
729
688
756
800
266
35
383
197
339
446
539
159
122
33
65
778
241
703
543
281
733
541
26
350
234
194
434
595
773
36
2
321
10
494
255
801
649
359
393
281
486
11
112
435
434
660
210
37
86
731
667
390
635
538
166
667
389
803
373
655
346
424
120
397
67
680
784
685
48
484
290
691
526
733
518
206
420
357
673
760
808
54
36
400
73
806
385
517
679
140
768
797
66
156
653
302
794
303
101
466
22
636
387
505
582
621
441
134
616
565
542
212
340
289
149
125
97
565
370
724
221
456
728
110
517
444
725
686
196
610
78
198
432
717
493
678
582
325
110
494
645
475
55
464
631
542
189
734
290
141
44
374
390
43
189
5
119
335
148
830
753
394
713
24
518
69
162
607
440
179
472
596
262
680
74
133
652
815
512
625
351
255
474
334
315
818
555
46
179
202
342
653
604
741
461
803
811
495
709
29
146
322
567
321
810
740
615
546
722
173
472
304
96
743
386
528
8
27
383
387
345
211
114
251
221
540
371
373
432
410
140
489
550
300
793
369
740
592
454
218
85
651
792
445
319
323
665
651
398
675
683
650
265
659
556
380
233
83
56
779
223
106
505
193
307
617
774
700
107
279
113
311
520
696
493
543
502
395
731
194
277
361
503
647
2
9
349
168
43
149
450
236
654
461
81
537
413
197
278
494
56
12
481
13
44
554
390
56
234
440
303
7
622
512
128
476
657
338
740
305
583
116
205
350
812
375
250
99
521
684
36
140
407
192
39
165
386
677
131
653
432
482
787
699
437
810
450
312
322
151
653
624
355
727
441
603
486
159
520
528
542
269
496
361
282
481
678
809
59
92
587
384
91
621
579
634
497
299
394
822
522
448
756
812
320
70
748
472
350
528
576
640
171
316
135
246
469
742
109
101
535
37
216
557
96
820
615
353
157
668
83
629
263
246
249
7
109
749
612
44
175
784
720
82
610
186
551
481
653
175
51
302
667
416
254
674
140
112
438
290
658
320
216
776
691
681
547
265
483
377
391
775
782
722
744
705
251
112
68
153
246
509
593
335
88
54
472
203
399
148
154
592
292
513
555
686
584
476
204
229
604
364
618
368
166
610
486
499
113
205
447
189
27
170
472
497
556
386
311
732
471
104
574
797
81
47
187
69
349
417
190
316
827
295
383
692
268
544
208
797
377
768
592
827
298
451
399
99
821
390
697
759
19
583
535
421
634
583
769
800
309
536
257
733
481
167
125
651
15
491
141
165
118
439
502
48
554
677
797
673
361
120
453
24
357
90
622
239
46
516
19
286
354
210
605
486
288
298
10
279
179
230
562
412
95
235
579
194
96
227
279
150
253
815
325
800
213
617
147
746
751
244
637
559
97
123
228
233
431
324
714
449
637
617
826
665
146
609
372
516
77
347
699
283
741
605
602
411
788
649
329
107
151
665
722
395
545
676
727
381
774
315
126
123
766
33
306
331
333
807
18
486
445
491
230
346
621
436
47
821
29
702
507
450
411
819
263
208
624
631
443
680
668
406
691
753
640
248
560
571
146
350
815
293
376
444
236
731
618
614
469
123
308
812
456
523
617
818
152
333
576
500
682
702
806
209
64
23
42
276
580
233
49
186
544
676
32
101
482
246
71
55
314
455
552
278
603
42
231
352
800
378
391
717
107
412
152
591
436
34
705
628
410
746
389
244
356
208
441
533
131
406
559
448
825
269
453
455
494
691
110
34
563
72
408
399
785
416
14
626
430
436
651
759
522
343
13
780
111
433
270
522
244
409
80
343
170
94
454
715
289
435
513
718
272
6
400
133
136
692
793
767
634
783
98
741
663
85
771
368
699
795
247
394
268
790
380
674
642
751
322
541
788
777
345
211
556
769
509
467
23
209
410
486
29
397
284
304
562
712
804
314
66
135
258
374
343
217
167
472
85
175
87
564
644
622
695
643
281
533
792
300
430
549
499
730
116
165
189
505
549
815
587
276
17
461
317
143
119
809
104
143
72
19
204
222
773
486
210
15
292
461
169
11
741
382
148
789
28
549
431
178
219
162
234
825
694
193
308
721
671
91
78
555
360
59
562
343
94
220
554
226
40
221
745
799
824
239
385
452
332
257
802
250
490
496
241
70
21
421
290
437
363
259
462
10
21
576
417
752
412
261
505
61
223
136
270
492
62
596
775
712
828
514
134
348
650
203
814
777
617
792
119
259
544
739
599
66
56
313
637
79
291
578
537
73
715
206
554
519
666
733
746
567
588
192
654
305
711
15
286
595
571
554
298
644
24
15
807
41
28
708
518
483
55
443
144
466
571
560
634
94
68
246
153
212
596
273
757
106
686
430
254
153
82
797
716
811
135
424
251
139
410
292
602
734
390
179
718
33
521
273
469
39
773
23
155
555
93
300
378
362
321
480
486
815
328
579
122
535
586
167
678
569
383
320
56
295
560
53
340
523
643
487
436
42
717
447
711
315
75
627
391
274
674
45
379
449
767
744
161
515
318
666
790
150
515
396
367
744
413
193
381
97
136
90
680
122
384
467
342
214
685
792
498
749
78
464
788
79
781
268
316
611
71
387
407
798
157
227
478
137
544
135
223
263
286
169
366
34
456
457
123
515
292
307
199
768
186
733
169
423
648
197
265
202
668
445
370
630
766
194
378
361
474
301
747
371
656
444
284
421
130
559
825
807
107
301
769
716
769
588
399
306
70
360
122
241
249
40
448
281
794
492
809
485
353
298
580
308
59
689
125
226
658
76
678
490
621
74
600
668
257
608
385
654
99
476
233
462
687
460
541
695
604
373
183
113
49
637
67
676
577
756
702
745
257
489
148
211
636
165
12
779
34
752
413
344
107
472
4
230
220
484
396
305
665
192
625
488
98
680
55
475
391
829
61
177
790
176
398
54
217
702
800
534
569
24
830
618
9
688
260
371
102
198
25
580
106
507
260
664
478
267
192
658
316
451
538
503
681
322
723
717
37
240
39
627
524
829
423
505
508
646
189
21
579
404
417
333
202
20
326
471
315
712
195
499
28
581
417
630
660
694
788
43
697
700
781
603
512
277
375
751
829
187
740
613
352
10
150
423
694
413
598
257
740
365
584
567
332
125
271
594
83
292
41
249
171
813
609
503
828
48
780
327
161
725
371
110
107
551
137
514
144
771
363
447
503
133
335
717
676
13
27
235
331
740
807
274
448
71
531
55
692
561
623
703
520
742
535
249
525
228
593
27
821
80
70
112
234
113
127
131
218
628
206
74
272
111
200
754
787
295
431
408
228
275
563
717
533
152
476
592
584
267
697
458
460
467
792
600
590
187
534
97
32
36
541
818
498
695
364
812
136
290
502
138
256
237
495
69
119
325
27
383
761
607
361
358
578
554
193
515
41
709
600
306
38
57
688
284
489
253
221
757
148
98
301
633
89
736
711
466
430
699
701
758
385
801
605
302
205
769
402
699
44
818
233
452
250
642
326
83
583
518
100
146
762
755
32
106
105
644
7
318
440
401
519
548
123
387
809
162
385
819
776
136
560
481
353
634
657
645
154
38
12
521
797
711
583
809
414
535
665
115
779
739
526
190
782
254
715
233
558
550
94
148
277
826
18
16
65
830
189
788
718
650
227
495
52
305
605
532
71
81
757
245
484
661
814
575
384
133
323
9
504
360
375
435
110
476
705
119
521
145
497
528
64
103
246
571
421
272
359
240
749
55
197
744
13
714
236
665
394
109
550
652
47
416
712
376
299
677
259
408
280
556
533
251
399
320
505
696
782
107
295
6
193
1
559
274
88
564
257
747
756
151
529
325
291
273
595
77
68
312
826
765
718
606
239
612
482
598
418
52
345
28
796
182
152
133
799
500
232
310
150
519
187
486
783
486
7
799
590
280
784
770
693
811
210
699
724
693
396
214
419
716
102
485
249
231
272
375
293
139
464
625
482
714
133
639
762
811
804
211
182
240
601
119
99
260
387
389
9
195
324
645
661
767
611
294
532
248
221
248
330
810
548
456
826
396
160
154
472
77
243
686
769
686
520
224
205
713
788
75
219
569
255
71
700
408
157
38
742
436
11
347
207
509
182
219
36
748
337
726
171
571
124
46
776
136
64
405
477
580
515
249
229
203
235
58
589
74
614
791
369
23
653
526
798
227
572
61
324
489
790
595
694
55
433
219
173
751
150
799
479
359
9
807
780
495
685
634
361
795
636
188
575
449
597
664
656
700
547
487
578
379
272
655
78
737
361
460
687
207
63
196
341
553
532
167
120
160
808
462
110
248
352
349
773
535
127
704
441
578
297
116
475
176
715
391
649
252
13
113
526
436
362
518
89
687
54
447
419
521
459
17
253
578
764
332
815
26
213
829
642
362
192
381
216
336
552
114
131
131
414
701
659
695
94
560
657
617
518
181
364
599
389
214
73
551
735
810
301
457
267
632
562
728
59
600
791
325
38
192
432
502
571
183
228
135
442
11
111
799
469
769
763
299
358
446
224
777
672
228
608
578
435
575
227
273
195
479
206
274
645
695
211
454
22
588
528
707
339
614
118
824
83
282
288
58
648
122
783
414
325
459
326
257
717
562
649
202
157
289
427
16
208
113
248
369
549
89
232
490
243
759
794
398
814
630
38
751
402
709
830
735
342
278
791
577
311
51
325
232
729
669
231
404
419
299
647
89
661
474
698
135
46
464
480
42
706
463
210
346
15
4
634
746
797
770
152
494
729
37
209
274
405
504
192
142
713
203
122
261
453
365
122
630
68
813
800
92
486
279
440
551
222
352
627
338
370
310
674
544
238
485
672
774
378
441
803
21
468
271
667
822
573
280
717
539
4
472
352
132
791
139
18
786
810
638
742
274
674
747
306
339
230
604
184
756
28
657
608
696
400
738
795
243
696
198
424
816
651
405
687
246
725
615
328
18
612
632
270
409
695
23
680
772
340
166
250
459
801
65
56
11
528
397
622
215
634
764
48
266
596
702
23
622
22
772
475
558
565
61
312
65
191
456
541
302
564
310
358
610
654
105
32
293
486
380
90
642
23
336
225
602
560
26
20
693
194
172
791
626
177
585
87
134
144
653
485
33
813
258
361
524
441
632
43
468
234
779
552
799
129
721
172
108
24
526
738
642
280
245
665
568
672
299
667
607
203
823
363
297
548
671
378
540
515
258
67
318
735
481
422
202
331
109
352
17
645
52
63
291
530
782
711
421
172
108
778
476
585
233
311
436
50
740
170
221
453
385
533
604
279
556
125
579
750
10
135
477
147
771
136
387
441
575
381
93
559
609
826
638
91
517
415
179
368
511
826
558
356
339
402
322
42
205
488
713
161
383
440
133
811
783
104
202
520
548
644
767
830
428
420
204
348
387
208
667
538
439
216
356
205
380
555
6
329
745
269
709
211
708
411
486
605
622
761
321
98
392
607
175
297
630
800
665
400
439
577
226
711
618
420
684
333
412
788
214
405
15
634
50
237
154
531
347
759
432
346
127
4
253
372
742
453
708
257
652
207
232
616
769
376
211
211
178
746
562
681
518
312
149
732
233
246
348
32
340
144
753
572
4
458
652
815
141
255
305
398
48
819
593
19
79
393
224
790
293
804
665
727
128
355
462
768
254
50
741
180
691
771
488
52
396
500
676
426
202
782
480
659
511
806
692
668
122
7
763
173
82
185
347
7
160
326
173
727
48
67
622
775
9
46
156
331
102
731
210
87
793
726
636
217
246
262
811
413
678
261
510
199
78
61
803
537
47
739
101
182
331
596
320
624
157
225
101
504
63
423
284
378
588
185
246
674
143
132
682
400
43
362
269
233
237
820
788
555
624
789
647
714
103
291
710
586
406
129
266
471
508
406
795
712
434
729
549
145
310
343
690
792
767
428
386
597
677
49
117
484
650
600
814
79
74
485
498
552
504
153
328
646
520
529
185
825
266
309
220
74
192
295
786
757
797
659
59
56
253
711
407
328
259
122
79
71
182
564
631
702
277
467
199
232
411
364
135
435
538
555
117
317
597
621
224
38
208
146
444
492
321
333
340
44
728
553
202
255
560
516
70
410
752
90
200
712
719
713
477
373
770
550
694
154
646
588
651
136
708
651
802
198
510
76
791
511
676
228
225
443
64
680
143
106
19
246
705
553
549
717
315
286
397
125
311
123
486
784
605
408
314
281
65
819
730
595
107
222
147
528
170
779
603
373
155
741
67
145
418
596
294
153
647
603
520
136
711
273
739
86
558
195
95
38
130
286
621
182
587
268
52
423
121
232
798
215
51
693
313
328
413
257
628
535
45
177
643
693
316
237
71
397
806
396
190
298
292
363
151
272
663
17
661
289
702
157
660
793
688
91
436
599
631
269
815
408
717
59
661
50
686
520
725
616
700
824
240
574
778
597
89
584
741
291
814
789
802
205
99
41
57
764
439
433
302
694
41
705
284
228
750
548
74
747
376
344
432
634
342
2
221
383
749
170
698
503
796
608
444
232
784
40
216
375
755
111
712
221
493
254
733
121
517
402
127
473
313
347
168
150
382
195
636
350
826
572
712
597
465
713
399
234
37
290
582
819
688
820
523
576
608
317
506
521
169
373
159
135
59
434
506
186
360
475
818
497
531
321
509
42
627
289
5
731
63
443
708
316
493
256
738
785
256
552
468
804
221
413
506
17
321
707
81
298
754
578
192
792
432
721
273
807
603
487
124
431
146
575
125
621
371
763
331
375
163
158
704
224
151
632
490
572
516
308
20
91
110
263
117
657
79
387
237
369
243
448
718
748
619
489
362
209
184
430
330
769
790
776
731
444
427
360
492
501
11
165
478
107
546
106
574
122
697
138
162
423
278
704
497
69
823
61
22
755
210
307
747
615
328
34
181
474
160
142
454
312
769
74
101
109
522
516
189
22
690
226
273
554
161
814
132
428
120
119
734
472
440
525
127
625
445
57
561
182
415
510
6
102
607
109
279
399
160
464
667
362
214
275
552
476
729
602
777
492
326
160
710
471
235
90
462
20
465
626
426
389
644
736
410
776
635
792
79
373
573
341
712
603
397
654
428
438
239
643
140
161
250
748
11
159
782
259
1
786
621
769
488
553
826
88
67
274
720
79
114
352
323
421
493
122
475
645
548
150
475
430
14
65
311
100
337
463
662
415
402
709
687
106
444
649
320
38
796
391
49
640
377
599
191
479
388
195
269
721
423
317
688
152
797
467
444
572
302
401
77
40
68
751
248
269
714
275
540
811
609
474
370
568
511
708
636
538
809
216
181
683
589
459
826
178
31
687
555
123
407
586
614
784
423
284
45
640
767
805
291
170
628
585
381
56
34
1
183
652
498
825
35
485
728
756
736
738
260
93
768
169
192
369
619
476
737
603
814
686
486
354
617
685
202
572
276
336
90
260
800
613
141
814
57
330
606
207
371
200
53
749
100
336
377
115
791
521
462
569
317
392
1
537
239
558
757
456
304
593
396
147
322
617
794
118
363
787
651
306
12
505
715
654
127
224
736
342
552
244
59
694
610
712
339
617
677
463
130
198
502
531
56
461
212
165
95
241
532
570
534
218
229
731
798
774
621
666
355
146
470
644
398
320
362
183
635
827
169
364
543
160
451
29
513
425
741
368
607
596
319
514
682
397
773
232
140
570
712
199
170
593
690
565
519
576
539
563
226
148
241
731
147
445
200
292
235
153
458
307
830
29
738
314
103
371
594
100
616
276
154
105
622
345
276
675
744
228
599
345
12
775
757
717
331
155
480
3
448
36
374
565
318
37
40
269
748
522
20
520
130
434
319
84
449
277
648
736
290
810
536
731
261
579
637
368
117
125
483
721
177
465
719
450
467
519
640
211
754
362
572
41
330
662
539
801
149
621
215
540
564
342
663
260
311
302
387
359
387
93
242
316
167
75
95
328
604
162
706
390
252
143
54
803
334
634
830
340
257
38
293
643
452
316
550
518
191
522
201
633
455
306
222
756
641
605
97
676
249
799
459
280
257
19
552
681
482
92
357
38
654
182
555
534
270
208
55
15
176
215
645
360
621
484
687
173
295
260
680
645
740
421
247
66
282
489
485
228
504
294
23
264
459
437
638
529
337
529
475
299
529
477
624
20
84
536
22
463
291
56
239
192
693
740
426
780
819
111
557
166
631
417
346
814
112
291
111
412
34
280
150
433
569
337
736
103
804
552
534
67
443
317
644
733
386
497
817
134
416
198
11
319
752
348
562
237
796
593
821
355
814
3
429
533
456
20
576
646
194
580
116
493
775
440
47
326
172
706
696
33
440
762
823
670
591
102
799
800
493
530
709
324
756
413
444
239
320
630
229
396
655
675
813
35
399
591
88
301
400
426
674
448
758
224
571
520
539
540
508
63
681
385
294
109
202
317
257
481
703
149
535
414
663
681
758
313
631
403
829
604
445
827
715
249
651
473
534
464
320
190
515
759
785
536
340
119
276
337
188
311
800
312
183
579
821
9
580
422
794
390
280
152
727
618
238
665
335
333
720
433
258
578
130
427
632
428
456
178
745
61
443
53
329
396
285
738
274
286
830
477
484
196
721
563
452
320
712
218
366
223
646
591
606
548
785
365
163
19
626
491
146
123
435
46
797
586
685
91
621
414
706
275
437
610
309
463
525
193
533
604
487
460
192
724
100
372
547
399
747
177
578
236
329
431
728
203
38
444
501
672
328
393
620
692
376
708
198
740
62
394
216
157
641
8
219
189
570
87
718
212
410
310
41
140
532
315
209
503
807
589
9
733
62
786
475
699
524
694
253
10
175
434
453
536
822
667
162
527
64
819
343
715
770
118
4
379
42
390
691
450
173
204
127
294
772
593
39
780
375
331
112
574
481
245
303
773
820
790
478
773
47
288
496
581
99
335
579
152
92
176
700
148
778
758
633
668
703
338
427
633
96
150
441
274
350
719
218
186
573
9
108
373
645
597
108
469
78
819
46
507
31
683
473
340
575
681
473
419
773
281
187
330
22
699
801
192
324
56
641
348
139
777
83
453
222
104
824
797
204
802
256
773
176
314
155
548
27
333
130
210
311
342
149
443
261
170
372
557
259
650
787
407
594
391
224
657
422
58
13
61
11
353
396
765
326
294
497
721
704
652
707
631
603
503
48
19
251
384
93
543
677
55
193
680
463
535
204
43
493
502
185
161
36
753
515
495
786
523
460
232
408
16
362
755
120
294
72
749
807
146
111
323
73
432
243
636
741
439
252
405
578
724
248
110
296
322
280
225
51
775
71
486
531
250
50
1
765
89
606
385
271
438
363
128
414
544
371
119
574
95
484
554
246
345
719
62
535
82
117
229
145
94
547
561
275
105
696
181
558
764
125
542
505
375
10
203
684
183
611
601
217
726
100
255
388
413
27
689
311
43
250
410
425
189
9
209
591
607
126
285
498
745
285
806
609
520
765
368
314
690
411
761
688
343
147
95
644
526
142
491
107
727
334
691
459
75
219
468
440
435
294
669
540
586
539
734
554
519
395
697
679
696
358
577
603
243
357
735
6
498
728
224
788
569
66
253
383
73
508
263
604
776
732
778
528
102
215
193
27
371
514
622
700
588
514
792
258
264
444
531
356
334
171
146
124
519
209
85
481
329
195
505
652
179
79
398
692
92
247
448
194
548
137
371
590
649
384
395
654
367
778
298
488
780
69
289
196
521
185
830
77
34
308
646
641
825
830
10
208
297
20
357
73
826
203
189
811
720
244
727
428
599
665
744
321
590
215
656
704
350
421
784
542
224
571
718
493
599
463
498
153
137
669
257
646
109
273
387
695
680
458
682
443
240
329
797
305
62
122
75
760
573
222
36
761
43
253
621
73
465
147
802
321
249
394
726
22
256
655
133
338
581
76
325
763
620
254
756
80
145
650
84
375
826
194
560
232
440
342
159
449
222
234
298
64
133
117
375
729
329
431
359
144
767
662
98
205
237
242
20
21
324
355
139
483
722
128
188
256
828
790
699
809
698
726
702
769
593
780
60
553
531
15
626
608
10
583
657
405
418
235
378
603
509
582
508
523
784
14
238
109
809
77
815
193
261
131
623
798
759
641
397
590
376
275
815
718
555
71
654
294
740
713
83
736
617
793
28
147
544
708
627
797
787
548
474
474
513
348
628
258
151
173
444
816
645
318
457
583
775
658
776
31
372
668
37
115
145
63
629
594
688
145
411
793
603
674
756
155
400
275
172
479
534
533
742
458
779
826
386
373
119
24
589
420
1
162
678
345
573
333
230
407
306
94
372
825
494
194
673
654
320
417
759
621
148
42
119
49
99
343
370
126
159
529
468
235
273
797
488
456
348
57
816
716
557
830
551
146
351
735
278
578
292
825
353
467
110
673
562
696
595
99
176
314
689
267
485
66
497
248
31
431
602
594
290
126
799
233
589
822
338
373
651
763
576
822
540
753
571
694
259
286
540
294
378
161
322
4
772
617
166
709
115
785
112
761
478
744
595
182
326
485
406
153
476
196
448
104
474
543
415
443
244
156
498
163
260
781
237
808
718
23
609
168
89
686
89
172
309
624
679
36
514
653
179
359
621
428
178
215
194
696
11
703
753
670
654
406
107
146
609
188
633
114
385
725
215
479
123
151
595
11
76
408
532
522
549
586
537
365
290
570
26
594
121
305
261
556
113
388
167
193
728
579
652
729
517
790
441
322
140
674
631
680
640
250
203
392
737
217
585
112
356
635
186
740
106
562
114
523
156
252
185
395
752
728
465
376
701
627
37
465
720
464
261
345
554
442
574
751
107
34
61
411
225
672
273
93
261
144
830
115
321
568
382
752
733
679
537
477
129
163
824
81
493
332
645
612
77
813
591
800
550
788
471
298
635
682
697
470
412
661
199
657
250
177
691
66
418
182
511
782
472
370
354
414
237
806
3
744
729
221
632
383
742
620
387
292
570
19
241
46
622
432
334
362
516
301
749
573
523
766
192
313
671
69
811
572
51
690
109
227
1
225
301
178
628
264
717
690
11
699
188
296
768
784
776
460
497
118
393
329
169
212
500
141
241
469
378
176
30
718
811
707
719
38
195
737
525
532
251
407
304
681
636
440
550
296
324
210
636
619
823
746
85
712
111
538
442
147
737
737
731
623
811
568
801
328
695
696
589
798
383
357
432
266
380
164
632
485
53
803
628
401
511
181
74
711
356
619
276
192
349
78
671
272
721
202
354
480
665
137
276
217
476
176
64
793
449
143
72
95
478
233
650
383
263
63
115
199
316
533
826
816
439
615
575
617
451
322
637
516
223
606
471
415
392
802
783
771
245
107
329
101
407
555
794
22
510
221
523
216
592
641
712
308
331
97
34
817
236
465
502
680
613
81
249
518
65
153
49
310
48
809
682
346
132
251
81
545
587
530
407
648
241
261
229
94
454
191
610
355
737
228
562
408
770
259
310
401
364
144
544
631
22
230
81
818
62
761
622
830
94
294
524
69
378
686
82
308
598
486
691
190
666
715
473
23
750
775
817
104
771
98
333
142
138
712
480
472
534
663
96
25
677
578
536
692
712
448
193
199
323
98
147
217
114
331
476
184
440
553
804
446
521
752
819
496
793
381
309
138
597
193
692
792
705
277
778
778
773
565
496
39
774
43
75
461
569
356
489
606
738
46
695
603
822
420
321
446
262
537
27
519
111
68
686
392
83
705
541
384
603
751
383
63
707
531
367
327
55
685
627
695
444
251
459
108
256
369
740
66
459
248
304
512
718
100
804
539
57
383
523
155
575
523
200
706
643
233
301
314
582
611
541
195
194
9
552
326
490
103
774
12
457
456
241
198
574
700
59
61
653
383
139
694
705
679
167
381
75
580
695
75
219
417
531
259
617
47
132
263
384
522
733
555
334
398
223
615
551
242
749
589
276
566
444
460
326
218
124
714
134
6
559
403
61
440
738
369
510
340
230
30
531
809
556
37
531
526
580
452
323
215
464
826
168
48
718
148
661
353
530
45
636
792
696
124
7
139
427
745
667
643
317
823
94
89
560
25
156
809
44
603
63
75
321
646
69
560
664
730
16
732
33
302
428
815
18
106
41
813
672
242
508
89
22
553
402
741
611
590
303
304
84
171
299
782
408
618
406
446
745
620
632
669
321
689
450
181
445
272
92
61
538
436
525
250
644
501
331
137
780
9
561
746
719
803
469
779
686
576
196
235
735
625
56
629
286
584
101
229
17
519
675
704
687
458
515
384
657
636
298
548
208
699
373
689
696
479
336
514
793
456
86
689
42
520
370
175
781
305
675
326
150
351
177
84
358
428
335
139
790
642
445
822
540
636
22
578
115
395
573
471
531
798
785
806
462
213
703
756
769
114
663
640
495
399
629
381
796
604
789
150
817
655
38
60
475
417
203
485
567
120
186
289
611
359
110
493
127
530
229
534
330
347
453
292
611
810
125
801
501
85
699
423
326
195
536
443
819
755
169
479
81
768
796
780
526
172
303
724
691
512
537
648
304
178
286
162
198
471
693
810
18
341
278
107
336
286
115
274
537
808
300
801
345
160
431
68
346
173
414
568
226
585
516
771
507
804
792
802
198
778
348
232
689
114
544
603
353
370
653
780
437
72
131
675
545
306
334
282
306
698
174
291
457
277
820
638
743
387
110
482
491
42
681
555
388
172
157
469
315
697
205
39
515
184
708
788
481
612
624
748
215
714
712
566
337
819
707
214
33
431
571
61
338
222
202
315
412
295
166
442
528
231
163
336
539
629
531
466
232
357
164
71
560
265
104
768
454
723
277
101
822
123
340
233
51
198
306
540
322
236
232
605
724
705
156
153
808
823
208
725
527
475
822
382
740
565
152
151
266
224
472
723
352
349
772
579
190
756
220
651
529
744
790
406
478
387
183
175
527
198
613
510
580
407
9
707
657
333
405
552
63
772
697
565
717
743
299
634
44
747
422
501
364
87
705
49
197
374
509
821
55
279
24
82
562
782
85
679
697
697
115
486
209
116
366
391
75
764
370
532
239
95
479
300
534
737
132
745
741
583
549
652
335
114
449
347
574
315
232
315
195
523
829
787
493
427
419
820
564
165
358
761
309
558
678
103
221
502
355
560
527
252
78
65
734
702
308
51
794
556
535
47
235
390
157
72
371
267
751
358
318
5
74
657
520
535
594
460
566
353
564
411
461
272
373
183
606
550
448
446
308
548
310
46
360
81
416
265
253
468
819
282
30
778
7
54
113
673
383
245
577
270
205
329
167
728
476
502
662
149
313
779
668
9
32
167
399
104
223
27
576
459
59
140
236
634
359
411
201
116
201
231
823
233
664
76
772
434
794
160
46
238
388
62
568
816
116
347
449
162
452
90
663
129
722
148
312
629
799
793
610
585
357
719
102
790
784
561
782
453
686
506
798
149
54
221
233
317
419
351
724
459
476
647
513
306
310
491
537
515
626
356
396
709
761
502
729
263
452
521
114
450
81
549
470
352
465
198
266
327
409
90
127
655
354
797
70
469
203
169
90
808
162
103
59
360
655
409
354
245
249
255
783
133
766
809
18
699
115
712
223
525
798
394
428
559
714
662
758
406
698
272
640
384
222
210
741
541
351
59
698
525
77
284
288
70
683
29
28
112
230
560
146
157
784
273
596
497
130
587
509
797
579
773
79
326
352
111
522
731
522
154
236
416
636
642
317
148
418
699
245
433
199
786
634
519
452
166
399
326
314
205
783
582
451
1
243
96
819
560
689
5
402
170
760
82
59
287
762
394
678
404
707
778
114
47
321
592
469
616
794
528
346
489
588
349
369
290
160
394
282
165
354
601
628
343
109
753
10
288
538
344
701
821
688
185
266
766
103
600
325
60
317
479
290
628
21
258
742
702
688
733
710
709
56
134
522
713
780
370
169
564
256
140
652
19
662
467
200
595
651
158
231
266
477
415
203
638
260
230
5
397
151
741
670
381
804
604
161
374
4
724
551
492
373
645
620
521
21
761
358
146
230
272
624
393
163
566
31
113
126
375
391
26
653
732
617
253
197
422
362
804
189
704
745
625
770
498
281
743
288
559
107
706
91
551
701
6
405
282
260
662
387
47
588
278
640
674
40
107
525
691
813
581
159
321
665
488
652
204
55
105
677
445
105
68
765
34
459
140
729
287
504
717
224
197
530
105
663
390
470
376
406
711
90
800
390
59
759
46
227
276
447
825
824
316
334
139
517
577
159
68
114
493
312
302
564
329
206
719
548
236
742
766
809
528
570
25
163
102
688
43
422
125
644
234
720
698
420
749
652
127
200
789
622
290
162
811
457
635
516
771
705
772
330
455
267
170
668
4
137
527
785
451
614
358
645
696
286
420
279
420
710
821
218
259
201
432
264
121
465
613
381
255
671
799
204
441
767
152
83
65
232
370
308
323
510
142
419
165
534
327
410
530
543
315
292
394
827
802
391
444
474
611
438
157
470
482
543
524
610
186
611
159
629
315
632
422
106
291
202
464
680
593
434
82
327
606
635
477
738
703
688
435
695
802
605
42
295
299
830
173
193
292
559
556
758
524
327
698
816
728
390
268
343
327
743
521
807
315
65
287
57
456
825
37
306
309
536
557
175
783
509
321
261
613
380
790
372
171
295
353
324
372
447
559
178
248
138
544
4
553
263
600
14
276
338
814
639
827
443
479
654
780
420
363
384
506
304
176
443
261
437
303
358
357
320
487
123
767
357
425
470
447
494
288
355
67
304
276
558
487
288
559
421
248
295
571
617
405
266
81
449
747
342
799
250
292
33
336
563
103
693
244
44
752
44
433
448
700
374
117
318
555
738
344
290
338
657
556
311
282
332
424
668
168
452
79
596
278
521
809
618
471
287
85
663
670
234
441
461
781
128
41
200
367
223
509
279
740
174
453
264
812
432
210
809
71
495
412
264
87
619
796
720
730
491
611
216
256
512
642
662
198
1
23
388
280
87
108
21
718
355
556
86
268
291
696
472
87
808
642
360
726
681
696
791
245
459
39
759
123
401
543
491
148
510
163
382
795
120
732
575
456
580
6
621
22
777
27
414
734
123
130
637
70
653
555
577
751
525
627
453
741
18
38
773
60
270
248
721
510
426
579
678
422
759
180
116
209
386
378
35
227
352
266
2
540
668
499
657
123
18
495
575
508
275
497
404
413
196
214
286
524
136
683
203
656
714
465
140
735
445
375
773
231
269
646
310
82
693
350
5
665
364
724
614
272
162
268
254
591
257
50
668
120
675
192
54
105
482
528
160
192
658
431
205
67
486
751
290
395
475
750
445
474
86
183
798
614
77
518
363
515
764
397
560
425
617
335
214
615
440
274
645
352
630
539
96
245
638
684
65
194
190
32
294
190
398
737
572
403
492
429
412
778
173
773
631
796
163
669
558
446
169
605
147
125
435
687
719
347
799
227
674
747
314
502
130
355
721
59
594
724
156
68
210
92
663
444
744
49
619
559
257
419
272
611
375
39
402
287
81
318
2
72
706
753
65
320
822
453
559
128
239
761
356
331
176
740
551
56
456
756
787
544
152
770
661
404
214
56
651
519
44
173
450
390
276
402
665
336
613
93
532
308
714
480
59
764
26
235
632
688
294
503
112
60
255
253
388
776
157
215
766
177
429
308
224
602
488
161
771
314
659
159
48
217
91
522
379
787
417
646
216
171
26
265
18
260
458
73
541
250
587
60
378
795
398
680
283
387
512
178
222
748
438
650
306
581
562
677
286
311
580
138
73
322
16
482
266
821
307
426
166
20
186
711
641
404
588
220
492
743
423
199
495
699
133
209
17
484
638
172
455
562
603
675
798
24
805
503
374
126
820
336
453
180
206
302
355
560
513
171
659
612
511
268
64
646
778
802
711
409
505
457
515
759
577
32
75
436
670
497
567
125
815
659
657
823
211
747
100
641
236
438
620
825
355
456
404
246
577
717
790
493
18
206
550
393
788
2
585
774
689
692
318
242
11
412
440
486
791
338
274
459
456
665
656
295
363
406
278
132
49
550
197
68
211
93
285
169
392
225
386
567
548
774
20
668
504
608
675
795
9
297
116
661
2
671
827
544
19
391
347
642
453
523
176
376
427
471
295
774
132
657
528
723
315
57
47
530
166
573
234
177
307
410
145
588
676
303
248
660
256
125
808
649
530
782
55
80
756
476
113
491
808
762
156
436
437
49
504
565
246
248
199
617
686
440
668
614
198
572
395
356
512
483
205
198
287
129
258
774
413
657
585
411
456
535
690
285
369
84
212
162
670
71
452
789
295
583
791
339
751
143
684
49
275
640
588
144
794
328
620
490
678
461
139
328
127
391
338
347
762
146
143
74
192
458
73
506
671
588
500
380
560
765
486
310
606
206
428
772
330
446
547
298
341
686
600
202
39
821
217
5
122
234
775
764
378
249
268
733
201
395
470
177
36
424
591
635
276
502
495
298
278
804
125
15
652
316
504
298
247
352
93
101
525
519
188
432
105
671
741
367
280
375
599
738
802
453
199
137
613
772
812
806
729
12
201
372
291
113
127
589
639
610
163
650
732
634
136
187
357
209
134
53
89
774
40
245
453
774
451
560
182
647
96
97
295
231
23
226
730
220
257
249
555
396
382
686
66
398
822
197
598
730
799
102
325
481
572
88
487
335
772
528
22
306
188
158
22
256
39
253
606
25
804
361
162
499
128
385
3
745
416
240
720
288
135
407
309
517
176
618
41
350
120
743
686
660
678
363
641
672
167
679
372
187
25
58
174
279
500
498
561
566
17
623
386
548
571
540
827
788
99
488
293
674
480
272
751
677
75
119
628
813
7
327
661
90
662
455
308
126
107
534
510
516
628
487
491
247
422
330
738
439
815
236
365
790
75
363
733
338
478
288
229
715
83
275
154
256
200
492
402
304
669
825
324
313
84
226
253
456
134
540
53
7
298
21
24
283
815
221
257
776
67
671
743
513
179
684
56
67
593
544
475
141
323
391
433
130
203
656
414
614
524
770
328
4
569
518
102
509
244
37
614
717
388
251
315
158
385
432
49
790
279
190
659
453
480
650
200
43
630
76
715
366
186
185
2
505
810
384
66
457
427
829
800
214
173
793
195
568
734
263
379
757
109
94
797
755
316
51
512
756
70
89
5
294
584
169
630
525
572
323
96
496
563
274
445
189
658
310
779
336
418
827
480
513
493
452
262
368
374
635
621
24
815
449
698
130
656
112
237
489
779
814
646
219
127
763
408
358
405
85
405
305
817
329
197
579
442
543
789
140
541
299
64
746
101
88
500
753
215
648
164
302
106
782
146
145
726
311
801
635
272
577
248
461
218
635
420
329
801
116
567
417
110
468
296
247
681
18
738
361
784
62
122
70
422
805
214
127
213
444
109
823
447
561
266
165
69
376
194
90
558
671
570
270
527
634
201
766
465
577
21
103
378
717
648
630
441
422
167
428
753
426
674
208
728
501
611
744
349
528
526
775
46
770
534
235
91
140
666
159
193
789
556
518
188
174
814
575
35
415
577
422
309
802
211
194
735
639
229
217
441
43
570
343
3
559
380
827
549
40
173
109
237
331
204
266
606
70
96
568
623
404
749
819
409
252
12
435
471
150
44
111
109
264
785
421
198
261
144
701
497
388
206
363
303
812
828
290
586
195
701
125
220
685
707
143
572
111
316
110
480
51
172
220
50
771
164
534
663
270
600
232
311
62
726
298
221
829
657
827
783
689
469
277
35
31
277
591
675
452
458
665
653
602
50
463
52
95
578
622
798
814
225
132
573
97
654
155
475
106
278
174
765
137
366
321
365
450
824
183
124
262
344
471
818
485
604
183
188
645
25
358
519
791
704
788
735
280
216
536
477
8
561
748
594
364
668
85
461
360
244
323
266
518
278
267
741
304
76
634
260
543
520
502
580
365
576
276
179
751
486
678
586
504
660
588
496
163
595
93
410
445
442
499
330
319
107
599
637
478
263
366
137
594
3
248
701
397
767
413
762
199
288
801
698
200
811
16
329
816
127
629
783
456
321
227
588
130
16
449
490
150
438
293
377
142
579
219
332
416
306
736
417
229
814
150
693
227
38
258
365
350
185
566
590
441
794
389
447
594
431
719
135
64
223
554
175
559
256
165
261
545
682
54
288
488
828
694
50
547
781
346
121
709
465
325
824
305
476
408
826
510
78
363
166
289
333
585
369
322
432
830
565
519
42
482
686
98
669
790
666
163
486
304
760
676
19
812
52
97
754
311
376
213
255
299
737
167
129
237
341
777
692
254
227
592
692
184
492
342
783
513
122
346
380
269
500
618
418
579
54
584
504
49
373
77
453
369
780
21
302
324
25
134
361
326
30
695
428
489
363
710
446
43
399
474
528
390
230
826
250
89
709
611
553
449
155
341
168
82
556
552
776
605
503
57
453
191
390
60
655
423
582
331
131
162
243
488
333
257
62
662
77
202
605
126
611
373
650
24
161
695
251
138
331
222
476
375
102
445
759
825
414
656
354
508
443
552
690
73
109
363
662
230
620
329
192
822
574
703
718
530
328
526
472
128
677
325
710
826
702
396
92
299
733
671
303
625
513
500
322
92
94
720
208
534
671
117
680
28
588
16
807
818
580
13
597
374
301
295
44
114
753
69
810
283
632
145
219
33
358
464
804
511
267
598
273
84
578
641
409
307
786
103
635
138
736
761
272
157
625
582
308
502
419
111
481
557
813
791
364
252
584
489
80
38
449
573
416
408
324
210
389
300
686
201
235
46
355
470
733
134
624
815
663
593
378
127
608
824
642
487
827
36
110
142
190
779
112
100
683
615
183
574
241
725
120
3
424
819
163
792
199
779
697
254
790
345
512
643
701
189
101
710
1
6
590
620
457
219
58
746
9
211
786
395
17
320
481
518
364
268
643
279
763
278
626
114
449
337
300
414
100
534
5
173
698
626
320
47
16
152
395
700
787
728
535
749
451
146
675
57
11
495
158
289
483
793
658
785
523
189
388
701
88
377
551
731
708
674
217
459
652
84
405
428
203
497
205
160
783
670
564
301
37
712
347
408
661
696
546
178
349
807
752
689
169
373
631
286
551
253
254
215
79
138
790
817
382
620
654
591
188
644
742
459
794
418
2
166
795
813
271
807
477
203
745
2
330
309
740
359
368
372
678
81
190
251
18
734
679
75
358
675
142
521
519
755
612
307
297
158
211
217
436
289
486
88
396
765
95
826
164
322
680
609
384
193
156
755
586
778
538
639
576
419
331
438
359
689
235
125
721
807
477
175
203
823
600
162
567
21
386
604
207
23
338
467
103
637
420
542
606
796
252
271
555
176
707
274
531
193
730
819
141
512
373
547
218
559
275
201
523
53
352
742
492
104
107
259
24
32
736
801
694
363
457
405
400
434
716
271
330
215
378
292
794
593
109
339
112
813
169
812
425
130
525
260
82
75
116
525
290
384
563
581
444
167
759
662
383
43
727
800
316
36
206
72
62
722
379
405
223
347
726
508
352
251
354
440
672
243
318
550
337
6
173
314
419
90
629
190
616
227
611
435
654
107
743
490
89
231
814
768
169
286
555
776
571
316
696
701
608
676
230
680
2
745
205
306
432
265
453
390
51
143
807
214
123
145
195
152
200
181
292
349
15
473
323
224
174
276
629
79
188
734
654
92
220
583
776
29
582
104
292
746
365
814
322
467
544
361
493
415
382
31
621
119
47
773
265
715
664
134
246
75
569
489
669
364
500
397
326
545
692
306
611
413
579
347
155
114
41
578
199
776
811
287
676
536
120
772
159
95
345
320
199
175
175
213
784
89
85
278
757
627
483
476
385
315
41
66
609
524
497
681
496
43
139
75
429
159
167
163
598
493
465
194
237
76
170
307
165
22
503
135
68
547
719
721
130
378
420
527
641
399
314
693
485
57
26
755
603
498
169
529
557
335
103
243
675
780
439
95
305
97
359
466
195
472
482
293
545
807
782
366
337
102
468
639
165
611
78
782
378
723
588
35
174
430
357
231
547
603
599
148
639
37
235
355
830
344
224
738
248
457
564
759
159
55
46
720
206
188
535
486
565
160
795
712
335
552
291
432
814
695
295
12
720
825
4
266
622
479
2
585
217
376
532
209
277
725
23
474
519
583
642
470
719
155
612
200
746
512
28
526
754
594
675
596
373
774
84
533
249
586
536
235
563
306
627
274
716
150
597
291
641
709
785
75
380
359
302
153
83
701
556
540
693
356
554
634
189
503
137
136
5
55
506
783
460
450
215
508
166
126
812
727
759
530
450
226
791
245
340
587
171
379
8
750
317
763
350
144
285
539
785
720
18
177
800
813
103
680
216
33
408
775
10
533
212
64
566
288
538
152
700
68
497
33
609
358
713
756
259
398
97
501
697
397
366
681
291
129
283
228
592
515
277
381
470
538
69
99
292
714
43
677
429
64
772
543
508
219
730
391
467
246
705
31
406
205
183
767
86
796
553
250
3
470
9
792
646
508
828
119
125
229
629
446
634
36
821
5
461
721
579
381
622
305
428
574
164
757
90
723
513
527
447
34
761
178
276
454
110
328
607
452
787
563
773
378
26
796
704
297
665
800
154
171
392
552
335
106
314
88
364
298
494
443
348
82
693
532
378
774
152
424
66
818
656
456
217
247
423
432
254
158
457
380
796
519
16
230
824
71
273
795
636
281
23
410
113
404
456
401
564
614
696
712
450
710
102
795
587
179
308
373
714
461
371
668
562
687
372
20
464
746
490
4
685
686
346
53
98
178
766
345
673
633
192
362
201
66
732
520
295
621
616
296
828
45
327
693
154
283
410
322
164
608
337
109
653
498
389
98
606
338
741
740
149
609
775
20
823
531
156
459
549
365
97
750
758
336
150
573
489
745
553
627
653
719
415
152
208
72
343
89
247
158
287
45
750
682
404
158
185
741
460
192
696
745
554
492
154
70
684
649
369
783
320
172
785
112
570
363
317
227
690
692
440
697
388
505
410
124
454
139
732
738
361
262
94
392
720
116
250
252
191
560
672
263
159
37
352
591
406
689
399
308
288
639
185
85
361
681
309
680
115
233
114
452
215
322
201
399
301
85
775
108
404
519
695
522
372
102
659
574
749
627
450
276
279
826
423
17
211
325
453
731
118
727
498
347
484
809
116
733
482
479
75
144
426
458
299
554
273
813
72
579
415
16
445
24
771
319
21
75
675
299
739
649
409
8
553
426
743
628
408
644
629
821
816
591
40
426
801
194
557
348
236
193
823
769
395
383
385
106
783
278
472
349
680
257
256
412
819
553
343
152
681
716
49
366
125
279
600
218
523
197
562
792
262
49
46
423
136
131
704
64
502
73
490
372
114
282
138
453
446
576
128
524
15
465
263
42
386
187
435
617
473
633
756
84
548
764
658
663
630
720
107
350
224
33
605
182
543
627
559
446
698
509
509
64
189
318
269
515
184
375
507
170
158
702
33
348
478
569
102
544
708
661
5
664
526
444
796
426
762
782
828
119
13
776
741
222
531
492
498
82
819
701
335
490
466
105
217
595
773
96
363
283
791
602
60
801
250
545
226
17
458
329
311
665
822
168
56
152
654
322
174
382
585
715
154
58
168
796
366
399
274
420
522
771
133
45
89
578
391
378
137
668
200
531
719
20
174
724
808
513
324
553
750
304
144
401
545
104
529
391
276
663
699
22
263
72
309
319
655
43
615
413
226
768
470
370
395
803
32
754
361
156
781
514
728
459
463
647
793
442
611
509
604
183
783
529
805
407
505
364
389
44
61
32
46
32
25
440
657
185
459
120
328
601
675
679
353
253
594
457
416
307
560
156
172
739
626
261
193
230
825
734
177
439
716
698
665
376
56
772
773
372
720
353
233
185
548
2
309
753
167
61
336
11
441
715
532
636
278
245
236
22
543
261
452
130
696
634
348
337
368
92
207
232
771
18
57
673
818
338
546
191
176
607
503
667
503
584
386
30
195
234
80
686
542
508
782
565
603
534
13
572
705
118
165
435
109
798
274
321
299
629
697
389
708
127
484
731
524
174
642
447
339
354
693
726
488
109
85
264
236
103
492
29
307
455
3
240
445
630
786
55
67
94
479
321
756
752
205
778
474
169
37
392
683
2
493
444
802
368
457
614
9
235
513
620
63
575
251
552
66
375
63
651
204
449
623
178
458
281
697
634
349
353
358
682
588
547
711
242
667
297
144
63
782
282
504
586
95
591
644
147
20
830
453
151
202
21
557
377
48
459
148
569
691
685
8
83
561
199
357
753
38
249
377
786
58
643
531
272
150
714
594
200
583
489
669
68
736
347
688
607
363
209
824
202
352
713
770
63
87
623
260
80
335
469
553
464
727
166
783
774
118
96
295
477
225
104
72
149
719
671
828
366
47
626
732
308
194
237
480
692
601
728
93
450
93
253
56
294
261
560
321
564
202
213
595
246
587
547
386
325
193
811
375
287
219
433
339
435
219
138
35
322
44
788
384
193
375
372
432
96
550
50
104
515
688
117
91
512
408
204
14
383
286
144
160
801
768
708
616
699
7
618
110
130
453
157
661
398
124
551
239
303
818
32
428
830
304
446
319
743
518
305
136
167
71
554
19
669
256
796
420
330
802
701
782
795
352
805
824
336
177
712
705
121
238
723
569
663
181
111
741
62
11
174
538
187
170
539
259
200
152
384
198
602
793
491
316
64
81
649
266
286
332
617
11
154
466
726
386
503
796
364
565
139
757
410
78
517
424
266
151
67
75
150
73
412
726
803
777
603
190
248
76
175
27
42
75
66
61
702
624
775
174
53
421
301
268
567
719
452
674
347
502
467
146
533
25
19
83
355
429
450
484
185
465
99
724
479
75
379
343
742
79
101
611
322
466
358
748
829
695
52
58
560
741
377
766
103
391
824
615
449
277
741
775
827
360
349
700
374
91
533
350
485
293
476
601
754
372
603
169
677
99
584
153
475
157
553
171
810
574
332
292
749
321
820
322
241
770
493
691
519
3
541
449
604
288
95
796
85
615
475
775
826
494
363
646
697
580
138
260
456
293
709
536
123
129
46
454
165
798
775
125
320
507
112
14
248
416
752
254
820
383
619
791
114
766
776
253
422
488
518
550
818
496
771
407
53
307
146
297
25
261
375
4
462
131
473
788
227
166
488
583
224
778
396
371
132
418
589
602
601
461
628
279
523
38
346
244
203
403
551
13
559
15
114
492
575
480
11
179
674
10
502
803
302
135
252
763
753
812
584
750
497
302
45
766
691
459
27
238
549
329
723
258
424
51
140
623
630
451
764
515
480
526
15
72
384
270
778
643
218
7
794
500
489
343
563
292
364
245
224
713
152
126
49
387
535
135
185
241
377
65
23
774
797
190
559
826
663
406
460
372
280
600
10
629
550
612
706
767
46
471
797
380
144
502
479
7
366
130
828
663
793
230
92
295
491
528
786
412
256
513
475
589
789
219
632
24
364
411
519
61
357
225
429
715
458
305
631
608
154
812
46
416
616
327
238
742
683
410
248
105
81
135
40
67
681
332
391
674
109
393
178
657
169
261
266
443
772
196
538
103
67
329
696
615
559
110
12
323
44
447
61
702
106
683
633
662
512
354
672
331
372
23
598
316
150
823
805
167
380
577
413
503
78
133
458
328
534
158
175
441
439
373
348
559
678
148
721
176
737
390
430
654
159
115
641
374
746
224
687
408
807
231
776
240
623
416
618
112
663
314
257
662
680
361
227
641
25
293
586
647
394
123
2
558
555
538
279
516
330
107
237
222
503
238
611
579
185
444
374
198
550
42
360
187
528
154
537
119
827
156
262
339
222
265
105
542
120
680
733
422
474
139
75
255
478
792
152
79
742
42
30
290
176
675
362
804
545
726
352
662
607
743
298
426
139
187
813
586
423
283
520
466
545
646
7
193
566
659
227
556
578
393
23
575
214
521
280
213
660
52
158
663
788
427
751
464
339
139
587
332
799
766
276
406
444
205
746
481
511
232
820
665
790
597
624
689
27
772
594
470
797
724
804
794
645
463
445
498
697
658
411
263
502
89
346
807
723
206
235
297
554
89
402
350
420
43
777
633
178
584
720
540
610
161
655
305
28
38
38
182
231
258
683
144
207
274
67
50
291
502
778
742
782
68
1
58
66
85
317
817
107
272
131
35
473
458
573
248
157
605
9
248
613
729
59
9
131
92
706
557
46
102
501
688
446
485
6
683
775
42
127
412
201
396
472
715
506
667
625
37
162
41
811
406
487
296
264
517
597
700
6
701
755
114
350
714
528
683
1
605
738
609
168
359
198
216
710
396
566
266
317
489
33
516
54
660
655
750
611
270
187
228
559
148
611
532
751
172
823
618
273
308
61
806
794
236
754
188
815
161
630
437
677
89
604
474
51
2
639
223
603
415
443
386
116
588
151
710
674
108
473
21
486
617
310
775
121
570
336
223
633
251
166
303
606
540
54
185
745
148
141
645
530
411
634
529
313
265
667
286
127
401
519
478
374
559
529
808
140
533
223
3
320
630
227
107
629
201
2
442
426
801
334
520
245
633
129
90
469
796
285
689
239
389
72
723
357
534
747
341
544
729
588
495
267
796
526
535
477
616
223
402
134
567
687
405
367
391
7
755
439
60
634
705
306
270
33
778
575
565
105
538
360
405
504
498
363
499
479
231
507
726
69
378
443
534
649
507
194
28
609
694
694
492
647
260
819
445
599
548
330
458
55
356
498
650
401
244
280
109
83
357
513
769
364
2
763
9
11
733
229
242
662
26
741
27
307
88
646
378
464
445
356
217
796
134
605
9
343
518
658
481
815
698
796
713
256
95
6
319
78
731
644
530
719
292
139
505
85
251
201
179
623
414
705
760
297
571
232
639
357
483
275
473
666
617
416
6
439
540
623
629
124
281
820
683
230
400
262
99
221
12
830
706
140
374
758
641
532
332
679
372
221
409
804
732
2
219
344
314
665
25
353
141
171
550
610
554
790
494
686
488
132
535
503
763
739
641
617
646
689
739
597
521
702
302
89
698
514
432
789
364
363
227
208
308
114
818
416
139
179
430
682
800
260
107
655
190
723
140
609
227
558
356
688
583
230
733
404
341
66
675
603
5
202
815
523
511
676
297
696
370
629
317
172
755
28
225
268
715
465
277
414
167
459
341
130
796
497
431
334
481
82
565
16
151
636
668
98
565
494
680
572
458
460
782
578
402
456
148
359
622
606
58
632
292
452
721
766
430
726
57
539
201
689
280
39
586
830
490
740
316
44
480
827
117
785
599
182
628
167
660
17
9
530
454
238
732
337
427
113
830
120
133
807
729
139
201
769
41
275
636
493
342
78
189
608
424
564
495
37
265
580
310
285
610
552
24
460
168
618
186
167
181
160
574
584
38
677
264
494
396
343
358
484
774
566
121
558
614
463
804
167
791
161
285
746
449
71
373
407
10
685
708
258
3
546
702
608
717
142
477
766
87
100
709
156
200
376
154
83
540
384
659
347
4
385
573
824
779
50
348
506
767
405
743
768
407
340
383
689
232
323
296
307
217
200
265
772
395
100
709
669
768
266
746
24
315
42
221
773
116
610
741
625
409
815
602
530
95
423
278
773
720
97
39
494
475
598
351
672
413
371
511
112
354
412
425
564
826
126
274
163
380
517
379
444
751
234
368
300
153
111
794
78
485
688
450
808
262
507
297
159
767
640
19
174
121
514
702
99
250
94
728
336
265
174
650
560
12
406
738
725
401
2
476
144
12
40
414
665
522
225
259
609
155
190
27
345
22
313
184
725
569
813
430
131
347
232
247
695
429
307
671
213
164
187
517
532
588
411
431
106
564
519
531
754
716
534
518
182
76
748
46
546
444
511
363
483
816
179
4
427
711
492
527
401
820
210
558
713
797
695
60
230
665
447
567
476
406
607
536
300
434
345
634
388
655
371
499
345
576
680
714
282
794
260
658
66
640
333
74
152
164
120
97
53
798
655
396
272
705
45
437
683
572
517
268
149
262
603
451
719
8
310
245
161
776
7
513
327
240
157
313
364
39
499
193
565
581
10
760
655
434
585
295
726
756
590
224
822
177
811
777
175
144
199
659
670
94
497
650
184
94
375
97
156
348
157
419
54
44
71
356
644
696
466
496
231
787
6
634
405
482
422
659
813
472
100
225
795
198
319
46
270
447
82
539
62
187
569
278
312
189
492
452
701
84
683
620
137
606
762
652
402
805
497
386
635
440
173
211
572
243
324
600
480
574
710
618
354
163
495
210
283
91
203
596
700
785
455
767
644
130
663
813
787
245
460
694
598
720
404
245
791
117
782
815
8
613
436
420
652
554
481
752
477
55
423
734
483
788
771
454
318
746
314
432
359
520
321
775
293
125
829
457
185
456
299
163
70
564
184
813
799
739
15
813
819
377
495
678
812
468
396
657
812
485
295
677
199
551
244
438
779
187
302
634
235
719
661
216
404
116
619
191
574
73
33
794
800
31
620
270
393
411
335
645
241
662
367
633
508
575
61
319
581
792
353
565
611
229
125
212
336
647
405
409
516
332
714
685
195
141
681
439
669
331
258
229
402
400
486
783
594
258
352
549
174
156
660
566
164
226
480
570
196
473
156
551
705
428
523
356
336
122
217
552
339
727
621
373
107
720
249
372
294
19
573
32
156
802
725
189
161
241
135
620
178
312
608
607
488
414
395
259
154
14
603
4
327
711
84
620
87
112
809
513
408
364
259
65
346
116
455
39
804
103
333
660
775
161
330
32
375
734
395
319
789
192
675
572
425
328
182
239
740
789
57
239
602
106
227
184
124
417
362
793
508
448
753
344
156
778
248
586
282
105
681
191
77
593
139
727
624
338
20
232
720
793
520
693
351
201
759
536
405
765
46
349
142
328
42
593
120
51
590
435
354
515
263
73
470
671
625
663
25
310
547
609
54
164
30
502
765
289
736
805
144
645
268
611
321
564
6
408
639
643
421
298
822
359
417
382
205
711
637
595
661
248
580
639
825
158
225
799
587
532
711
461
475
728
200
696
73
499
144
229
486
776
122
198
335
701
139
264
647
550
182
829
429
9
489
384
682
28
415
116
679
53
152
681
135
234
792
706
57
306
405
399
385
22
340
504
29
628
276
266
656
245
413
784
603
725
161
413
41
28
143
336
31
535
406
30
201
323
233
102
372
424
190
763
654
93
469
117
541
351
209
37
173
523
195
33
336
307
387
694
387
420
245
263
335
167
746
258
513
472
370
765
265
388
124
337
566
388
558
510
184
767
210
65
325
433
283
14
618
228
738
689
583
65
309
157
123
728
563
526
32
542
467
7
354
671
165
257
16
662
344
195
703
193
579
539
318
509
123
565
139
49
179
720
664
652
421
60
155
307
307
319
375
691
199
768
531
68
740
170
588
180
64
353
135
660
722
136
743
134
188
737
561
66
72
353
384
556
31
266
96
27
672
2
778
427
490
83
510
746
627
288
407
105
347
759
391
350
140
574
500
343
803
89
133
86
696
403
4
650
493
283
535
816
533
440
652
119
361
777
126
589
761
276
725
649
31
697
289
695
324
437
571
616
476
374
640
565
158
608
358
214
485
56
26
145
67
710
488
1
333
539
620
71
32
596
298
483
546
829
607
538
217
830
773
751
275
84
381
663
265
679
793
229
186
158
744
759
183
29
574
243
683
651
349
175
173
560
324
707
714
502
588
747
350
703
193
755
81
770
807
48
581
389
472
789
409
807
693
308
627
576
394
656
364
53
457
713
442
6
802
829
186
779
15
661
661
75
384
649
23
240
600
429
163
127
818
599
266
355
354
711
538
512
800
71
724
521
522
419
398
38
34
819
218
265
747
162
632
372
55
446
642
266
451
555
726
572
560
214
300
79
226
316
621
339
538
571
531
735
303
328
581
721
151
370
661
498
825
176
412
68
288
260
46
100
699
82
602
351
344
200
367
399
307
124
44
733
376
334
367
484
774
607
361
221
67
89
17
429
188
212
1
290
287
697
418
273
629
317
104
747
240
214
518
473
168
173
130
627
587
127
603
539
481
493
78
734
812
469
168
548
563
94
319
158
398
263
30
662
448
135
20
370
373
598
299
722
35
534
282
768
295
695
382
177
480
141
436
738
543
132
518
616
818
233
137
2
40
805
791
225
332
521
699
88
691
564
21
435
378
444
776
336
141
500
34
338
654
783
88
519
532
300
165
148
168
758
301
726
555
744
124
317
827
564
535
584
529
37
229
382
683
738
698
657
448
328
292
214
58
701
670
451
686
364
73
262
595
241
14
576
354
673
596
261
479
303
481
380
256
420
274
806
810
36
103
815
511
691
472
277
498
54
224
458
573
750
612
272
377
476
52
741
360
620
672
697
193
164
612
259
596
367
81
298
143
512
371
545
757
724
732
397
813
635
346
278
601
514
578
419
664
327
15
206
672
6
792
452
453
24
410
755
310
295
551
736
96
642
136
182
770
620
382
788
400
803
222
592
463
789
179
423
603
304
182
450
707
813
803
401
774
527
36
710
430
635
406
310
493
707
735
740
319
170
15
799
158
71
124
386
209
510
635
512
215
619
288
68
410
504
790
231
169
362
694
636
75
786
745
349
66
106
226
475
534
226
544
788
697
160
720
81
209
57
806
686
130
643
778
604
745
539
506
236
350
457
95
610
606
777
776
421
688
693
254
480
574
534
453
708
674
54
74
729
100
564
561
800
108
509
788
351
526
310
545
29
247
791
777
526
826
4
79
102
691
699
123
823
137
235
512
496
228
294
577
581
796
439
65
434
692
135
223
441
186
56
372
178
29
276
11
144
790
537
342
615
267
548
462
591
245
791
77
548
389
399
235
588
196
38
117
339
236
499
165
257
787
630
607
380
327
705
308
19
600
185
66
716
24
13
149
595
685
63
195
332
428
122
463
146
72
341
718
486
704
475
685
62
410
669
168
19
226
654
234
483
38
766
546
822
451
352
50
256
383
396
272
709
814
357
416
51
593
684
563
791
543
333
127
176
5
798
731
635
191
134
182
420
661
54
359
566
333
233
162
820
605
367
777
624
364
193
281
722
7
665
30
355
367
708
444
589
137
755
464
25
533
218
76
477
697
759
557
814
649
677
235
689
532
55
280
545
800
811
287
576
57
216
95
162
264
546
428
746
575
294
22
321
373
214
127
430
149
63
726
781
529
233
96
124
702
644
777
213
260
775
476
609
69
531
763
658
592
258
370
380
164
628
201
88
93
768
12
730
179
317
772
36
438
88
221
394
344
537
568
522
184
559
138
4
410
687
746
464
655
410
110
82
820
349
245
387
313
53
160
131
351
737
90
530
249
400
22
492
254
42
686
490
70
551
493
411
375
760
209
424
202
790
387
711
272
785
434
468
339
735
73
440
661
635
486
272
38
208
416
691
636
164
515
792
46
790
716
103
184
792
13
24
769
268
573
166
515
160
788
771
619
359
128
68
26
321
503
174
546
301
311
122
168
136
231
260
248
248
644
373
64
402
696
768
376
417
803
701
458
63
310
432
637
773
83
649
775
618
689
728
730
555
70
88
214
180
150
233
484
613
169
262
247
288
660
433
76
603
634
100
600
259
563
90
357
748
622
645
645
131
3
812
261
403
800
301
116
10
592
547
76
360
27
340
309
212
153
549
460
506
207
777
586
214
172
562
605
361
812
273
125
548
423
217
36
466
749
3
181
783
752
752
458
443
674
737
306
749
655
97
774
283
421
305
564
245
488
461
687
721
65
749
358
826
803
450
812
238
403
118
481
39
281
214
261
284
426
542
462
566
416
83
453
421
155
577
140
358
331
463
661
427
417
162
57
262
173
302
782
680
519
144
56
566
360
462
103
510
163
316
501
123
779
769
450
130
59
524
21
796
539
639
230
128
657
536
727
250
266
258
299
376
608
196
124
736
159
382
41
538
104
604
792
473
345
678
144
699
294
670
545
685
771
624
390
629
33
543
820
61
532
792
785
191
226
543
773
282
38
50
544
114
33
4
421
635
746
43
403
448
74
11
760
367
648
666
526
353
362
176
520
599
101
92
573
20
201
473
422
624
689
803
44
163
506
737
662
588
29
55
310
262
229
224
427
28
384
753
741
188
658
341
38
265
578
292
746
565
507
56
355
716
257
455
816
639
63
145
463
348
570
28
609
762
424
699
251
202
809
759
816
668
603
388
429
523
314
241
349
727
528
269
680
444
100
533
199
622
775
808
95
61
347
272
93
646
166
751
803
502
94
525
349
392
661
758
216
767
257
798
683
652
611
309
696
43
465
441
444
746
311
440
580
72
75
511
158
169
420
332
451
7
148
753
448
36
404
298
519
434
127
584
710
313
390
63
702
322
630
599
4
228
198
573
300
666
483
385
586
247
120
102
140
734
713
200
708
472
160
28
340
210
394
756
770
696
420
372
266
403
630
553
377
619
205
467
532
489
548
221
12
61
814
44
2
366
404
41
135
542
517
648
411
413
808
232
183
526
440
723
763
76
782
619
563
458
430
148
451
78
256
539
228
455
66
146
490
755
137
469
724
493
645
635
273
4
379
33
353
83
237
376
620
292
80
787
196
575
588
791
32
761
236
31
598
362
265
786
392
220
137
614
494
248
197
572
740
346
468
85
769
139
714
790
725
759
814
671
584
628
265
89
463
292
207
635
48
483
227
78
640
812
749
546
512
514
305
609
256
279
252
284
358
337
511
498
220
377
754
623
348
787
520
654
414
275
400
338
566
500
219
479
250
528
211
772
554
575
264
145
679
44
373
586
86
803
126
293
512
102
297
385
384
587
577
487
2
269
406
199
222
585
830
226
119
565
702
528
567
153
121
489
172
535
718
789
36
416
684
87
799
63
33
150
728
475
627
412
52
669
284
437
116
487
341
407
528
425
5
67
301
546
690
515
541
87
169
523
466
796
286
677
152
404
41
200
328
442
742
327
783
431
94
147
255
543
377
150
819
440
766
387
615
635
793
540
573
800
494
530
581
127
619
229
516
147
567
108
715
489
479
567
687
158
597
666
250
552
792
617
460
152
428
27
432
293
116
82
410
749
187
691
664
773
560
323
126
492
643
260
800
220
224
444
488
824
47
827
203
177
5
620
765
102
284
237
230
129
172
68
664
447
259
802
197
237
514
428
471
111
186
674
621
268
649
587
50
557
176
690
717
432
437
181
313
805
615
404
665
617
486
46
750
471
89
303
556
681
249
584
361
437
660
730
92
791
612
304
68
177
453
266
521
770
369
626
789
309
39
291
628
574
168
715
44
66
21
585
371
685
805
806
612
163
574
142
31
632
624
407
526
809
739
68
61
163
791
481
536
446
724
129
495
358
575
189
221
255
511
558
730
743
606
628
610
371
107
139
351
367
149
824
537
136
118
317
551
117
6
561
381
539
275
612
29
512
738
533
300
84
488
225
815
693
583
42
829
765
285
637
49
139
497
727
703
183
384
634
252
117
629
690
750
549
404
263
542
673
479
493
300
53
543
388
98
69
388
324
290
810
433
581
274
121
675
307
431
737
717
773
148
45
708
705
341
539
704
245
538
491
71
219
364
539
41
82
206
416
665
443
141
583
584
783
613
391
314
537
336
442
562
250
636
381
178
132
309
205
100
107
475
627
345
524
227
93
621
29
645
537
253
134
3
367
587
722
513
570
106
331
341
346
776
377
54
441
297
17
99
276
541
399
58
359
110
321
211
291
155
371
610
818
812
212
682
683
651
645
527
388
467
328
272
27
622
669
587
76
233
36
105
648
319
67
344
436
543
142
711
497
427
789
447
410
237
262
636
340
470
708
656
281
724
202
663
308
194
779
430
167
319
262
377
222
491
370
532
126
579
368
761
688
505
744
180
567
730
51
603
404
624
28
337
386
206
301
486
391
237
94
365
716
32
652
689
554
402
383
544
220
283
461
441
774
411
114
200
572
293
32
681
786
225
662
273
191
337
32
222
766
260
593
607
558
469
354
130
541
574
380
829
572
85
31
759
3
567
770
624
803
464
220
618
234
23
756
31
570
157
699
190
749
469
268
379
745
437
58
108
277
434
291
802
441
724
673
317
630
662
748
791
417
220
356
403
546
384
808
737
270
273
457
468
540
791
123
470
631
695
473
23
324
503
70
739
746
344
470
375
441
590
81
81
177
565
364
353
446
330
746
676
511
422
131
553
539
145
677
682
413
601
262
364
164
233
548
611
80
9
259
307
723
802
347
358
624
320
375
224
602
52
599
795
483
34
738
110
184
557
469
821
154
65
63
397
419
347
312
748
302
522
706
194
684
593
435
397
60
532
549
146
520
195
39
235
707
339
291
235
69
141
731
630
694
758
646
402
465
712
732
320
443
624
703
556
394
516
385
592
372
811
487
345
492
770
510
121
159
689
39
1
136
114
312
790
415
258
707
434
425
629
801
433
531
689
113
83
219
665
230
41
97
617
182
340
361
724
20
158
802
443
483
533
29
153
375
205
471
124
678
196
227
510
219
72
560
634
254
678
507
579
150
240
528
611
193
372
479
72
460
211
517
413
454
190
593
737
70
577
334
821
558
121
309
755
105
283
807
163
625
829
223
56
777
172
156
362
375
666
558
128
762
643
634
583
258
216
745
421
564
302
618
552
580
728
490
464
150
38
404
516
250
550
685
597
619
511
174
565
777
425
751
173
794
569
271
112
411
85
209
284
637
765
609
83
727
585
428
408
535
233
1
419
227
276
323
242
551
29
466
482
680
514
423
293
302
359
773
615
146
117
594
703
650
691
724
496
666
185
237
733
203
500
539
186
655
63
689
748
726
628
623
577
287
747
35
70
269
334
23
455
691
424
213
307
449
161
759
776
160
57
523
381
492
755
373
723
580
473
340
110
436
44
705
541
390
186
536
367
659
387
221
194
93
569
489
53
718
456
662
236
824
712
603
487
422
178
241
821
290
350
105
465
605
789
395
823
513
403
340
60
775
336
412
774
33
390
121
522
284
126
632
154
701
693
748
227
344
2
444
609
573
207
518
266
8
179
675
472
157
665
51
644
771
99
734
212
266
449
195
568
625
50
612
171
146
454
266
724
519
403
328
653
405
542
602
47
818
665
778
331
623
349
524
586
695
627
671
803
236
228
102
295
85
753
397
686
7
814
630
262
764
187
450
323
230
74
252
809
308
527
33
676
460
526
29
304
452
782
528
154
391
200
682
108
158
738
795
688
62
139
543
223
616
346
471
110
331
103
404
415
152
349
591
237
468
715
620
598
163
496
202
341
489
554
330
259
491
53
47
502
609
268
216
361
535
759
333
183
686
829
604
341
492
727
355
237
271
449
331
238
122
139
295
384
359
406
268
752
104
673
282
725
234
442
476
200
754
618
196
742
558
659
52
126
208
574
225
143
399
522
457
301
408
79
795
124
557
541
550
714
801
242
659
490
558
596
102
22
12
480
285
649
48
544
727
202
275
670
588
581
429
128
647
259
615
273
773
428
124
568
780
7
325
484
316
661
458
481
531
118
719
808
619
252
412
75
447
195
47
34
279
409
433
178
98
757
578
468
47
799
769
578
523
645
539
559
797
170
10
350
114
42
691
302
217
813
462
786
186
418
766
269
549
542
413
170
414
697
304
593
547
235
5
706
302
494
651
165
192
18
753
15
644
410
406
686
245
353
307
397
740
829
799
446
162
594
221
169
786
356
552
169
136
55
766
64
659
113
555
76
677
141
575
658
538
632
634
721
636
582
666
648
703
392
818
73
706
250
708
633
377
278
512
145
804
559
246
510
541
344
63
499
549
339
803
10
592
448
676
16
153
118
484
477
687
658
567
559
192
50
640
506
80
130
804
333
413
235
476
780
568
679
151
356
492
384
627
158
676
729
609
118
351
501
682
616
305
332
254
475
387
603
248
173
95
768
342
138
67
455
112
563
647
420
483
747
434
716
20
504
462
469
384
39
50
376
223
81
140
487
123
491
461
494
699
331
458
231
735
493
666
656
676
765
106
468
696
750
112
502
324
259
90
790
26
147
422
108
328
515
426
719
408
662
351
131
374
623
616
676
215
296
262
395
487
478
204
789
584
446
179
644
670
659
677
451
498
562
383
368
378
526
107
397
349
67
494
790
499
121
19
289
380
49
742
226
398
377
274
122
415
287
550
689
133
281
8
108
146
474
378
199
75
545
414
323
27
402
176
213
550
76
50
734
390
815
595
788
258
49
715
116
819
410
13
74
293
814
64
256
435
547
34
189
446
619
158
613
394
258
126
221
80
773
400
620
336
7
417
783
140
281
382
65
202
239
367
224
22
73
284
561
29
727
329
355
656
549
181
505
122
273
666
623
74
144
382
597
701
653
91
344
243
433
537
241
609
79
378
212
456
308
716
411
619
163
811
474
191
59
275
581
670
355
248
167
161
433
165
219
218
563
312
642
461
198
308
10
302
676
258
623
726
546
596
23
769
544
784
805
34
218
32
753
748
583
467
165
329
314
567
717
352
24
597
377
641
748
673
626
259
790
709
471
525
164
714
272
667
187
221
457
443
736
538
189
716
77
491
696
699
632
220
760
183
783
700
604
353
269
775
254
580
803
749
64
214
98
728
603
628
350
675
722
285
757
615
817
583
826
380
656
187
117
241
516
373
199
747
708
422
675
486
313
650
210
216
52
516
204
434
17
194
331
826
596
710
39
7
376
71
522
87
557
756
455
4
688
18
783
374
606
75
288
98
266
626
390
128
748
675
210
677
143
809
327
357
525
276
24
88
103
674
104
704
826
513
239
135
764
137
343
55
484
96
575
466
335
191
399
827
341
281
302
240
270
205
253
347
815
306
791
553
514
682
447
336
194
402
150
141
47
654
330
226
499
599
556
622
427
596
775
231
167
207
9
82
656
747
158
182
38
34
1
458
658
388
653
234
52
520
568
783
471
217
394
338
743
675
360
530
351
251
259
779
476
675
238
366
51
473
771
263
22
221
471
442
494
752
117
626
461
124
197
612
66
162
45
815
343
741
728
647
322
605
647
818
816
533
139
567
742
605
738
225
524
750
651
178
679
212
639
131
786
551
669
766
581
277
697
632
711
50
294
161
188
293
294
245
43
334
804
105
741
148
613
202
670
45
826
391
396
353
636
551
351
150
83
279
70
20
744
819
440
93
573
178
56
198
725
539
209
796
181
17
416
127
382
789
491
793
813
765
300
5
48
291
445
262
295
98
810
194
734
216
282
681
745
119
533
6
210
824
628
698
812
722
352
564
256
586
582
399
265
173
713
393
344
267
654
794
823
24
300
134
491
55
144
740
116
420
83
424
694
524
302
196
547
240
807
326
194
758
455
539
638
211
726
540
720
383
694
122
293
264
168
544
435
460
647
246
660
319
790
497
153
624
662
763
97
159
637
625
136
565
585
429
191
176
409
35
303
513
225
49
692
191
201
596
142
659
716
231
640
606
535
437
459
195
466
65
757
192
391
7
289
463
397
156
597
490
787
599
380
588
258
342
116
204
486
524
287
767
476
60
347
579
315
1
28
162
25
423
216
724
147
635
441
414
562
237
310
5
269
67
716
665
439
793
256
191
445
200
395
332
767
638
661
502
558
242
165
74
358
41
282
95
38
704
576
374
723
761
679
90
64
116
565
605
348
428
400
152
81
532
818
526
223
351
28
174
227
827
147
247
124
801
398
141
456
168
322
211
602
472
213
448
741
240
139
793
580
459
38
467
206
674
279
138
418
365
720
3
394
111
6
96
347
829
74
276
620
730
507
750
461
230
420
284
641
811
69
62
170
453
452
427
251
219
191
194
12
367
207
35
21
471
114
314
129
571
468
334
512
735
634
791
376
289
668
289
735
5
737
777
700
736
781
445
730
139
727
726
359
470
638
792
643
776
792
370
140
385
639
18
236
350
490
123
225
126
214
269
259
640
354
2
830
454
364
772
529
559
596
689
309
490
21
731
575
503
272
87
189
400
85
207
48
203
674
46
332
666
200
225
697
399
663
60
522
640
297
48
191
96
563
55
440
738
35
223
589
814
379
544
183
536
172
274
758
182
309
226
23
796
176
440
583
378
111
698
602
44
370
749
136
659
273
115
148
592
763
553
223
556
16
516
238
630
415
175
425
48
84
355
126
489
1
774
234
497
272
598
356
28
722
21
48
414
258
67
31
640
625
61
671
686
727
95
193
512
137
599
52
704
721
551
50
611
453
140
158
418
185
598
56
575
386
797
138
211
246
636
77
410
47
349
790
145
175
459
641
225
586
316
340
426
775
363
822
343
318
56
425
149
172
731
406
383
444
656
78
486
587
344
39
37
48
808
720
437
539
773
638
646
223
374
678
740
226
648
152
149
804
91
92
681
199
407
102
500
657
443
677
162
730
475
452
558
678
298
18
474
609
374
372
98
534
456
194
625
118
135
12
536
617
117
801
768
473
600
125
379
336
643
463
107
695
613
266
535
195
648
206
809
646
224
497
190
246
373
249
463
677
541
211
75
374
70
511
135
347
256
286
543
93
723
599
608
794
708
392
571
101
233
762
253
810
536
60
124
426
633
672
334
149
349
29
142
143
723
729
349
325
347
745
246
689
8
647
559
199
544
213
156
258
663
313
72
545
330
690
28
392
193
709
145
467
768
738
409
584
494
515
725
249
5
214
790
488
789
524
341
569
554
584
207
786
422
647
333
141
502
511
91
607
797
183
687
705
539
495
628
555
460
519
366
768
511
283
223
563
358
800
246
281
13
257
321
147
754
685
170
124
181
68
103
15
747
435
767
826
383
564
37
335
801
530
507
505
558
125
728
696
57
668
518
573
731
338
814
462
725
794
131
303
459
600
555
215
141
537
38
435
233
33
394
458
754
440
25
105
522
827
298
583
320
825
534
48
163
174
320
769
114
177
535
109
664
172
532
738
588
589
768
675
584
390
623
62
224
497
136
618
719
598
556
784
499
802
476
304
558
587
767
372
327
705
94
181
779
782
521
417
648
650
413
286
400
693
797
164
404
517
639
1
703
8
618
149
205
342
717
790
157
294
623
503
150
632
134
368
793
737
501
31
551
699
551
129
472
72
272
455
787
65
321
52
35
602
382
145
148
337
337
68
21
779
267
223
654
94
377
450
595
94
21
399
673
145
364
64
372
301
184
166
759
398
552
700
110
156
249
128
756
729
189
459
108
141
137
41
328
698
636
124
94
610
772
660
18
139
444
289
141
405
277
304
58
528
180
153
379
444
440
333
262
350
127
401
308
730
263
49
218
443
31
544
231
423
586
252
167
83
409
748
402
700
474
220
123
316
510
393
382
218
112
575
71
264
44
778
112
713
473
544
416
497
442
453
583
303
337
350
73
543
161
827
822
765
536
636
664
640
364
280
456
797
781
694
361
86
532
315
826
237
607
801
111
97
644
372
132
299
343
715
659
231
636
83
447
616
446
27
766
254
360
540
695
717
700
513
644
582
97
124
415
130
749
30
125
500
292
546
363
173
440
102
419
238
61
334
110
771
740
227
538
482
318
461
78
498
408
392
133
350
342
165
445
707
70
690
191
401
610
435
312
517
438
734
347
216
389
125
122
366
281
214
379
762
109
462
181
148
607
635
797
618
64
230
524
567
285
542
698
131
762
303
491
698
32
265
700
60
158
624
742
5
468
201
405
66
776
821
181
147
176
617
123
799
672
458
76
482
517
401
800
138
248
151
425
138
820
712
476
529
169
488
815
376
294
6
381
268
180
749
770
716
194
269
36
52
769
651
404
82
194
826
225
545
672
209
698
802
177
717
89
315
273
253
342
720
624
784
497
78
162
264
559
352
21
821
337
371
160
384
117
722
421
124
739
406
360
83
437
5
244
233
730
567
806
582
278
754
750
420
227
788
119
448
164
744
417
425
803
520
389
566
2
708
733
657
525
632
692
428
23
527
379
385
662
19
604
231
296
105
603
326
683
686
39
781
152
800
622
173
242
276
125
341
168
51
638
778
280
346
433
212
52
826
504
285
241
38
416
238
635
412
423
539
179
636
748
336
40
449
140
456
258
515
286
825
367
179
474
436
409
714
829
49
212
199
156
633
542
232
340
599
36
302
686
751
635
561
224
559
284
7
747
700
566
787
88
562
787
206
750
653
575
467
238
617
38
700
711
403
783
532
323
732
408
675
731
380
597
140
613
309
177
88
329
36
266
181
772
321
780
209
327
36
676
482
255
638
783
172
531
623
123
143
78
371
138
408
265
197
749
795
402
26
762
123
827
318
546
152
51
713
733
775
494
22
9
453
228
290
713
294
200
766
418
21
407
576
659
235
294
266
153
825
242
771
326
218
147
171
281
631
479
752
388
635
274
158
533
732
280
396
741
683
577
482
235
721
757
455
362
650
331
297
34
360
386
484
779
416
547
167
543
185
449
814
155
38
110
571
575
667
7
769
578
686
334
520
697
800
419
745
644
264
21
390
403
703
644
368
588
345
672
556
274
576
390
411
138
587
742
409
168
176
31
276
106
730
759
88
299
305
820
292
285
632
460
498
649
389
265
278
289
503
267
353
362
293
500
78
134
55
728
203
193
25
745
6
675
806
481
807
761
298
414
339
384
448
178
310
523
293
507
624
282
817
670
430
546
594
681
39
701
604
144
372
250
349
64
694
33
740
457
315
140
298
559
149
667
788
704
327
150
694
560
309
85
659
14
498
765
136
111
55
776
227
537
741
152
654
348
273
614
561
193
310
9
490
322
447
674
126
697
730
572
608
499
428
406
729
216
276
715
92
35
641
420
412
744
633
220
203
353
25
468
222
557
537
90
640
782
548
53
673
37
398
678
479
418
793
55
483
294
787
200
829
481
178
738
657
185
90
539
406
258
803
364
315
215
180
726
701
81
255
311
606
483
506
639
790
460
66
769
565
38
151
596
372
182
663
568
737
155
444
109
578
565
554
596
829
383
739
322
3
184
705
452
254
284
492
19
523
527
139
624
721
529
706
596
459
728
92
616
102
106
209
661
665
536
166
44
687
229
577
690
391
125
450
332
753
528
703
150
19
589
727
698
208
329
140
412
542
700
129
621
90
42
396
292
296
461
691
742
729
95
379
780
429
499
344
530
438
477
501
830
73
594
44
510
7
708
777
521
355
797
301
729
236
402
571
291
4
241
652
247
255
768
227
65
7
36
572
376
163
264
357
635
811
438
362
802
298
777
272
656
74
711
439
481
260
583
3
159
679
257
355
23
613
183
646
47
23
436
663
209
470
307
233
394
326
193
61
300
775
434
513
623
449
403
755
463
159
228
667
250
300
36
265
312
20
430
28
726
179
421
300
567
304
593
138
282
286
166
390
396
333
772
751
301
439
433
516
164
489
827
420
748
482
472
453
165
679
644
581
379
582
378
41
610
48
171
595
457
723
658
320
314
812
166
232
75
557
785
151
531
790
415
23
430
502
498
580
138
482
744
364
685
308
128
458
670
463
206
87
547
600
611
487
169
637
426
646
321
253
239
542
669
332
520
218
615
600
211
483
760
612
19
49
365
1
203
88
506
357
63
542
685
517
263
525
758
436
221
578
553
330
748
771
410
27
362
359
521
52
122
808
552
300
608
652
254
372
738
163
682
648
295
586
730
240
752
331
153
78
181
651
13
143
116
360
395
742
571
641
775
387
90
251
730
141
787
70
400
517
117
651
322
13
436
693
711
341
46
10
178
391
671
297
780
623
498
114
3
55
702
61
659
801
15
473
263
165
540
143
711
587
514
95
523
660
102
19
94
201
358
562
703
512
135
810
330
30
470
480
480
661
308
222
779
1
634
759
5
346
763
505
468
696
94
816
672
96
529
322
637
331
396
102
699
598
21
674
474
745
753
76
163
416
272
16
743
291
590
334
185
550
301
254
606
544
326
657
166
238
95
180
709
68
658
155
682
418
414
685
58
713
525
357
221
718
783
760
778
530
72
548
124
778
538
239
329
211
458
300
761
304
384
518
377
285
422
747
340
366
1
749
308
382
617
213
596
28
645
420
695
546
119
398
189
216
698
251
676
813
653
743
539
313
117
735
698
268
608
106
676
390
17
221
701
57
19
670
575
388
218
523
396
765
423
59
312
17
402
287
6
624
619
33
782
588
464
709
460
390
132
469
515
104
426
456
488
220
534
194
8
721
285
779
52
14
636
212
432
65
39
89
224
472
202
787
346
37
506
467
819
688
58
375
315
441
260
87
591
283
512
31
763
105
613
453
300
3
177
245
732
457
617
432
654
808
807
295
183
747
82
511
415
682
124
791
458
111
348
548
542
228
79
106
621
384
638
271
593
433
200
544
48
736
548
817
153
785
609
492
561
639
683
457
617
145
262
807
641
399
661
231
367
227
66
194
551
55
232
691
741
622
79
679
267
534
128
817
610
437
279
436
291
755
460
587
148
578
107
170
463
630
292
60
504
377
634
783
150
661
260
24
525
527
344
764
312
545
112
693
526
152
625
15
163
421
388
22
267
728
367
346
788
810
377
608
796
689
403
474
218
526
183
147
178
349
827
86
256
228
107
299
698
619
522
646
525
33
685
22
325
760
142
636
218
191
207
816
105
626
677
690
427
247
395
291
718
62
373
667
135
811
718
298
724
378
357
261
193
499
556
73
64
70
258
767
163
125
16
66
252
359
73
819
507
464
688
615
695
744
127
192
211
465
647
207
767
391
606
40
167
707
4
155
775
357
247
342
607
10
746
800
121
152
497
145
723
790
265
580
519
663
464
171
648
807
558
393
728
382
616
601
562
708
305
602
56
291
603
47
418
745
180
407
528
648
604
374
405
751
260
203
16
769
49
737
160
501
447
75
748
58
586
736
491
640
468
452
171
6
583
164
654
669
209
253
129
105
360
715
13
808
138
510
472
268
158
464
169
578
732
209
744
306
218
271
510
730
677
312
92
688
96
669
439
124
450
439
704
736
136
773
270
295
687
723
461
292
278
488
732
46
449
800
353
473
132
226
363
427
505
323
98
564
718
268
91
513
691
737
657
675
382
376
449
332
830
536
392
596
102
151
792
709
821
644
131
711
124
790
641
412
609
536
369
262
738
711
568
333
383
596
225
760
81
742
720
627
470
283
567
447
702
267
679
96
178
305
330
567
391
710
634
536
169
188
593
362
711
7
146
737
154
542
455
258
293
165
651
329
238
658
134
663
79
663
672
124
571
801
342
773
746
120
210
318
816
664
209
560
75
748
135
638
570
79
241
798
810
216
355
61
286
395
502
79
247
159
478
217
176
819
705
755
139
599
333
236
312
402
678
763
374
246
13
348
237
184
532
198
384
348
588
304
559
87
653
650
48
180
789
585
827
399
174
12
616
353
583
502
667
131
452
54
742
757
12
800
409
436
443
288
591
484
142
378
608
625
137
508
768
813
582
224
40
150
703
10
630
601
324
464
526
341
532
778
292
14
110
730
383
338
303
606
252
692
729
817
106
633
205
75
588
80
504
564
115
810
665
135
266
237
248
785
382
421
107
775
594
339
229
370
217
772
501
754
751
510
98
192
666
116
198
367
572
218
315
611
113
783
147
23
247
232
766
759
313
678
734
750
661
285
284
433
528
550
568
648
742
253
329
41
145
711
402
651
121
58
581
285
219
149
489
787
576
111
348
122
370
809
166
370
423
802
49
769
826
288
786
560
703
815
382
163
495
432
262
704
530
414
516
666
369
228
627
3
137
203
89
208
739
260
437
89
593
269
466
594
20
138
82
736
750
200
433
483
170
270
473
756
318
709
186
438
206
642
165
166
344
550
791
266
499
5
123
176
643
590
618
445
15
518
817
246
537
298
511
475
259
183
650
683
758
89
573
133
530
763
321
559
546
64
274
68
434
80
808
493
252
268
562
481
715
666
160
107
138
332
211
446
643
583
535
254
660
255
68
656
316
564
549
422
808
690
302
524
179
28
363
279
804
481
712
526
463
476
695
373
461
455
810
633
335
574
457
355
283
702
457
244
70
804
415
564
665
172
735
148
219
174
640
462
48
127
543
41
78
130
671
488
551
614
424
741
534
766
786
11
333
602
77
120
498
98
536
289
357
256
731
95
63
244
324
286
743
541
621
90
141
383
505
193
418
30
717
97
583
547
133
788
171
588
403
180
99
235
207
294
684
78
425
780
363
629
566
27
623
574
744
278
789
414
732
743
354
580
586
584
589
346
771
530
799
186
147
281
795
121
109
712
717
621
158
448
579
35
437
309
135
335
320
703
15
54
785
96
178
57
466
461
588
658
611
762
257
533
244
225
765
339
480
11
2
143
3
350
141
488
216
141
236
390
5
55
131
760
155
44
658
153
349
391
466
180
40
400
185
382
157
575
11
434
738
716
756
80
698
782
544
402
696
451
213
461
218
652
602
103
677
59
358
26
305
688
570
169
309
440
367
721
666
301
346
399
319
415
726
97
140
613
72
134
488
251
40
796
629
613
783
160
163
22
293
181
524
40
450
194
6
653
769
303
456
402
418
750
135
227
487
424
364
292
132
298
108
698
790
505
306
628
346
496
54
624
94
567
613
506
817
7
24
558
256
8
800
625
654
382
549
804
584
473
268
483
397
472
199
514
454
257
573
540
289
647
624
464
787
282
113
154
812
436
8
818
129
170
578
768
204
639
485
41
470
148
91
240
308
531
789
337
215
217
549
356
200
251
797
373
4
405
585
202
562
392
47
510
811
11
757
35
186
17
598
368
246
822
783
242
47
362
351
491
31
242
38
51
583
635
776
642
170
490
663
810
646
630
762
573
504
385
58
573
618
495
252
223
647
168
410
512
713
87
768
2
430
670
698
262
552
694
219
385
800
36
138
622
102
281
810
689
110
701
641
48
813
256
65
439
384
628
210
289
615
212
680
360
534
676
81
818
758
797
169
203
271
475
512
328
426
189
798
153
373
477
721
234
741
544
46
751
516
500
418
736
464
321
829
628
317
342
29
121
299
432
671
348
551
170
810
60
234
505
794
263
575
179
350
671
808
568
643
19
147
572
128
408
317
480
442
207
16
629
475
423
406
761
610
557
725
242
173
696
92
577
265
34
646
496
329
262
155
643
133
327
764
649
162
653
54
765
213
509
481
497
442
222
814
517
49
140
260
668
12
603
257
623
225
110
474
57
727
21
619
170
141
757
661
173
345
642
701
325
591
612
618
353
246
415
704
420
377
596
184
377
292
168
48
400
313
78
324
234
657
533
606
696
29
174
338
699
738
407
261
197
756
224
82
444
330
428
165
538
654
821
502
80
820
61
686
763
526
130
546
783
479
175
479
557
288
107
235
609
616
539
410
27
469
447
744
164
230
62
601
450
808
641
163
292
723
485
582
207
748
627
712
87
420
492
233
626
749
418
675
544
353
802
234
510
355
729
568
97
155
181
141
566
426
160
666
41
263
333
170
645
487
595
92
670
231
296
530
439
180
636
290
639
13
706
105
279
294
43
399
255
525
320
192
184
315
580
410
535
597
630
621
645
754
235
300
48
685
763
456
168
253
247
280
565
761
719
289
231
236
591
34
507
155
660
415
732
730
267
760
188
249
677
669
443
366
612
756
208
92
553
348
525
203
664
572
361
751
522
628
235
754
773
131
823
19
759
593
800
137
245
61
200
680
332
542
795
236
712
567
113
768
549
547
145
485
609
350
284
112
483
433
15
702
801
275
419
736
737
541
396
783
267
219
680
569
219
765
258
13
161
635
418
683
454
704
42
131
17
418
101
153
566
20
156
416
661
601
161
181
653
659
396
48
580
303
603
325
401
561
239
651
455
217
522
332
747
681
770
86
600
631
173
462
14
329
630
514
111
319
643
598
612
639
264
476
301
392
350
496
413
697
568
282
623
289
430
322
594
190
51
252
86
32
375
533
354
111
599
821
212
367
58
407
27
133
353
761
618
796
122
449
596
514
490
768
123
726
758
139
568
535
88
479
87
760
187
548
510
99
113
725
127
550
686
572
490
534
230
294
663
272
698
385
120
439
400
661
483
708
360
519
624
235
612
682
114
516
106
515
411
531
139
165
531
789
780
779
469
476
785
103
300
47
587
626
203
248
634
295
716
623
460
693
755
582
195
430
503
764
104
12
585
467
298
693
529
98
740
82
445
206
340
220
66
9
155
150
217
492
127
572
266
80
460
393
211
134
313
298
790
149
23
756
177
526
341
216
160
646
379
668
208
503
632
79
568
722
559
140
31
197
15
343
112
81
205
631
773
715
761
455
57
370
365
770
665
579
708
287
680
577
509
89
458
82
571
410
1
185
389
370
579
642
763
561
548
645
73
232
139
791
332
624
434
340
622
696
665
70
412
763
69
777
651
809
571
249
425
104
375
611
365
580
738
65
757
282
219
323
571
23
345
334
467
68
45
465
682
678
619
32
232
238
260
826
61
342
350
11
641
430
361
484
509
648
237
715
21
648
99
774
254
461
641
615
87
513
408
158
185
94
328
559
822
448
12
359
154
251
595
621
331
706
740
148
2
293
480
537
311
60
719
224
745
202
646
160
520
34
823
545
333
712
228
174
438
250
735
398
70
313
342
133
659
183
642
702
679
65
198
362
678
781
159
797
265
717
265
106
738
587
98
62
476
626
339
647
619
39
777
132
641
632
45
439
7
280
268
34
378
92
60
658
249
396
779
285
110
490
443
673
233
154
619
667
766
215
479
819
632
544
52
590
650
678
308
434
572
722
614
550
270
548
5
226
76
483
126
489
673
616
363
389
558
535
487
227
95
327
129
404
336
584
595
112
484
460
421
169
95
717
764
1
94
828
588
581
104
605
16
411
766
109
395
370
566
3
9
746
308
540
175
667
597
709
114
205
611
753
762
228
463
307
140
108
2
360
617
553
711
356
331
453
545
434
656
347
616
361
794
275
802
697
314
687
192
275
625
301
422
797
498
506
319
636
30
551
396
70
249
532
474
133
568
273
230
181
412
178
627
163
586
702
322
285
537
630
165
259
574
155
728
652
573
659
550
34
785
683
26
612
490
793
464
748
257
543
637
418
466
179
321
631
246
819
404
490
91
766
318
448
529
281
359
27
755
182
368
599
158
415
804
757
471
459
263
85
639
144
101
24
705
362
614
534
792
137
126
16
60
386
744
325
678
340
700
396
622
797
700
364
679
271
529
413
810
113
312
633
464
203
355
810
389
307
59
457
320
444
781
382
631
519
279
122
286
575
693
637
135
377
374
699
45
581
714
203
180
732
348
825
277
324
434
251
609
587
440
504
495
354
425
78
805
461
623
38
709
523
100
397
558
742
302
288
513
284
391
747
493
22
609
9
507
217
267
437
726
628
457
648
582
572
4
719
564
586
666
500
562
673
131
86
344
309
19
687
817
214
617
152
83
380
597
522
527
398
650
185
177
571
262
527
418
325
180
13
414
514
591
630
273
454
208
350
750
555
56
825
600
282
466
777
390
577
750
199
373
780
237
73
751
555
782
543
42
321
277
517
724
364
137
522
298
363
367
786
622
524
409
657
348
549
185
483
516
440
478
363
350
341
198
652
555
662
234
430
599
421
401
814
593
186
254
145
100
696
101
1
808
123
492
306
812
461
620
403
38
434
251
449
561
70
776
277
114
211
347
688
626
630
230
792
647
544
381
172
231
401
655
546
723
544
270
265
184
570
641
134
558
704
730
775
546
325
735
407
48
670
375
183
607
447
420
699
120
330
711
718
827
304
503
298
264
164
137
167
619
791
702
564
634
743
109
461
151
797
341
14
308
212
20
521
309
373
274
389
64
104
748
485
665
519
658
682
456
524
23
519
9
247
181
458
530
493
351
583
20
573
820
710
825
537
396
203
374
92
50
797
712
33
719
451
296
197
661
749
2
334
213
597
515
525
593
181
623
396
568
351
62
809
584
313
170
8
240
486
754
84
431
527
209
403
12
221
544
18
380
114
9
331
134
299
827
728
408
666
774
604
516
604
724
71
269
489
221
424
305
585
458
820
7
750
184
712
624
578
777
738
296
273
572
111
86
151
553
18
86
360
7
314
575
480
446
765
310
79
452
156
826
751
54
654
429
433
337
784
747
108
350
232
198
586
628
71
541
100
43
827
291
609
597
166
144
674
171
349
364
346
89
580
701
680
626
605
282
3
613
369
739
198
464
165
202
123
379
546
166
667
757
345
28
2
506
529
368
693
409
735
710
650
142
42
564
324
78
689
391
225
800
94
411
741
504
759
270
544
492
357
22
550
649
366
796
405
226
316
454
706
687
203
49
369
716
565
729
399
619
376
455
681
243
496
791
409
156
58
762
773
543
519
229
387
644
384
704
95
777
330
303
162
775
222
455
468
386
798
408
90
547
186
433
231
473
165
629
74
56
531
318
52
342
550
434
722
266
739
295
336
559
58
792
571
764
62
561
345
374
279
433
142
261
141
651
712
477
456
552
703
222
807
26
311
447
130
383
381
527
23
445
820
477
83
222
86
535
734
474
219
693
581
451
571
330
830
18
527
375
489
55
491
697
467
811
524
394
153
379
640
20
286
316
149
298
144
710
135
369
799
37
12
812
158
270
701
12
719
73
805
475
608
398
329
645
280
767
468
560
499
420
81
574
255
123
71
640
602
696
118
396
334
326
74
10
424
398
290
676
645
710
364
293
87
125
195
670
384
305
438
323
339
176
382
182
702
661
341
270
210
466
421
224
223
593
197
8
590
578
170
11
562
414
614
113
669
11
672
85
646
321
386
444
764
409
347
400
417
548
234
469
635
39
254
208
456
444
59
420
334
46
87
828
375
300
317
184
236
54
32
355
613
442
33
284
552
217
481
27
138
569
135
5
387
582
143
791
113
151
775
811
240
401
438
724
156
335
676
302
778
136
558
529
476
702
817
386
557
633
733
387
422
256
240
536
566
778
792
461
568
737
653
527
356
530
825
254
688
542
185
271
548
555
508
760
440
585
429
530
215
779
623
813
280
385
640
490
549
747
95
291
440
739
103
90
169
472
750
697
417
331
778
148
363
191
417
275
611
797
181
464
667
330
579
473
774
388
191
36
593
194
723
214
115
464
783
695
654
684
76
531
680
269
187
798
130
281
207
511
168
740
724
172
299
635
656
458
182
764
218
472
273
135
424
282
292
388
219
637
530
502
155
636
30
679
291
369
739
380
254
645
363
373
669
793
453
548
135
320
780
658
443
192
112
677
9
584
59
253
292
628
73
373
116
90
319
180
438
578
2
268
645
230
628
628
432
579
541
525
8
472
426
48
307
808
588
220
301
126
330
656
332
817
568
691
319
363
591
452
327
168
431
746
772
491
183
268
257
149
340
150
468
645
582
630
489
181
211
374
399
56
748
482
635
183
670
132
270
274
248
692
51
506
764
161
778
331
64
176
75
164
307
133
7
385
570
383
704
390
33
592
240
354
148
127
476
768
133
634
420
632
769
709
804
493
196
484
690
257
451
700
591
814
383
561
595
504
599
46
41
228
537
340
815
330
592
257
755
655
412
441
582
167
809
546
342
375
623
122
745
522
691
68
69
432
162
188
576
286
253
782
322
721
668
61
509
790
775
529
200
99
606
298
542
85
241
457
312
331
304
411
25
200
672
617
698
572
235
272
791
148
742
13
512
308
660
497
782
87
475
636
655
7
713
678
207
780
443
291
391
458
133
207
646
339
580
246
449
384
87
109
252
396
399
75
436
682
376
641
589
721
467
539
197
482
40
454
509
74
820
787
48
515
224
214
235
141
741
100
807
649
12
406
494
434
622
594
674
70
572
382
289
778
399
374
186
441
306
365
466
6
220
720
627
684
472
484
607
94
294
320
495
481
803
123
824
30
394
147
824
472
382
386
8
11
404
183
734
389
751
739
510
627
463
522
263
329
801
670
188
523
527
582
656
265
119
578
150
544
603
436
413
429
61
754
178
365
767
457
293
431
174
819
245
815
793
444
55
509
152
797
310
140
625
521
419
200
735
540
602
550
520
420
735
534
728
492
431
224
128
263
803
803
518
96
31
666
567
113
261
456
104
396
449
331
277
72
735
394
71
27
490
143
155
763
473
557
172
345
264
692
484
698
722
385
86
598
272
426
656
790
304
679
473
4
124
235
255
327
436
30
809
364
712
563
81
545
26
55
114
603
772
35
112
438
192
112
259
587
608
557
578
726
291
25
786
342
203
499
784
315
628
786
160
718
570
371
303
89
380
224
90
73
533
395
601
30
303
199
746
535
566
335
615
523
532
674
464
457
180
161
683
138
93
42
279
553
169
813
136
692
368
213
823
101
254
6
444
625
467
730
72
182
303
787
593
487
526
812
235
18
82
486
216
663
328
180
425
503
406
26
340
321
261
404
25
278
414
559
471
125
58
688
337
679
303
258
252
190
626
501
211
434
699
659
28
584
763
748
619
454
563
647
762
83
232
725
368
513
357
74
615
118
823
153
497
518
506
279
739
636
379
767
721
326
807
197
185
208
292
338
575
125
111
450
542
334
31
726
28
173
801
339
665
145
518
744
15
757
411
177
823
425
436
234
483
324
499
422
126
401
570
10
781
227
398
23
150
57
90
275
289
753
665
340
443
120
183
182
506
619
394
791
385
35
113
666
30
778
57
119
290
325
395
521
426
815
571
348
562
297
602
796
585
317
585
116
494
792
96
813
126
767
80
178
24
98
491
165
500
634
527
708
98
96
388
505
538
163
217
764
712
496
154
379
316
723
52
384
295
703
326
108
1
656
462
739
361
403
353
813
272
64
555
259
717
546
821
573
578
177
740
523
404
276
753
49
706
95
58
582
816
155
738
559
650
536
194
578
251
362
62
813
719
259
624
332
714
357
608
492
277
627
34
357
56
415
698
404
775
268
559
243
390
620
708
568
566
426
143
12
214
520
541
502
573
19
533
630
596
529
255
233
704
805
576
287
751
758
480
472
664
145
198
183
351
452
72
168
104
415
597
597
369
673
349
790
481
436
602
87
166
599
707
274
408
720
498
319
234
649
717
31
202
211
178
463
165
78
193
31
528
635
262
222
296
575
634
798
672
305
307
471
167
449
488
300
633
130
388
715
586
515
785
73
420
583
631
124
172
722
13
45
472
502
120
250
408
147
548
56
92
273
532
796
507
249
306
555
34
37
379
312
349
726
257
348
277
321
233
645
32
557
162
726
20
551
345
809
229
418
239
155
582
193
111
822
142
199
344
777
806
621
365
428
637
276
670
209
727
60
657
100
670
177
459
49
138
282
733
50
668
676
435
569
387
610
376
112
97
129
771
555
104
240
86
547
17
299
172
39
203
211
393
754
83
752
727
189
327
678
452
31
360
197
175
150
694
530
202
64
548
499
454
828
397
55
240
652
266
226
680
512
411
622
529
297
198
120
321
688
791
694
173
817
91
609
271
151
613
377
636
24
553
724
582
25
43
20
704
468
455
647
558
55
10
95
98
701
17
400
766
486
397
718
541
64
340
681
276
638
637
802
599
685
821
168
460
134
485
510
815
43
278
211
49
486
117
771
56
99
229
194
516
559
590
718
343
300
380
90
535
13
695
369
230
364
543
448
256
507
648
789
492
537
27
12
762
726
283
248
650
475
383
112
287
797
583
223
204
287
623
284
422
163
113
689
202
792
549
469
685
186
234
159
130
382
498
535
830
308
452
757
104
600
68
508
355
561
200
743
248
576
822
775
100
809
2
209
423
242
280
150
99
440
789
644
543
297
57
141
438
814
142
67
463
709
536
356
780
209
179
597
89
361
683
195
126
406
807
132
462
53
496
272
471
558
288
260
502
10
413
164
536
439
18
347
153
180
48
388
477
145
752
198
782
415
421
103
108
732
295
265
440
821
13
633
369
600
783
761
711
659
66
331
551
143
439
795
17
215
651
336
481
790
717
92
704
381
364
655
157
670
797
518
401
457
118
613
825
470
598
349
556
608
708
134
510
747
516
165
731
140
448
144
769
24
348
333
254
189
456
604
559
735
545
41
757
784
525
743
268
829
343
456
373
354
209
548
78
271
308
529
292
336
614
245
608
50
567
329
754
526
738
320
281
310
680
231
207
375
549
256
631
77
412
282
459
491
230
500
172
585
265
175
338
285
291
697
610
94
323
759
504
84
60
314
472
121
108
649
340
235
36
112
475
268
135
743
517
302
300
673
608
122
616
471
274
411
139
546
727
391
191
479
290
601
134
784
497
131
772
225
445
601
678
646
654
214
208
538
506
37
291
82
333
243
215
461
660
20
740
401
358
21
689
300
669
369
484
138
69
510
309
786
513
184
275
543
291
46
619
567
128
141
790
579
354
37
436
573
487
104
166
53
695
404
214
42
19
165
453
368
349
567
120
817
191
364
494
699
796
784
621
804
683
62
390
584
71
390
434
670
582
399
160
533
235
789
460
298
179
77
681
734
671
568
379
425
24
683
193
687
653
437
103
363
522
373
450
802
406
96
18
282
538
100
132
442
256
695
571
410
636
654
659
15
381
652
766
270
246
526
58
636
373
396
756
266
54
331
593
609
432
220
747
195
467
286
803
782
531
136
772
756
767
780
315
619
65
79
738
701
669
114
293
517
594
305
722
296
723
830
360
196
181
448
187
733
813
553
537
534
781
279
714
19
829
77
273
560
697
725
367
343
547
475
213
471
694
373
830
396
703
577
105
20
244
823
591
220
323
171
436
105
668
476
683
13
167
615
83
484
689
333
528
435
204
821
264
595
769
463
335
517
224
533
276
306
673
820
789
213
821
397
596
470
511
628
607
303
246
659
563
391
647
326
271
621
775
595
72
430
602
241
308
44
289
372
343
625
259
70
630
259
356
700
483
717
384
151
380
88
392
131
578
202
210
379
446
13
272
780
747
72
343
784
45
647
574
801
70
793
58
499
308
216
66
245
379
287
196
497
590
23
371
321
73
171
512
784
808
592
783
361
671
786
571
664
576
796
454
196
30
548
124
466
90
41
162
591
323
507
815
424
114
334
544
366
171
398
769
561
700
434
830
231
630
291
16
521
332
329
48
75
776
808
527
32
107
710
161
32
305
346
715
64
662
398
603
306
457
247
143
528
305
272
439
799
306
87
149
312
511
411
205
502
129
539
21
527
359
498
287
95
306
236
583
132
785
87
101
701
226
647
587
640
659
430
650
153
76
375
481
721
579
136
700
338
616
108
473
666
416
448
120
785
127
25
427
321
274
627
630
749
40
44
1
116
740
726
708
328
473
203
429
547
128
247
489
512
129
7
464
53
25
628
555
391
600
682
420
770
371
85
457
592
4
542
261
666
450
585
610
193
795
773
305
718
219
105
214
136
486
707
239
669
295
767
664
761
173
64
319
630
437
206
503
437
568
455
221
320
746
724
562
66
474
470
407
375
767
155
549
104
797
495
213
299
655
342
31
191
525
683
493
139
563
738
617
502
30
798
634
823
83
809
532
685
752
148
181
141
343
238
710
143
662
320
482
537
616
16
360
705
35
327
802
621
199
336
527
424
361
181
18
49
495
735
73
221
186
273
714
827
432
469
9
756
721
203
38
260
508
192
594
183
769
252
540
713
301
545
155
401
653
403
11
139
4
680
613
219
185
613
734
587
324
543
447
24
764
98
392
525
380
549
375
828
21
614
76
453
104
348
193
185
703
717
328
234
818
3
499
610
391
192
276
351
395
649
567
306
79
786
430
196
751
387
30
650
362
575
431
89
508
780
653
343
646
343
616
721
271
798
504
582
65
402
788
741
211
503
175
369
17
408
269
412
740
91
144
745
397
760
797
735
111
323
420
218
803
710
382
663
150
158
347
159
306
736
532
821
757
464
2
720
376
435
229
262
184
625
438
402
125
360
348
579
166
297
338
171
483
695
174
721
497
683
11
770
488
402
477
251
539
709
446
113
113
79
766
177
423
342
158
515
469
549
515
234
566
244
661
685
734
38
32
528
51
589
150
604
615
556
458
444
815
747
549
685
241
239
519
184
133
760
514
549
626
673
245
528
198
443
705
830
12
161
143
641
80
587
418
279
90
273
12
355
303
166
324
781
493
371
474
495
256
401
174
317
458
556
278
129
36
369
238
718
688
218
645
292
219
521
508
611
807
622
76
725
509
291
445
794
465
430
694
101
619
233
277
812
409
542
546
625
712
657
209
440
566
316
68
501
579
111
111
670
152
138
580
309
205
193
455
468
112
125
16
723
73
632
386
198
403
247
478
197
312
737
677
769
707
778
185
805
42
618
379
818
733
257
366
467
398
566
720
764
738
658
190
512
666
562
270
803
307
458
106
693
328
809
120
67
543
748
164
18
488
560
753
44
312
210
821
763
546
504
548
34
55
115
499
653
388
681
758
473
96
115
600
272
295
593
338
696
131
109
176
508
66
341
42
774
296
107
448
773
267
760
580
793
319
474
527
716
12
124
191
175
701
376
29
605
291
632
233
302
542
44
404
110
816
829
27
166
498
138
504
816
452
191
110
525
574
573
780
91
645
151
401
668
682
255
256
673
603
447
413
576
641
489
713
551
594
307
300
648
584
42
782
806
760
53
584
83
189
597
321
143
506
285
721
81
602
792
213
332
364
293
724
404
185
437
135
179
689
721
503
55
129
540
514
16
643
744
687
226
618
716
84
633
65
648
697
117
82
777
667
32
232
246
44
262
614
294
98
518
648
410
255
88
492
43
630
605
773
448
696
425
544
490
372
40
205
575
266
150
622
573
657
423
531
434
819
126
514
304
184
189
33
115
127
718
45
145
427
742
465
49
345
723
513
526
750
257
284
299
29
755
502
783
261
643
463
417
702
577
126
722
190
185
332
584
45
807
582
70
411
8
198
125
353
493
476
417
265
643
450
132
493
436
673
488
650
573
120
699
384
242
189
671
73
340
269
499
639
34
645
797
243
253
474
416
800
522
164
239
755
527
645
58
618
80
689
299
656
382
431
468
311
147
28
410
504
277
673
791
130
173
304
496
632
25
594
424
174
640
585
453
136
280
426
280
655
571
769
309
607
586
330
174
244
482
588
395
362
115
414
656
433
320
105
99
761
181
294
197
785
461
234
30
179
417
474
542
242
663
360
545
333
245
669
687
540
48
684
670
574
149
310
420
136
324
385
165
658
61
798
818
20
236
781
704
690
518
292
766
127
817
675
636
577
588
302
35
212
675
298
407
790
398
523
451
132
138
66
736
342
456
513
73
271
364
635
345
358
823
239
123
669
822
228
359
603
629
787
356
697
181
545
442
693
734
244
574
582
680
335
360
727
787
515
512
509
228
814
571
295
828
603
14
652
780
68
378
101
766
55
683
771
289
242
465
349
758
72
707
384
153
442
603
376
327
601
801
131
155
364
72
26
242
755
589
762
193
175
391
11
283
742
370
784
579
581
512
32
699
814
714
636
91
823
50
12
533
665
738
774
719
327
446
524
111
498
441
174
603
566
659
403
406
725
496
396
237
726
256
14
373
187
641
215
143
7
535
648
394
818
221
735
631
90
550
613
682
641
693
289
252
160
504
165
106
149
301
320
724
561
465
234
91
332
640
595
610
372
586
445
569
523
83
316
346
507
581
658
409
61
310
598
61
222
73
106
311
197
287
102
135
33
566
706
493
726
627
470
225
733
280
509
33
637
691
581
112
175
815
746
297
538
410
34
537
810
157
639
798
352
349
654
324
64
451
294
303
746
279
726
18
337
539
414
289
765
753
253
222
631
218
141
704
129
159
586
323
87
649
534
49
56
130
222
789
262
15
114
225
386
530
768
306
424
417
441
256
829
68
806
781
252
473
202
262
136
780
703
427
789
284
37
780
112
56
302
189
587
493
409
258
16
459
271
460
331
659
93
221
387
219
303
162
295
786
668
69
265
803
659
280
768
142
283
343
369
34
575
621
3
418
815
467
642
721
596
799
203
694
534
349
743
43
50
376
749
364
143
13
695
198
680
427
262
38
503
485
699
625
691
235
197
396
219
502
522
71
292
787
712
47
350
444
79
146
339
525
307
716
270
3
263
209
219
646
162
372
422
143
653
28
782
476
80
499
231
334
673
94
611
528
206
63
792
615
90
633
825
429
455
780
201
147
502
685
39
45
219
82
102
127
798
390
587
56
632
519
10
776
263
446
108
373
680
720
318
807
404
446
439
323
398
337
523
131
636
694
803
478
332
109
112
544
466
472
749
400
731
11
783
89
94
327
623
165
477
269
490
265
209
353
197
720
319
135
603
553
549
177
772
27
649
501
495
543
679
794
416
6
96
273
402
253
777
651
608
4
298
300
463
686
614
340
249
86
385
716
498
590
499
13
149
563
267
80
685
329
100
22
785
503
449
756
237
160
19
179
273
228
299
190
418
55
388
803
421
185
575
281
781
488
268
253
199
720
291
440
310
569
192
789
39
126
818
328
504
588
609
130
366
68
791
183
114
26
430
184
607
809
682
183
781
538
526
290
237
753
665
306
295
44
648
35
28
297
236
311
441
436
88
315
274
735
550
622
757
240
684
475
99
673
373
330
661
230
19
206
34
715
340
174
374
764
533
156
802
406
321
330
818
379
397
647
712
10
130
605
525
806
711
463
794
482
57
392
149
801
309
568
89
377
727
63
92
77
152
133
184
588
228
319
715
657
360
344
518
374
135
793
21
382
384
611
445
37
511
808
163
129
830
348
19
550
485
823
730
708
639
615
68
498
591
542
171
334
571
443
717
502
202
312
617
103
602
562
77
159
59
529
784
613
138
639
229
368
310
561
21
526
644
12
334
432
559
657
732
452
557
98
712
7
314
785
675
163
318
119
620
124
202
602
602
48
668
709
704
70
472
717
41
586
503
385
82
212
461
587
227
283
669
667
794
433
420
718
481
174
810
145
615
228
711
59
483
195
154
187
791
37
365
468
503
123
86
440
277
709
234
682
7
339
718
593
655
828
344
290
501
601
413
449
165
319
55
566
500
445
263
8
544
798
137
829
772
492
59
491
227
385
340
69
445
712
225
15
296
653
828
349
20
256
300
752
300
266
475
126
287
451
168
389
281
725
274
283
258
210
487
166
555
626
26
329
193
613
296
542
565
40
788
97
148
357
394
468
294
276
124
679
396
563
690
423
454
619
512
406
780
121
486
31
184
450
458
598
824
115
819
393
623
663
99
594
351
4
306
238
148
439
56
350
360
84
187
355
731
292
716
607
616
460
177
371
747
395
128
415
23
768
479
408
816
435
677
760
527
264
461
368
700
155
18
112
446
81
538
38
697
502
147
176
563
221
50
241
656
106
511
248
535
779
720
552
263
515
283
648
140
405
425
196
199
136
447
50
533
225
75
826
122
278
577
806
640
742
268
484
636
201
100
640
260
290
95
54
598
216
456
169
205
758
780
726
11
661
658
689
451
565
678
2
455
403
538
581
548
127
321
492
191
657
738
457
54
2
289
367
294
53
143
316
442
424
765
502
780
654
92
262
198
433
454
448
762
376
393
323
603
9
299
590
758
368
639
492
681
432
704
322
738
321
84
686
504
596
81
352
746
69
141
211
741
23
783
794
254
649
372
812
211
442
344
74
59
22
289
801
670
480
702
191
177
246
505
127
34
175
403
518
455
647
350
33
200
743
554
172
346
107
658
76
590
613
654
736
588
752
211
291
745
691
411
32
824
739
239
612
451
411
394
658
597
751
563
516
406
704
213
720
670
683
388
268
213
440
698
346
492
334
284
667
523
464
145
808
721
406
569
61
761
612
254
772
130
696
252
640
291
593
332
257
693
453
566
161
424
146
788
269
565
182
736
807
32
794
78
629
428
770
125
573
191
159
295
299
675
729
775
617
387
279
266
563
823
153
123
551
198
371
757
774
108
108
415
154
526
74
783
599
309
766
129
508
402
5
642
511
11
720
621
699
422
640
557
652
127
13
242
375
317
302
166
374
566
314
545
619
513
136
610
218
447
16
619
811
494
286
721
394
280
623
63
650
268
304
669
287
110
489
27
674
426
152
205
93
770
67
198
150
384
730
461
550
423
501
356
43
359
500
744
681
508
697
2
595
111
30
703
327
772
786
668
765
513
829
253
694
202
789
458
87
41
287
333
471
347
33
334
37
170
217
299
255
8
33
386
347
762
478
506
790
499
86
110
317
674
724
755
134
358
156
822
576
637
720
671
501
32
237
476
808
53
107
191
828
552
519
62
251
589
333
48
765
35
596
680
222
688
653
666
74
365
100
796
494
105
11
210
330
401
306
602
291
473
600
212
216
650
497
494
12
547
799
348
413
511
494
36
144
765
701
671
402
823
415
228
387
380
6
525
314
514
226
381
168
490
724
520
95
536
646
281
451
277
121
300
679
591
313
367
403
655
710
135
694
657
272
663
491
213
319
57
42
105
748
476
309
77
449
273
375
475
2
199
733
213
429
468
217
706
413
216
353
57
476
298
605
614
812
555
206
65
796
457
286
771
167
221
54
359
243
638
236
284
689
296
468
769
45
323
791
759
771
111
546
40
354
134
463
270
77
381
335
386
6
549
551
156
689
267
334
818
425
191
557
318
564
695
312
433
282
148
801
579
676
734
773
425
402
144
309
772
710
465
430
128
153
744
120
566
387
361
231
591
154
767
106
336
546
673
739
580
820
374
796
693
126
643
566
599
822
703
442
681
25
531
829
5
72
11
649
413
295
38
140
117
579
570
632
119
798
305
712
770
684
398
319
829
18
618
808
762
608
127
341
542
771
137
119
655
505
692
25
569
70
613
271
262
716
162
403
6
251
358
302
28
452
667
98
165
654
247
416
670
113
242
663
357
461
809
22
176
681
508
93
508
273
430
272
540
170
282
465
697
189
60
588
631
826
479
86
569
157
605
669
484
608
203
825
645
567
604
571
25
489
640
450
182
797
307
414
318
626
822
523
553
74
353
610
395
265
755
586
213
84
247
757
796
16
740
6
817
262
691
728
805
462
220
623
119
245
414
718
478
617
150
144
411
209
389
829
214
378
294
784
293
745
688
372
388
450
618
49
256
321
259
250
161
214
671
621
282
373
235
776
442
489
153
72
400
384
628
536
606
114
703
49
99
115
423
139
196
392
526
232
790
648
392
387
493
402
146
696
153
635
745
152
589
149
678
43
663
160
228
38
368
537
590
737
121
548
425
143
440
796
409
449
389
784
121
538
558
483
53
714
797
268
753
145
483
259
173
189
793
432
164
481
169
578
55
233
656
362
145
698
436
729
497
598
586
704
673
673
449
722
256
276
460
263
583
160
199
187
446
131
816
254
408
612
609
25
426
821
479
332
272
327
499
361
346
709
321
274
495
151
19
771
335
657
156
756
33
685
539
590
314
290
30
477
356
348
551
87
142
241
807
394
605
300
410
482
317
435
62
567
447
328
41
676
34
240
541
440
250
617
142
547
486
418
365
447
737
381
285
604
659
54
42
349
242
815
169
462
553
158
344
752
564
120
552
183
625
715
556
473
630
801
119
806
120
380
40
361
777
558
108
697
279
294
417
39
555
565
458
795
290
773
278
193
151
94
791
600
88
46
438
167
587
224
167
619
756
338
783
481
440
714
347
26
357
743
726
166
701
109
485
61
644
166
105
633
498
643
486
166
66
568
705
178
278
809
516
218
394
429
152
507
523
224
316
363
586
113
138
763
427
685
24
529
536
368
386
676
44
356
269
386
36
657
457
2
689
830
16
611
646
716
643
287
707
324
637
399
820
315
466
647
144
81
267
493
271
439
176
584
550
649
163
144
154
117
500
244
112
237
271
675
45
589
744
235
304
36
297
519
724
191
324
81
571
23
762
544
476
613
794
700
389
408
334
523
223
506
359
348
266
599
789
677
249
428
625
225
321
4
588
791
823
376
235
230
108
191
707
637
562
812
213
579
473
133
536
209
659
562
132
40
226
566
257
64
1
94
139
721
289
85
504
95
555
469
461
327
93
411
819
277
276
130
550
2
389
750
510
376
432
65
294
453
78
741
248
531
803
116
618
715
87
764
318
253
223
164
6
222
257
310
795
109
210
764
764
294
726
36
441
717
441
409
723
450
717
436
660
818
187
820
78
467
737
651
717
277
68
798
255
436
715
778
280
494
511
560
314
139
781
59
34
4
157
98
478
300
240
390
36
688
768
747
636
69
468
309
175
533
554
370
414
644
354
336
110
492
120
142
70
17
319
358
57
519
279
770
785
259
524
416
65
165
779
380
781
54
741
131
124
227
619
730
825
411
13
107
464
253
163
557
274
400
420
365
253
791
517
381
283
330
680
330
674
490
607
385
231
494
786
519
515
531
111
148
127
713
292
557
233
57
252
451
209
182
572
331
301
243
383
403
289
594
254
639
607
426
130
242
351
527
332
357
637
545
564
697
558
750
699
486
207
808
383
512
828
651
43
231
568
654
234
743
261
312
617
799
471
530
505
308
233
205
184
321
550
67
545
745
784
792
644
190
752
434
804
366
169
208
221
565
160
667
304
772
296
58
370
608
773
684
178
422
374
299
181
422
395
401
108
34
708
699
46
779
350
398
506
637
480
1
35
605
536
649
253
599
316
146
738
701
732
434
347
736
241
612
77
552
318
791
819
283
12
763
148
318
372
592
618
738
322
484
401
97
454
35
146
483
628
416
659
645
633
251
571
554
675
242
731
244
487
94
524
399
705
115
661
782
494
698
487
340
711
725
144
313
603
475
147
534
323
158
722
502
717
754
174
305
631
9
621
287
556
11
272
552
507
236
323
387
345
136
92
591
14
658
529
453
804
68
414
619
422
750
427
787
555
683
737
745
499
544
441
67
399
646
395
27
612
584
171
605
279
342
303
618
316
627
178
473
273
398
333
670
565
306
167
21
48
618
725
215
183
169
777
659
104
183
586
744
400
267
617
221
268
60
72
279
285
221
1
347
561
686
182
596
46
306
351
5
48
94
91
345
487
804
46
374
64
238
199
667
173
508
116
750
686
337
488
810
742
260
154
684
128
303
58
698
449
40
497
431
671
770
432
364
428
774
821
636
620
375
101
537
818
329
186
373
789
633
414
113
53
427
695
97
12
699
761
797
301
152
606
184
41
452
138
249
686
794
562
775
595
153
585
776
604
713
760
599
198
816
11
318
451
464
312
320
513
126
206
787
810
708
54
703
636
11
716
451
296
495
372
392
402
691
142
427
687
828
389
500
735
788
700
532
755
419
637
702
550
512
338
290
30
47
203
296
817
147
670
289
43
225
201
86
277
155
290
711
11
381
668
246
57
25
471
261
521
397
382
45
484
469
712
273
602
451
164
614
208
775
191
89
593
194
136
88
139
529
613
484
80
708
176
282
745
721
712
750
626
150
827
659
38
822
638
610
827
116
760
811
694
227
540
73
627
69
223
695
287
745
553
770
23
300
707
22
348
379
765
245
825
102
171
485
682
443
690
265
273
159
252
378
41
410
823
321
686
436
87
193
559
313
269
106
477
669
312
565
485
430
592
250
786
18
130
318
188
744
632
370
505
749
106
424
480
173
390
501
588
624
520
512
231
596
628
421
355
597
525
221
699
470
414
825
798
88
282
307
642
826
59
93
48
45
649
489
372
105
520
101
68
291
735
266
709
257
688
782
97
498
164
707
364
66
145
820
106
515
136
473
746
261
144
717
597
529
815
138
17
134
471
517
392
148
541
41
273
77
437
775
829
190
566
188
421
235
265
303
758
91
219
222
154
456
276
454
330
137
213
632
428
211
691
271
735
54
143
760
29
535
654
599
388
626
609
479
614
282
508
96
150
535
431
676
384
734
379
239
227
113
270
515
36
723
713
246
27
99
804
190
31
674
445
453
642
5
167
495
589
673
167
12
388
525
105
288
661
291
206
554
68
38
255
14
393
149
670
190
247
7
661
786
357
538
328
512
679
661
751
726
375
240
711
64
634
332
7
558
320
561
146
495
99
196
256
21
184
184
619
814
229
241
484
491
30
188
796
492
766
70
150
294
311
17
789
334
694
298
313
330
719
472
579
331
469
75
508
285
559
140
448
475
704
121
58
610
52
254
827
497
330
352
405
110
224
427
207
364
325
571
266
377
509
171
799
268
184
637
37
666
612
795
538
498
341
313
239
715
682
710
281
219
411
99
734
511
145
599
468
348
560
323
826
193
56
78
525
365
156
627
708
799
610
740
105
822
610
769
104
198
379
403
25
456
103
430
191
650
234
768
536
142
500
17
585
773
572
582
372
625
2
552
488
811
523
306
2
784
292
92
386
544
532
43
663
597
634
215
678
517
10
173
176
654
576
135
638
335
618
163
173
246
768
792
202
411
288
24
437
347
644
804
637
431
62
51
275
699
570
821
674
529
132
689
122
674
18
579
568
496
330
209
373
346
16
597
635
552
394
596
75
28
698
215
573
669
43
250
251
559
664
280
48
686
771
36
736
38
542
688
501
347
536
366
330
257
15
372
304
364
524
230
16
367
544
511
409
797
383
543
179
753
261
433
285
291
135
681
201
592
708
748
139
647
237
498
830
180
362
174
36
336
408
559
444
616
478
437
290
510
197
54
619
14
152
412
53
583
47
562
290
111
334
49
714
196
208
716
579
285
648
499
706
596
203
147
84
448
814
75
817
520
733
473
71
83
492
824
615
781
314
636
790
219
66
522
546
215
258
197
166
520
378
105
583
236
553
345
294
19
270
11
113
653
417
750
348
622
470
755
523
742
149
64
98
76
575
814
5
473
535
303
164
479
113
639
294
43
753
740
746
608
11
334
624
467
226
487
553
464
134
413
705
66
176
107
185
700
661
73
75
9
516
748
102
676
471
279
774
490
12
455
130
695
375
737
597
770
708
661
805
255
548
427
601
80
412
292
302
515
412
691
214
287
395
829
179
348
103
67
551
446
30
410
195
547
822
490
600
501
159
174
460
48
679
732
728
821
357
524
190
318
73
30
732
363
231
129
84
70
822
606
502
490
156
795
569
666
697
775
605
307
125
822
643
721
720
603
526
775
706
546
356
734
341
6
242
697
288
345
18
588
585
759
614
573
595
465
703
161
230
233
53
94
284
536
612
177
534
804
209
628
227
290
409
139
729
674
792
234
97
32
736
491
226
179
780
741
712
482
43
654
818
478
555
214
346
773
477
145
706
584
378
445
245
414
621
173
787
447
130
7
619
349
228
683
70
305
346
484
250
506
826
593
411
341
169
688
715
36
559
583
160
663
272
257
48
551
683
160
311
138
556
321
258
71
562
112
422
171
586
139
795
544
503
299
168
386
225
288
79
775
492
541
485
83
355
479
514
150
777
175
639
537
216
257
581
277
20
204
298
355
110
762
670
213
725
680
74
394
439
471
161
334
795
620
476
421
637
74
760
807
384
792
186
764
520
298
66
36
682
537
754
617
397
413
436
292
232
378
60
451
235
147
351
206
448
155
182
555
303
692
559
181
517
814
284
407
259
760
445
362
152
164
21
2
261
134
807
329
686
139
820
746
312
546
237
193
579
152
501
360
680
496
273
335
400
407
37
79
430
487
545
155
194
760
542
95
424
310
157
747
512
309
487
22
87
813
452
70
400
459
418
513
584
331
552
103
464
84
761
80
782
739
98
814
135
583
401
178
240
399
405
408
541
271
21
685
471
826
97
497
824
737
309
567
652
435
53
49
50
222
632
533
383
828
621
387
94
703
293
490
88
605
19
477
661
305
637
87
735
146
806
375
776
209
68
617
613
78
475
791
239
371
207
717
353
186
342
62
496
4
373
21
130
432
369
268
473
186
90
427
633
101
764
462
204
514
445
816
314
273
137
433
383
802
445
326
785
86
272
169
66
12
649
464
399
200
752
481
395
270
445
477
546
514
57
661
766
797
195
710
751
763
596
12
42
815
339
771
448
540
615
697
57
770
671
209
229
267
164
726
125
317
660
93
73
670
805
116
680
155
177
664
251
554
642
736
229
191
50
713
624
175
59
245
611
124
811
329
485
130
453
731
626
90
496
649
604
528
586
137
344
403
374
567
230
585
199
179
787
136
284
28
713
795
464
820
30
703
551
213
225
785
1
165
328
52
369
750
47
164
676
482
140
336
4
783
293
717
379
475
250
569
158
731
89
118
362
677
723
115
273
809
443
519
642
406
724
252
118
738
580
74
318
1
548
396
697
421
365
441
155
808
182
290
323
439
55
704
382
723
43
643
38
719
270
36
216
171
205
1
144
95
677
110
407
685
769
550
417
592
584
389
784
26
97
597
63
183
614
582
18
611
99
297
299
377
733
79
711
44
733
340
13
508
382
60
366
478
550
303
607
642
784
338
129
437
365
759
31
830
41
301
244
74
87
675
6
417
374
634
371
439
2
575
705
443
779
621
349
741
345
348
728
750
531
299
188
139
464
109
212
277
681
814
726
538
489
176
246
435
657
527
166
444
31
317
344
232
636
400
569
682
743
706
316
44
605
183
362
160
88
434
523
55
460
406
655
310
359
313
145
135
449
716
794
830
209
551
48
495
597
683
139
183
631
24
555
680
198
824
764
591
442
499
193
765
521
815
269
746
510
748
511
529
92
83
504
227
494
664
205
127
205
438
446
224
416
411
49
422
327
335
92
522
150
442
797
688
715
109
663
356
809
693
627
285
762
627
713
400
784
526
331
672
281
178
717
384
715
807
790
187
509
561
391
509
717
136
512
755
467
818
788
773
647
653
680
37
759
653
719
205
65
95
599
52
525
42
722
201
288
782
358
508
556
537
552
279
253
423
365
342
53
666
167
88
765
263
470
173
5
15
360
677
352
25
178
222
773
94
376
760
257
411
96
348
755
267
105
460
558
650
35
547
717
604
826
629
828
774
114
616
53
261
616
481
325
250
252
406
191
468
438
129
441
34
560
487
19
642
600
536
359
260
588
626
533
530
24
252
596
415
12
482
309
363
142
604
677
354
434
393
193
652
660
659
562
594
97
477
414
90
224
574
396
96
145
788
558
474
731
825
772
707
108
586
131
565
368
533
46
640
224
164
468
281
742
42
784
302
245
781
628
671
13
656
93
97
202
365
786
790
616
6
591
495
74
529
721
167
745
586
180
752
808
717
301
804
133
341
616
273
754
419
578
163
37
705
139
817
238
481
229
290
793
42
627
204
570
621
285
267
646
605
395
198
653
429
642
712
214
327
705
537
222
248
402
199
126
318
173
509
482
285
282
801
557
330
324
144
815
270
437
800
261
554
248
78
205
818
428
314
134
442
477
778
154
308
339
493
126
2
410
827
77
139
264
470
451
173
595
488
243
711
341
504
676
387
122
126
191
43
785
505
460
741
721
676
634
595
5
219
709
237
731
7
729
578
51
334
262
198
730
517
817
354
149
334
166
815
185
359
99
812
662
804
351
683
480
105
379
272
251
784
70
619
86
327
245
263
4
17
468
367
708
688
158
238
71
796
91
24
436
18
192
749
391
252
527
785
743
504
354
249
300
254
111
15
188
16
179
102
662
181
674
423
110
103
773
553
607
771
273
355
573
723
237
163
448
270
601
686
599
36
577
423
308
520
693
641
292
270
503
269
281
795
765
37
575
582
516
715
378
727
490
35
605
119
672
346
650
807
617
127
590
314
714
599
30
621
6
443
793
313
337
356
747
72
625
453
93
237
84
10
187
40
444
553
593
783
768
736
216
113
760
266
151
112
13
311
522
596
584
111
372
263
466
504
523
331
77
590
60
395
138
48
422
33
547
230
485
134
482
210
189
331
395
232
257
129
425
470
745
324
197
665
165
747
98
608
602
555
756
303
381
777
791
602
391
446
318
433
724
634
181
305
185
530
636
293
368
368
605
466
677
678
771
207
15
5
486
551
671
544
697
425
628
461
539
804
16
505
448
256
156
198
224
713
147
775
826
560
166
214
331
15
414
81
633
182
319
292
565
402
291
563
448
278
121
287
705
802
644
670
773
16
639
360
351
72
751
87
257
263
434
199
526
672
555
59
717
630
54
30
324
723
388
639
152
663
480
819
149
45
50
802
226
315
87
735
214
165
154
505
464
787
435
325
723
751
301
769
66
188
70
92
624
557
641
525
545
425
203
418
749
781
320
628
538
811
78
319
552
541
785
350
334
245
564
333
585
540
384
189
15
745
448
477
429
77
731
324
777
508
132
488
481
752
137
809
754
105
707
816
580
782
424
182
750
489
249
588
655
267
653
28
761
546
357
670
382
789
387
271
248
622
258
2
382
193
824
209
740
446
549
525
571
669
479
150
421
789
540
803
684
180
581
739
255
817
705
207
795
217
329
652
586
227
412
144
478
551
669
441
430
256
605
623
137
539
390
329
692
111
799
35
616
716
295
333
654
608
494
547
161
82
447
666
579
675
502
197
805
573
152
369
182
413
195
273
478
347
744
737
91
825
815
44
283
699
124
169
187
557
645
261
204
202
135
428
316
162
696
744
567
86
802
130
757
290
551
95
672
13
427
824
802
658
728
619
243
418
482
19
666
319
228
65
121
472
632
344
99
134
662
362
807
781
730
277
205
331
184
380
293
373
119
571
644
690
436
235
389
419
133
476
241
234
617
344
245
287
316
166
601
762
282
758
808
343
558
107
51
59
443
673
250
517
423
677
259
774
365
33
825
705
35
655
552
485
95
375
750
766
405
689
815
355
329
570
33
543
217
778
239
640
151
822
161
134
11
445
1
128
588
447
251
789
745
176
338
122
172
747
549
273
291
71
105
777
615
311
26
565
503
155
523
520
582
85
458
12
164
634
362
157
564
89
594
408
692
581
469
241
82
785
337
419
104
377
314
470
820
215
156
746
401
138
698
683
503
144
457
294
573
621
799
305
803
431
226
646
144
788
586
8
775
762
122
275
622
245
432
669
583
291
489
480
231
668
213
100
225
411
609
215
683
157
811
267
4
309
138
823
57
557
660
266
458
155
198
742
719
294
177
133
257
739
68
55
490
743
687
479
458
814
620
475
775
648
11
643
37
373
640
354
417
301
508
293
463
355
216
255
270
752
614
244
137
641
129
738
285
251
87
208
818
380
797
617
611
512
650
718
446
168
445
337
815
531
360
155
67
252
563
171
153
306
658
625
457
587
489
162
204
346
176
482
525
29
566
484
804
79
387
407
234
619
16
70
338
675
761
85
610
37
451
458
298
539
743
122
84
372
822
678
596
700
251
808
52
172
384
682
310
299
340
814
493
563
690
206
56
258
36
131
229
815
826
717
335
352
68
758
590
324
775
48
32
366
799
587
519
106
289
634
579
80
173
81
446
552
58
778
774
818
337
508
489
422
50
289
448
424
552
564
337
125
163
504
828
495
150
641
779
368
369
99
564
228
520
634
201
75
251
679
552
320
198
613
264
221
756
758
473
38
1
70
598
227
350
635
363
569
46
619
162
660
523
460
751
497
180
390
194
14
596
761
652
177
230
138
517
179
339
132
328
220
638
695
730
665
825
758
184
767
768
239
274
800
797
282
629
754
114
192
420
434
221
186
530
139
357
760
746
756
417
732
788
604
384
498
101
413
452
211
599
537
395
69
189
701
794
285
619
706
606
696
202
597
38
352
95
600
5
336
176
611
239
126
325
714
132
32
598
671
336
458
191
575
96
557
398
315
247
24
700
548
705
438
106
176
646
687
243
317
548
6
791
236
196
428
569
451
536
328
248
124
234
536
793
651
650
672
389
154
305
106
713
378
212
379
572
423
433
530
697
768
625
237
420
446
569
176
34
75
316
301
56
490
661
160
367
31
699
538
547
113
280
211
83
12
21
45
155
575
347
355
756
30
467
125
39
825
618
147
392
155
197
807
597
538
141
120
72
654
751
810
390
588
120
18
622
773
751
757
430
307
548
649
11
397
391
38
379
822
381
117
544
117
670
719
225
397
517
767
824
91
404
476
523
206
576
603
731
462
530
287
418
673
88
488
587
348
344
315
389
58
324
75
403
721
459
467
734
721
22
338
749
566
83
813
120
16
582
91
67
529
771
404
491
579
769
666
198
648
560
165
630
726
429
381
291
747
563
262
480
594
434
348
648
386
745
789
724
431
465
551
64
741
792
233
406
442
315
537
138
362
24
269
175
520
500
56
353
334
141
285
51
159
292
193
71
319
803
148
215
350
163
225
558
256
95
731
35
723
587
622
200
305
406
177
188
660
70
475
208
290
172
760
684
335
691
789
589
129
706
48
524
779
268
429
672
337
243
646
763
723
674
195
407
566
786
403
313
204
55
194
100
322
463
223
432
697
160
123
317
766
356
601
785
459
273
429
617
714
287
615
24
158
682
353
605
709
244
83
783
226
256
493
172
250
562
747
101
132
345
525
646
443
653
252
762
196
306
315
666
667
28
613
398
614
241
89
787
134
192
164
129
96
535
52
400
556
574
822
588
571
605
352
22
230
186
427
216
654
611
566
220
552
572
306
611
223
250
593
35
802
119
282
417
394
572
175
736
72
204
814
582
325
43
830
10
101
204
441
344
777
536
247
105
165
485
329
488
569
31
504
86
258
322
470
5
533
43
770
40
427
447
248
802
172
821
712
454
235
580
670
292
779
517
167
212
761
398
129
24
273
674
131
552
222
287
666
531
719
601
731
718
703
178
614
615
226
27
117
578
145
809
528
650
311
573
295
694
400
707
719
166
429
636
810
433
485
673
372
567
788
309
646
707
652
299
394
115
394
290
638
703
700
719
701
494
144
340
250
72
162
607
261
722
51
253
473
237
128
346
15
96
689
734
47
660
305
269
87
299
764
330
370
430
818
721
265
659
510
279
725
817
507
799
666
789
430
223
798
139
305
471
73
711
91
688
471
329
809
798
733
191
725
251
770
185
30
599
529
741
802
386
308
359
499
202
557
521
426
338
378
72
551
464
389
219
337
211
71
750
570
452
538
378
586
66
656
291
484
471
53
312
384
129
813
481
435
249
556
642
717
489
389
143
588
450
614
799
658
523
404
238
525
282
723
760
232
616
133
380
341
665
523
270
578
207
129
208
78
354
502
48
597
783
706
170
807
519
699
235
690
752
558
152
626
679
288
786
798
778
330
651
483
567
243
222
468
768
563
255
200
768
46
276
350
357
454
70
718
106
78
451
237
710
220
769
587
201
361
128
67
527
539
488
187
678
455
138
148
533
20
586
241
377
772
818
262
359
244
603
264
291
681
625
39
660
623
755
543
554
763
661
196
48
591
318
307
339
621
529
437
406
46
580
268
62
173
334
697
460
215
194
571
824
122
466
546
44
126
446
761
323
132
489
235
97
170
454
659
406
457
529
141
633
455
613
651
245
155
71
480
694
255
624
392
404
346
294
750
586
752
268
448
657
625
378
154
580
773
513
530
463
234
632
176
610
288
97
361
564
1
665
724
786
567
24
492
457
793
191
282
644
695
744
489
442
102
745
507
699
10
668
87
193
723
613
597
343
484
51
822
680
573
82
118
394
686
527
285
619
407
587
168
525
776
113
377
87
768
282
176
93
1
722
362
725
67
260
572
83
719
325
592
195
500
264
383
296
415
64
302
27
641
539
233
130
306
243
161
535
824
258
455
628
494
536
205
33
62
756
358
364
591
553
26
609
127
96
113
48
84
174
643
235
222
778
638
511
249
399
466
314
785
599
198
217
631
134
780
632
714
699
439
552
230
679
182
365
420
721
648
193
763
204
228
711
693
638
16
214
13
683
29
418
798
145
793
707
299
766
200
664
346
473
144
30
599
298
571
648
61
73
162
180
190
27
388
156
404
351
34
483
467
600
603
456
675
702
785
194
499
656
755
220
80
236
194
254
471
491
802
453
761
374
303
329
14
805
162
547
645
504
740
54
273
757
435
49
620
756
824
499
430
31
558
621
459
162
479
32
193
34
700
729
258
374
253
315
566
774
267
47
78
181
815
587
182
617
33
763
480
725
60
103
320
363
592
815
199
43
98
354
300
73
477
703
239
648
642
312
689
742
32
792
637
209
601
366
504
553
108
488
211
322
630
398
698
740
751
769
214
374
414
718
251
302
345
4
673
149
504
430
647
233
516
317
411
165
237
816
2
168
499
641
829
512
445
522
400
720
236
688
711
84
786
731
351
65
502
780
235
790
331
394
444
625
413
736
351
752
219
226
375
165
248
546
588
410
358
542
313
428
73
420
656
389
348
361
178
401
25
514
579
452
421
180
448
310
792
203
283
743
616
558
131
76
297
714
734
218
32
616
386
234
724
610
694
121
781
56
537
773
732
815
157
520
171
678
663
185
181
674
553
404
619
42
554
828
533
69
758
811
427
750
116
809
502
281
362
501
377
105
300
465
250
313
300
373
678
709
266
766
280
648
622
163
26
491
418
590
306
334
334
346
269
375
131
139
623
230
289
197
234
740
126
105
499
800
493
395
94
63
597
98
236
316
433
808
75
205
245
139
647
263
444
28
290
28
415
155
728
491
536
338
453
358
295
588
364
180
701
661
622
360
561
531
577
489
458
425
79
758
62
322
267
719
266
481
412
818
109
339
766
562
490
27
334
346
403
634
570
389
311
646
155
476
666
424
62
325
762
394
693
49
292
449
529
397
261
521
444
674
374
559
781
327
524
597
48
11
522
159
62
203
807
6
703
298
56
734
565
612
307
655
447
516
177
232
794
243
8
562
777
355
439
616
388
346
206
295
11
159
369
586
184
644
139
534
611
639
537
566
520
332
4
337
761
18
490
630
213
330
459
632
676
435
704
725
690
462
549
650
633
219
260
499
189
669
777
503
444
746
433
162
484
400
202
647
55
41
565
39
355
323
99
29
634
630
488
177
780
807
568
68
288
248
774
63
58
644
26
664
771
98
402
659
171
791
633
742
774
792
712
19
670
415
82
731
483
406
74
535
199
536
789
395
488
620
158
112
11
462
55
68
674
76
766
290
525
570
453
669
420
613
57
620
496
51
430
649
433
827
270
15
440
332
137
324
693
49
90
703
548
692
293
380
782
826
752
203
577
167
220
323
179
621
454
179
796
768
60
321
329
172
460
536
232
400
660
36
353
722
116
565
524
302
299
300
784
199
292
654
471
547
621
624
434
276
372
744
300
756
511
17
225
742
518
772
587
663
402
446
283
584
805
603
799
140
539
118
624
216
30
104
323
460
247
791
189
410
208
181
265
144
25
450
122
80
614
411
430
621
194
392
783
426
270
466
439
344
462
242
524
68
402
404
103
155
528
645
275
122
464
77
477
492
790
155
699
602
273
809
372
582
287
426
745
302
441
311
817
520
238
788
420
766
403
762
445
664
808
341
183
202
606
500
645
803
503
262
179
60
745
703
726
262
609
179
290
531
506
737
704
49
458
707
102
159
106
422
450
226
118
117
151
645
124
19
480
225
38
412
566
33
558
376
407
323
46
652
601
587
200
388
407
334
611
280
536
510
337
191
292
730
629
589
27
2
375
357
387
767
764
5
676
59
225
209
17
601
418
180
248
493
486
215
691
304
685
73
760
813
467
122
728
136
152
734
29
290
629
787
637
172
225
327
92
573
748
201
28
573
626
113
815
93
757
676
669
785
389
632
402
41
435
275
654
308
620
283
621
644
144
116
463
65
154
730
578
514
743
731
228
115
313
252
445
495
714
682
202
498
216
389
519
381
539
726
755
720
325
751
685
268
699
428
55
96
196
749
392
574
324
766
796
663
517
672
645
316
187
191
560
380
583
119
11
337
403
513
584
7
502
519
70
418
146
696
378
60
556
184
444
110
218
180
36
227
102
654
48
10
588
309
797
376
298
315
447
735
70
148
413
655
518
439
661
164
97
517
113
605
187
205
74
341
721
138
372
17
48
130
413
169
83
473
260
421
261
616
760
664
78
758
332
571
610
613
492
307
396
582
625
749
203
542
397
239
374
780
541
397
417
364
191
586
802
173
701
107
618
46
247
668
267
573
274
714
693
743
149
14
739
655
384
332
181
683
455
99
413
697
624
445
661
825
708
192
824
603
502
823
492
247
555
823
519
70
17
376
209
780
744
693
446
511
277
16
725
94
471
295
173
117
556
536
233
763
236
349
813
746
139
151
521
556
91
744
295
338
123
754
807
130
711
586
523
567
108
174
798
777
128
540
97
126
412
83
401
480
255
452
419
85
808
357
72
706
487
416
620
480
405
252
15
576
814
341
667
404
343
235
205
365
216
688
53
13
101
699
221
279
713
500
443
720
202
210
136
269
328
732
289
242
608
291
660
770
11
295
462
549
630
494
14
218
597
606
446
111
36
588
726
338
225
566
584
48
114
406
158
31
336
746
790
350
744
415
708
33
565
717
721
95
583
390
15
784
453
308
492
580
464
86
8
709
206
751
244
693
321
798
292
254
434
762
610
413
369
350
350
29
520
527
577
694
212
564
255
611
107
363
648
157
622
786
149
26
45
562
585
826
702
413
357
791
509
119
452
485
579
25
640
811
135
121
62
830
434
574
461
442
1
57
91
102
611
693
484
167
357
43
801
827
730
68
300
581
501
757
717
763
37
96
724
280
424
99
549
538
721
211
333
77
280
754
121
655
629
630
821
146
334
223
247
770
644
253
223
453
506
650
710
601
539
687
572
106
791
334
35
504
343
527
360
203
740
533
284
819
642
247
294
625
365
197
620
304
127
189
308
584
161
367
521
170
439
720
667
200
794
9
696
93
811
447
637
448
318
751
499
688
60
220
353
423
240
656
373
826
385
115
279
772
397
237
389
750
824
118
8
673
61
320
369
654
468
107
135
634
565
776
815
327
802
365
660
479
687
825
438
817
364
685
655
552
9
216
25
607
140
612
54
806
655
562
15
31
67
251
323
689
214
592
278
684
3
732
821
13
98
734
51
340
97
21
608
374
796
137
171
380
8
61
248
74
577
520
796
228
801
791
439
266
85
520
190
721
150
190
778
461
278
572
543
780
219
637
487
744
86
296
648
566
112
40
817
745
176
636
200
123
392
548
271
397
415
623
687
508
540
241
214
760
806
105
301
380
524
587
86
819
249
129
675
801
279
147
355
175
370
467
5
165
413
566
379
62
531
325
470
132
429
691
253
318
377
529
52
298
291
442
819
429
819
160
185
357
615
680
44
221
166
194
452
252
504
178
773
234
362
138
289
722
388
651
389
642
701
543
303
783
668
639
280
213
245
655
500
455
437
232
589
135
510
383
192
408
494
149
143
577
86
510
137
191
62
276
281
182
790
405
785
297
147
430
690
107
713
263
9
158
472
766
394
222
609
546
301
400
158
721
607
420
607
634
734
86
383
453
726
228
608
488
495
322
816
249
78
647
41
658
292
68
725
686
521
64
468
562
780
127
153
758
712
620
10
58
478
661
57
338
600
253
323
686
14
312
303
428
21
620
213
192
114
645
543
789
824
122
149
455
457
146
436
279
91
25
793
630
254
114
727
757
575
103
607
274
311
298
649
403
248
675
584
140
700
557
394
495
418
830
207
565
119
20
368
78
648
150
803
324
364
341
471
134
57
339
47
27
714
351
299
57
526
125
736
220
470
49
69
23
641
738
812
561
683
216
328
567
410
226
758
740
21
553
591
43
749
147
141
63
542
20
337
788
375
54
368
455
587
372
528
738
661
150
38
489
274
9
8
792
268
479
12
14
595
732
721
604
264
165
408
126
73
273
337
246
719
531
459
318
247
443
751
80
643
295
126
140
318
466
740
620
375
44
702
176
165
361
693
159
695
546
624
222
580
739
755
329
29
440
129
202
30
191
789
126
629
719
455
737
384
425
785
630
620
463
607
232
134
362
686
351
603
483
593
689
229
177
647
221
553
264
817
145
480
636
74
635
464
464
548
697
111
744
54
34
194
273
302
218
629
476
522
299
380
104
434
786
523
110
619
344
90
268
800
750
413
702
690
324
411
40
310
669
220
375
826
206
709
554
791
819
547
414
312
554
307
363
147
686
50
527
79
635
827
700
536
606
204
324
378
572
198
54
733
20
44
780
82
432
768
615
798
793
163
692
404
102
533
453
692
392
583
806
802
43
269
140
473
543
236
609
19
723
222
263
147
432
725
127
485
463
87
122
94
784
227
511
477
768
789
419
247
193
720
315
471
324
701
775
198
573
496
47
724
430
409
782
763
820
185
443
304
171
112
676
677
186
453
575
474
486
186
187
684
572
44
617
681
695
604
162
722
56
239
729
12
319
574
89
822
642
794
351
17
562
420
164
226
541
239
748
531
212
540
579
762
568
231
226
296
387
548
216
27
379
355
381
314
743
27
157
268
33
827
87
485
683
471
261
152
333
471
70
33
154
690
771
305
529
264
231
218
580
259
124
625
596
808
101
692
593
755
323
595
194
402
168
72
626
352
692
632
796
243
726
426
630
520
376
804
406
535
67
134
398
49
787
785
76
586
643
102
29
601
576
451
521
804
664
604
789
556
701
377
704
73
711
167
407
96
687
294
540
756
287
720
807
375
537
63
15
636
487
214
51
339
587
418
180
748
4
353
791
467
513
722
547
422
582
514
612
253
723
748
343
456
299
386
778
689
586
807
255
155
97
81
345
666
478
426
653
108
253
164
545
169
554
656
333
474
708
636
645
487
232
125
79
594
385
717
206
461
340
552
548
240
555
294
661
18
487
21
148
3
216
255
134
26
625
270
110
178
779
169
695
812
532
526
774
641
27
639
560
226
371
531
141
211
539
187
149
651
279
540
137
473
43
556
718
257
587
356
456
624
630
333
617
641
753
122
374
338
552
50
656
314
466
160
791
15
684
676
347
472
557
510
406
409
553
503
657
735
242
250
713
268
254
212
358
780
819
569
111
447
31
68
462
653
148
647
805
712
757
618
384
275
252
264
590
157
227
361
216
508
572
36
272
446
322
359
750
404
613
781
198
361
65
739
231
47
735
152
287
98
492
510
204
135
403
460
153
282
705
28
135
173
310
12
264
373
761
198
242
133
29
255
527
367
777
547
490
617
306
406
346
689
793
180
56
778
300
740
189
685
496
654
261
732
294
654
280
217
603
305
186
704
257
233
133
444
327
153
205
172
172
398
108
20
376
643
530
510
326
440
254
680
399
613
431
359
500
802
408
452
605
313
343
14
178
73
114
526
41
473
782
193
602
215
690
676
567
481
361
330
448
757
232
626
525
667
416
421
130
590
293
473
49
15
748
553
521
722
414
493
173
623
374
68
369
705
523
566
708
398
323
417
771
124
765
478
69
79
799
364
274
436
51
739
561
359
820
402
732
554
186
127
118
104
670
136
605
428
110
640
514
823
606
604
279
456
125
654
621
352
321
716
791
63
121
709
508
449
777
100
739
212
435
641
339
703
782
825
755
725
685
621
496
460
450
292
304
602
44
571
196
247
650
401
489
26
338
319
259
811
560
435
181
64
753
158
307
382
643
484
450
404
131
628
755
744
739
237
512
672
8
797
168
96
518
377
436
221
67
739
44
293
219
504
781
660
25
133
476
287
425
122
545
292
811
146
427
71
460
398
286
298
113
657
403
79
759
567
340
557
525
109
12
393
256
412
716
288
107
815
225
87
283
626
617
709
194
140
725
148
72
6
125
16
512
533
706
631
552
781
636
272
71
236
442
816
453
401
284
819
822
506
420
584
379
416
769
718
646
589
592
55
616
31
712
51
401
454
111
211
6
12
771
182
643
46
317
467
293
420
695
273
206
704
424
374
430
167
211
129
619
426
39
505
751
236
358
59
635
460
681
798
105
68
521
612
132
655
217
489
421
111
228
780
27
180
172
581
639
468
450
420
768
541
393
261
300
363
161
260
211
770
550
754
179
217
806
23
205
333
404
732
312
56
268
147
70
291
80
413
550
780
199
650
730
786
631
246
172
790
774
678
88
574
726
830
171
536
655
686
273
165
346
245
145
99
74
502
332
196
817
680
599
776
589
573
226
334
306
161
347
345
550
670
768
638
64
127
753
56
338
525
475
319
284
370
558
202
133
336
144
798
602
793
619
170
80
544
717
569
332
796
344
598
797
709
472
329
665
4
807
618
177
57
107
479
346
660
601
423
60
467
666
576
636
42
164
423
300
719
101
338
507
477
711
152
90
245
202
479
308
382
231
303
504
587
264
710
222
53
59
392
781
619
667
740
730
655
301
737
720
214
437
454
679
198
259
426
699
610
817
419
467
563
508
10
172
157
742
639
214
46
266
141
689
110
59
371
355
764
179
159
692
476
269
605
67
504
10
627
211
189
767
124
8
574
228
723
798
624
772
377
427
686
395
371
449
468
244
447
604
819
300
299
407
166
92
482
514
500
315
296
737
460
719
63
68
306
446
23
136
255
470
104
409
282
638
342
749
233
176
126
168
703
339
751
42
373
432
744
372
360
260
697
825
126
273
623
317
758
788
718
826
668
684
215
666
817
383
350
786
816
117
144
77
25
720
423
179
367
377
162
571
542
329
119
592
390
185
135
168
780
575
412
223
171
477
103
630
596
702
801
809
438
58
775
714
811
750
711
761
187
96
606
794
471
34
583
130
310
55
541
489
314
37
681
162
433
40
414
264
261
795
88
757
420
762
428
301
89
380
231
295
384
428
181
262
672
514
268
742
278
327
530
364
828
788
826
750
767
566
198
302
49
579
119
302
714
741
758
784
720
429
51
179
658
599
154
658
191
600
753
149
637
742
713
628
813
610
729
316
155
50
525
701
740
211
178
335
434
196
125
318
289
297
167
376
204
219
576
628
289
413
280
771
214
507
621
173
237
134
126
16
79
562
449
55
571
694
744
582
826
422
678
179
181
567
384
253
79
30
628
73
324
424
508
163
740
25
380
187
333
207
77
134
222
748
105
494
368
554
342
619
232
87
764
437
252
645
596
214
641
233
152
160
66
432
680
128
151
714
481
282
329
326
580
765
545
220
343
68
617
160
637
497
571
681
526
285
117
25
41
354
149
58
237
623
308
284
412
264
543
383
466
260
395
350
421
36
379
622
36
379
376
695
572
293
700
38
807
404
542
575
58
252
607
349
486
94
741
278
38
465
541
211
810
788
65
79
117
429
822
413
530
817
428
451
481
824
523
75
56
45
609
600
579
274
765
322
170
695
75
753
419
389
19
131
187
191
469
259
371
97
404
152
781
228
236
709
348
352
480
258
711
246
528
616
579
547
464
527
348
214
743
672
403
485
339
561
249
31
88
171
266
319
394
509
430
510
543
727
370
423
325
27
9
112
6
469
550
140
766
386
42
140
446
493
450
121
58
294
347
336
416
406
220
571
645
654
610
292
137
368
299
404
708
253
288
433
137
476
511
578
582
743
624
572
498
211
427
605
586
359
741
656
287
749
319
809
743
422
393
644
19
482
613
363
455
656
672
318
289
775
412
149
43
323
615
684
615
559
467
499
541
172
5
335
417
560
742
60
641
73
730
656
565
260
373
32
31
613
797
549
718
190
322
2
510
339
185
448
337
464
445
347
285
530
202
652
187
396
690
697
478
332
710
114
547
273
453
111
87
348
9
77
129
421
721
642
733
118
80
170
181
25
437
114
61
788
203
586
522
764
777
388
689
141
791
577
34
527
513
145
685
197
799
273
12
578
519
291
284
691
465
665
511
10
505
203
133
547
612
648
798
398
778
600
759
764
762
340
18
575
366
682
192
26
544
814
257
334
652
691
268
13
219
700
468
599
155
100
485
757
49
14
478
237
658
624
733
456
66
580
109
404
456
444
71
793
77
690
35
601
196
819
418
544
619
92
281
682
398
445
246
317
5
472
160
542
504
602
85
770
823
804
434
237
72
705
721
29
819
696
488
574
627
279
548
724
139
426
730
298
247
518
178
751
397
365
15
199
514
70
447
502
799
533
14
177
340
643
670
787
595
174
728
254
811
510
148
99
698
549
359
603
470
235
335
424
514
182
688
515
147
329
426
653
627
724
252
540
364
635
668
632
314
752
207
121
101
141
282
599
115
18
220
647
791
759
565
317
803
410
566
60
674
676
45
661
828
360
381
814
725
736
548
407
331
750
714
445
223
536
777
176
383
269
545
9
695
236
678
102
720
483
657
78
6
673
688
11
406
226
283
412
322
265
668
312
266
563
547
310
562
291
119
407
466
102
339
729
500
750
11
226
659
428
830
293
468
395
683
358
797
97
295
62
575
661
21
188
653
617
696
372
17
391
733
133
500
30
666
277
537
191
705
136
202
692
128
405
683
489
814
663
629
386
623
44
520
679
542
517
374
305
693
718
31
154
436
642
634
491
379
502
585
644
226
91
739
683
246
476
415
276
225
131
707
164
167
551
74
224
619
705
540
36
726
494
223
484
592
90
525
547
712
542
17
717
67
623
135
685
347
317
177
600
333
178
822
285
266
78
615
158
727
739
291
610
245
153
24
20
543
187
786
433
388
469
159
783
581
825
239
249
120
531
157
639
475
198
662
100
143
468
243
402
432
209
482
160
198
763
295
89
449
525
428
587
169
322
15
237
791
302
797
366
238
655
604
83
49
476
150
133
501
652
766
345
294
378
553
204
154
761
116
772
315
427
218
537
593
364
528
677
590
308
619
50
170
527
200
532
346
746
829
317
95
122
756
209
547
663
405
466
471
677
125
427
786
804
744
822
188
285
465
204
685
249
638
807
60
22
233
542
817
705
369
407
553
113
614
146
233
212
543
262
39
160
630
32
821
787
733
57
223
80
523
502
768
737
121
823
480
520
753
458
558
743
777
378
654
233
400
169
140
454
720
818
563
781
275
442
14
89
462
548
407
33
402
95
705
307
5
45
402
510
366
49
620
536
803
214
333
14
662
195
12
308
180
98
197
469
345
597
641
241
181
664
620
624
196
671
165
182
29
32
117
329
376
661
713
357
55
756
106
674
750
746
408
193
399
267
748
290
242
591
797
825
543
646
255
147
144
437
361
39
549
584
372
30
710
288
31
16
177
524
558
252
335
47
572
578
289
564
150
344
140
115
499
277
1
563
781
688
812
331
436
236
274
306
790
744
733
394
17
282
167
618
496
28
426
642
545
749
453
364
405
688
630
184
817
653
422
350
92
318
254
622
374
375
308
113
248
228
552
38
217
332
531
325
680
665
57
418
24
786
408
401
762
299
354
141
435
371
729
664
105
318
50
396
769
597
175
329
639
405
7
681
81
721
260
595
220
280
406
160
237
204
629
338
240
397
578
50
730
730
138
743
192
563
154
752
656
194
374
311
440
575
18
429
275
807
685
104
326
124
631
627
679
388
752
260
592
457
494
508
556
70
288
681
203
235
707
523
527
345
608
729
534
783
620
495
564
791
328
742
220
389
573
762
448
360
808
298
262
220
369
56
642
672
815
724
670
509
529
596
480
287
23
14
440
777
198
727
804
544
766
746
107
247
63
335
719
83
351
265
742
787
483
677
366
122
261
367
567
63
807
701
132
10
522
773
117
287
641
808
231
417
19
661
461
414
176
275
73
193
607
166
322
700
648
659
233
311
285
441
541
405
3
253
319
139
550
594
549
262
199
397
682
321
205
636
150
690
474
290
238
400
561
428
518
635
257
139
291
348
649
327
677
42
796
160
90
12
305
144
499
512
516
557
207
584
41
494
309
779
539
657
445
228
187
273
301
497
3
613
627
528
564
275
195
137
99
795
747
805
414
515
477
379
253
727
630
826
283
258
712
384
52
639
402
256
195
758
482
261
781
394
689
567
617
303
263
772
132
644
447
773
599
209
792
264
228
751
354
550
223
179
433
819
332
464
325
347
829
673
397
310
673
348
728
778
20
433
459
236
75
594
385
277
32
823
632
203
805
267
194
358
181
22
409
196
402
146
653
814
228
681
491
76
121
722
472
461
670
546
741
359
625
325
286
791
571
597
640
114
111
516
343
293
556
632
72
440
500
174
608
93
193
714
396
445
751
244
546
528
739
796
525
66
247
90
758
286
353
812
604
162
490
711
237
541
123
453
467
96
304
819
810
565
745
709
774
1
56
219
257
438
372
107
64
698
104
49
685
457
296
382
483
764
413
169
711
480
752
614
820
162
296
59
233
65
386
264
358
67
600
682
48
828
50
377
482
182
729
12
335
360
660
804
473
200
708
112
219
73
614
199
142
182
10
586
459
507
108
281
210
591
358
221
676
524
810
35
412
199
473
149
805
393
549
578
477
381
689
163
236
259
245
338
186
307
88
625
55
813
728
84
323
45
590
324
350
343
288
120
213
561
63
311
27
393
78
377
542
785
792
752
151
599
228
104
252
332
65
51
553
127
520
195
156
673
549
830
337
643
196
758
213
639
616
643
381
97
555
750
697
730
715
665
521
590
695
700
163
323
414
558
206
101
620
33
297
263
768
762
172
522
521
610
638
287
136
30
790
819
223
232
351
439
712
272
455
210
227
243
159
167
31
739
162
801
752
366
474
665
310
226
263
798
336
668
383
484
122
423
104
365
312
381
386
654
308
375
644
804
152
180
654
251
695
758
343
288
683
762
159
188
686
69
492
474
213
178
42
67
781
787
413
315
74
435
38
775
385
218
4
806
315
168
829
149
191
379
694
601
533
765
107
522
202
165
673
283
738
512
737
217
96
2
616
768
290
751
553
746
631
57
49
567
379
422
425
555
410
243
192
337
438
72
317
303
466
664
417
805
492
98
633
17
524
397
415
390
705
738
561
537
166
750
175
458
753
217
601
298
261
64
94
801
816
222
807
812
722
337
201
232
535
284
630
656
87
430
22
712
636
287
633
461
385
530
453
828
774
143
436
586
58
130
361
270
240
364
288
546
573
724
572
577
356
240
711
318
16
525
42
144
751
786
686
548
27
565
477
648
70
132
443
103
255
596
46
69
222
636
97
221
691
591
829
471
255
689
181
688
160
438
334
330
566
200
741
538
231
356
364
651
431
209
268
244
802
521
193
220
78
135
356
480
418
117
114
712
326
413
178
507
644
108
306
284
139
97
627
408
783
597
593
651
644
659
156
811
295
442
313
37
707
241
221
331
646
300
209
449
38
691
45
504
354
445
425
302
617
645
180
347
429
380
738
706
600
139
621
99
92
315
84
240
317
531
291
676
509
459
120
243
118
437
685
589
296
455
326
776
579
576
829
818
242
45
497
513
513
225
662
215
496
595
62
67
25
141
610
753
559
202
814
286
190
565
383
716
458
801
500
433
228
273
787
800
107
172
773
657
161
332
562
52
9
121
663
224
188
279
491
464
318
43
68
302
581
135
393
820
26
303
47
312
301
461
546
343
79
240
620
575
155
319
522
139
305
337
688
648
757
106
350
424
425
804
373
747
70
743
796
663
554
82
407
614
196
234
399
794
665
800
612
661
358
314
106
212
496
118
808
796
714
30
722
279
665
682
570
346
395
617
493
613
498
800
661
683
495
358
117
745
723
256
247
6
504
241
460
128
635
244
470
554
706
307
766
694
363
556
753
657
21
377
472
429
125
733
357
512
800
811
10
450
377
117
436
328
449
544
626
298
454
118
499
201
702
35
821
825
344
765
358
245
248
123
775
75
824
276
674
130
152
82
276
165
402
136
511
11
25
283
563
678
730
405
9
759
585
642
172
206
213
271
67
763
537
215
505
399
35
695
230
592
595
601
641
637
712
787
225
285
777
174
626
626
326
446
379
518
830
57
554
456
653
572
166
543
294
507
304
224
285
268
193
89
755
232
551
81
116
15
110
385
135
259
373
380
621
651
567
446
45
364
605
467
36
256
433
84
411
68
610
559
744
752
289
630
289
448
504
735
78
131
24
510
440
641
491
24
741
437
717
382
301
29
395
246
434
588
598
611
723
18
145
162
648
417
760
540
244
373
485
305
482
14
648
12
213
122
668
429
795
80
367
138
705
482
415
779
733
34
202
131
705
375
28
282
642
584
822
421
419
724
358
203
222
411
390
120
232
356
522
356
53
383
394
808
218
829
114
193
21
427
508
303
802
540
314
360
369
392
739
114
435
168
674
413
455
699
96
134
327
97
312
595
619
257
762
520
53
746
522
223
246
373
301
275
386
741
217
569
472
604
651
52
311
1
291
111
73
802
46
654
626
692
297
376
367
587
542
545
538
624
721
415
151
315
41
259
390
302
2
159
755
142
585
133
32
263
260
348
287
808
480
29
545
686
493
275
681
327
396
661
663
529
741
797
351
609
181
109
41
256
81
371
811
315
518
523
198
724
515
9
94
74
159
351
96
760
813
150
269
688
231
157
633
737
251
283
493
55
666
808
723
29
179
666
343
584
206
522
61
302
79
414
277
187
764
829
508
41
561
316
799
684
324
311
492
388
606
684
587
54
462
541
743
244
548
820
640
682
333
664
582
493
24
591
567
435
119
344
162
719
653
666
75
114
810
704
131
111
752
114
556
490
533
775
243
681
768
321
204
244
465
486
464
608
304
625
754
554
334
158
460
425
729
389
501
805
797
804
599
400
686
14
391
53
671
40
357
528
610
824
298
69
690
371
582
305
779
563
669
268
98
717
499
351
569
118
682
823
699
557
205
626
65
657
668
509
629
254
262
376
204
475
320
543
156
44
613
110
107
220
121
121
370
167
284
167
701
727
264
184
195
541
401
362
421
480
386
625
754
635
162
606
406
19
13
562
51
301
485
77
502
815
764
815
398
86
674
473
683
80
570
83
285
75
22
672
810
606
737
784
405
55
148
271
622
209
164
561
160
264
372
119
452
683
364
344
368
43
73
723
213
234
641
92
598
94
169
790
197
663
565
630
588
344
404
440
798
15
417
590
721
57
16
149
268
407
483
600
570
23
676
221
334
77
277
763
648
706
19
646
131
304
664
579
364
712
266
589
511
54
242
597
753
376
489
634
230
376
138
782
373
460
664
90
712
382
103
195
295
652
11
622
77
817
200
764
370
171
727
616
824
222
585
715
522
715
740
17
674
439
147
385
297
34
228
285
641
181
662
127
647
625
788
635
412
503
250
394
193
817
19
295
362
295
728
611
439
117
189
409
738
364
361
357
752
458
614
721
145
592
180
190
829
175
321
820
123
788
580
627
60
369
214
290
575
666
41
412
377
341
51
121
453
562
175
729
409
567
708
146
369
809
820
148
403
707
632
815
704
184
543
337
25
555
233
403
175
551
1
122
84
686
174
671
337
282
220
773
446
315
231
823
439
140
221
20
48
173
293
656
770
646
774
789
300
135
705
533
35
187
107
563
71
176
753
780
421
698
10
616
513
336
510
78
597
191
123
572
663
601
236
29
825
603
390
394
603
102
818
606
79
5
738
107
28
613
228
787
585
545
381
692
714
441
151
579
563
660
700
578
706
599
668
637
536
305
201
263
101
254
784
49
303
509
97
702
527
589
329
686
395
546
629
399
706
426
300
446
243
180
503
270
312
574
229
616
170
376
389
267
62
335
598
811
779
283
272
360
418
263
513
595
195
84
40
806
137
477
598
597
176
717
110
727
219
677
166
570
284
597
239
83
804
259
148
432
742
651
24
631
541
525
351
588
607
667
803
794
631
733
83
145
694
530
270
233
719
265
712
794
594
457
566
586
187
224
473
469
792
300
519
172
167
151
623
516
358
348
258
602
290
604
255
520
806
563
91
188
462
25
362
395
795
201
418
318
124
401
408
699
553
122
545
355
294
456
269
450
414
552
391
213
67
712
393
212
770
464
427
469
195
236
330
149
479
722
510
305
799
590
724
626
778
73
415
564
164
84
131
28
458
46
372
441
363
455
712
716
356
358
605
485
74
51
531
191
752
611
588
167
351
232
735
411
721
557
378
716
489
66
389
313
315
669
262
599
156
550
675
660
192
469
26
262
673
146
562
87
297
277
300
73
13
207
431
823
103
722
213
243
42
345
655
368
193
488
73
513
651
602
762
415
802
727
63
787
498
398
305
678
148
375
433
408
107
249
588
830
366
429
685
320
93
652
245
793
305
788
754
287
765
554
235
278
455
134
524
650
298
658
35
196
418
138
615
484
385
85
337
375
78
759
155
174
761
564
45
385
52
144
709
484
407
121
146
478
317
264
245
189
262
328
578
4
331
681
20
756
320
318
437
123
456
393
821
459
735
455
246
15
579
156
775
350
12
396
52
743
463
228
299
521
612
75
583
608
13
820
86
650
747
573
657
246
507
450
298
416
219
327
701
315
197
580
459
35
400
87
791
204
156
734
446
272
150
684
573
517
482
638
17
395
122
54
185
607
545
110
323
472
638
217
659
760
240
789
283
45
519
588
666
644
806
93
315
601
358
217
266
566
294
149
433
497
656
695
173
313
332
136
735
329
330
802
362
41
738
794
668
211
367
318
328
802
215
101
331
797
159
36
29
729
543
750
414
106
520
717
222
517
587
295
307
640
406
61
54
607
145
353
733
322
140
207
571
298
138
443
258
433
393
141
759
396
809
645
509
161
505
764
39
4
221
348
407
672
583
773
184
273
560
243
794
243
685
278
144
786
722
244
85
455
476
180
474
101
100
47
754
792
440
653
623
582
29
411
754
519
157
350
458
215
153
346
492
621
39
192
637
743
391
628
669
218
352
267
335
20
785
269
150
270
565
497
212
45
642
599
272
350
526
5
700
470
664
189
794
352
47
490
284
674
717
166
429
274
617
234
109
629
734
375
63
137
109
480
446
723
804
825
665
435
432
249
507
821
465
648
64
467
768
168
755
806
590
474
206
509
276
624
311
203
225
608
142
364
334
728
532
139
750
540
338
825
29
572
823
440
756
32
121
9
513
198
746
330
335
736
700
299
205
73
81
432
629
792
117
379
777
147
562
111
830
499
488
403
335
692
621
484
479
201
53
233
9
562
553
446
487
103
550
131
694
749
148
669
734
248
684
646
349
329
240
808
148
345
403
348
262
122
266
247
543
393
160
637
580
714
499
791
156
380
692
808
453
511
322
439
469
799
575
520
221
778
819
386
779
569
406
616
772
188
540
134
205
45
399
740
399
672
7
657
399
624
510
473
797
562
479
304
755
660
416
815
245
35
470
628
794
781
248
403
21
678
246
368
516
466
810
809
717
480
617
137
731
526
199
473
48
632
25
638
234
558
68
775
414
256
12
47
753
712
791
694
545
722
512
335
699
677
8
323
44
194
700
285
260
812
777
248
143
491
799
708
818
619
555
634
132
104
667
142
244
76
316
822
581
774
179
619
691
491
770
315
730
228
699
331
479
685
697
677
452
58
204
402
239
438
166
153
353
761
432
177
640
35
252
431
402
31
345
631
757
37
115
121
724
554
427
188
741
640
286
676
688
107
823
638
41
62
215
264
542
524
509
196
581
128
757
36
726
752
498
820
252
775
575
519
568
190
230
813
771
643
225
801
594
661
557
148
379
731
384
335
283
640
805
794
255
288
54
659
392
660
230
494
538
616
491
56
71
249
317
321
343
253
450
386
191
29
634
267
754
661
475
435
568
33
52
683
80
677
570
486
316
16
229
460
830
810
9
69
427
822
705
70
317
529
487
580
364
621
773
745
598
380
440
388
347
465
520
276
151
20
278
38
481
178
607
239
237
588
658
428
405
41
280
89
619
227
273
295
266
736
107
672
710
171
565
314
110
86
550
530
325
61
271
398
331
145
791
113
169
315
654
422
36
742
308
514
711
470
773
103
208
345
666
444
462
737
350
185
2
1
736
816
4
26
270
563
363
371
344
359
291
608
186
194
175
696
307
670
589
324
576
206
803
609
219
363
227
491
90
405
826
592
794
601
739
797
594
610
258
740
110
591
526
368
648
687
89
169
691
628
441
20
226
638
689
45
410
207
209
408
630
503
795
55
191
787
513
537
92
335
147
739
172
805
815
584
634
295
185
168
431
482
253
394
654
565
415
472
129
555
297
467
265
296
378
266
395
475
326
675
271
582
712
407
439
746
629
673
452
519
354
599
481
304
758
535
166
24
332
96
716
571
811
45
82
648
778
20
385
742
668
320
591
774
557
617
392
289
235
798
580
561
292
77
600
79
129
434
617
807
322
652
64
335
384
746
550
619
379
171
525
464
783
403
805
318
372
434
267
177
14
433
262
272
592
166
808
687
153
697
465
586
504
549
718
783
190
814
632
784
305
410
93
494
697
796
359
238
525
713
429
684
271
401
281
70
814
711
442
499
812
138
59
318
37
401
152
686
154
357
749
386
711
380
593
360
693
31
566
227
491
595
198
515
522
6
348
454
373
439
707
709
629
650
703
414
11
154
660
618
413
554
683
153
352
813
8
552
97
618
694
550
150
386
194
378
497
543
228
97
548
804
150
121
412
528
360
49
267
699
617
139
774
278
173
330
791
719
619
31
490
253
430
495
649
192
447
272
817
136
492
200
510
315
153
443
712
465
773
26
205
581
660
37
312
505
42
64
4
224
779
355
171
301
366
461
813
388
524
21
809
758
59
314
462
551
644
247
84
302
303
561
610
606
254
406
659
223
557
122
200
528
487
415
785
598
516
62
733
420
378
527
272
392
441
13
727
103
195
632
1
477
102
187
354
133
561
503
673
555
86
565
430
165
686
41
596
241
317
743
636
227
538
117
91
377
276
676
713
247
711
217
570
390
127
533
664
10
490
698
261
231
17
508
34
84
259
759
86
326
72
287
386
509
163
385
44
568
363
44
418
724
699
413
559
331
268
369
44
641
82
117
515
79
436
385
686
498
641
499
436
395
51
102
464
261
757
735
650
562
109
81
658
272
220
407
534
678
789
132
264
297
151
422
724
170
602
256
777
290
112
21
520
239
88
175
326
30
555
600
22
602
292
16
801
84
48
799
755
455
333
441
198
128
662
104
383
776
7
507
94
292
606
664
232
549
745
568
458
237
287
811
423
284
483
380
364
616
452
516
748
104
702
765
221
157
139
789
91
794
760
107
143
777
209
477
502
619
461
4
147
266
167
655
635
263
643
61
666
261
610
67
807
228
324
592
54
69
596
17
423
750
453
44
776
57
345
765
195
115
264
330
725
716
206
417
156
606
268
221
754
466
605
183
450
745
308
615
266
193
495
649
813
163
201
298
55
636
48
690
320
506
152
658
743
704
362
746
668
462
269
489
238
716
730
150
493
714
617
525
484
430
179
518
590
280
104
801
329
459
472
465
567
571
327
487
490
784
101
466
457
547
582
438
673
21
618
466
431
570
286
404
753
651
113
253
192
407
724
761
514
533
620
539
757
583
817
559
160
397
801
757
200
537
468
98
256
478
471
48
138
795
190
319
323
249
581
423
470
388
788
585
447
342
715
671
487
357
791
655
289
712
105
767
446
222
602
244
632
48
619
272
494
333
139
627
366
509
26
680
79
780
690
648
302
605
808
23
313
660
395
506
429
131
88
572
81
314
541
405
113
413
512
401
829
405
356
802
665
170
787
456
218
625
267
395
188
436
520
263
401
228
170
138
95
524
537
727
513
27
140
35
182
73
168
793
201
327
777
209
607
688
477
760
370
77
187
353
437
42
95
196
115
64
656
284
119
497
500
542
539
268
587
724
418
386
409
178
225
583
529
284
186
531
578
147
102
465
555
84
453
272
734
242
730
585
177
695
667
264
306
161
551
808
647
291
420
768
360
499
789
475
722
568
373
399
323
634
98
223
731
180
735
781
598
85
603
178
65
180
224
678
597
687
712
796
652
639
119
685
541
783
237
610
776
509
548
610
140
826
583
273
364
598
171
764
469
528
94
327
520
134
353
636
345
74
70
458
208
79
294
513
83
212
801
300
352
738
311
586
157
555
208
638
183
322
514
601
156
329
745
790
91
672
408
711
399
197
543
585
368
33
180
727
98
807
739
255
715
527
687
423
403
449
827
56
627
525
487
210
559
95
516
339
13
322
707
614
107
384
481
662
673
377
302
421
267
11
15
369
670
53
147
709
312
9
692
293
642
696
741
613
25
816
453
511
593
151
501
593
829
390
178
668
14
255
201
484
497
667
417
533
368
132
632
777
811
317
161
286
240
658
591
822
34
431
45
718
166
38
19
101
644
6
290
128
103
358
748
650
577
231
576
292
152
713
404
599
622
791
390
138
650
239
824
806
22
750
210
733
340
490
109
280
104
231
810
340
612
62
179
361
745
257
766
353
706
520
532
456
542
817
798
705
151
638
601
175
72
729
213
458
716
45
535
28
250
345
327
501
526
522
461
767
598
275
767
259
789
443
697
192
553
676
338
384
180
477
435
404
64
343
641
666
429
474
588
519
632
154
124
492
782
105
507
14
730
40
245
633
295
212
554
505
640
35
220
610
745
648
137
663
300
473
458
141
274
95
35
556
23
486
389
777
741
119
273
319
821
662
520
502
650
170
264
782
243
50
159
239
601
207
182
514
1
744
741
667
461
265
390
334
329
686
217
431
8
129
790
690
530
60
192
211
615
351
484
13
499
678
704
322
636
541
369
469
399
383
436
583
393
702
691
475
829
249
108
289
612
62
330
233
619
627
325
227
729
308
161
586
486
147
427
519
780
331
35
302
341
483
373
60
543
28
597
625
307
689
565
381
325
616
330
132
481
56
432
588
708
430
101
97
560
424
684
619
821
92
331
753
313
156
181
342
400
531
730
740
591
752
592
413
653
622
800
741
585
132
513
481
84
352
682
647
438
63
469
75
330
205
124
813
560
393
323
133
449
714
703
275
823
132
717
152
77
760
92
519
120
312
317
73
530
79
140
203
652
495
760
750
217
162
521
336
806
300
34
771
132
38
80
316
165
254
504
375
337
611
387
116
358
86
53
128
640
662
429
52
436
366
160
209
629
647
773
486
746
457
776
412
296
93
68
93
368
136
326
239
471
771
479
154
353
266
405
256
20
124
580
715
94
672
483
472
140
84
10
681
70
343
521
301
1
269
669
428
591
485
473
566
598
31
106
721
222
344
527
125
156
17
328
62
12
355
153
120
599
486
451
60
370
490
22
738
559
771
800
725
323
722
363
364
77
753
192
369
10
180
828
392
44
72
662
241
173
828
82
529
710
684
244
273
511
633
130
58
599
695
389
557
363
725
600
469
759
126
20
40
377
391
618
420
309
727
577
187
39
767
572
125
176
206
381
664
304
471
592
567
410
829
616
60
742
159
102
454
310
60
62
479
562
372
98
184
705
212
102
520
323
189
520
287
712
571
777
601
507
173
651
690
617
125
15
483
807
248
824
359
273
805
723
761
626
609
403
190
410
202
297
8
531
56
187
293
747
36
359
532
104
467
9
147
203
241
284
820
297
775
50
650
625
17
417
123
751
298
710
83
273
668
70
199
437
739
188
245
164
208
461
609
298
121
638
671
334
528
152
413
780
44
221
457
802
653
300
828
324
580
63
585
85
130
211
622
680
307
253
149
180
365
336
377
813
400
418
43
700
98
193
57
470
755
796
432
153
484
189
135
628
529
733
558
561
383
317
756
93
496
397
822
370
86
434
604
19
783
645
502
647
520
13
268
394
70
185
45
397
730
708
237
723
40
519
259
460
57
415
181
549
515
419
457
165
816
733
508
684
162
31
4
412
485
566
409
829
445
69
756
473
277
31
503
250
827
703
397
456
208
127
424
228
559
729
529
253
155
706
689
761
315
322
311
26
677
142
616
772
227
766
740
35
560
675
359
564
157
533
590
575
472
681
348
660
819
647
628
211
273
232
285
742
246
364
291
89
88
189
170
258
429
424
131
202
452
94
394
333
528
397
109
78
508
108
339
789
304
374
757
337
9
567
154
321
780
769
245
697
92
290
454
313
296
810
278
738
415
517
249
482
518
326
711
277
284
478
421
160
531
163
604
536
546
121
440
736
273
380
165
399
520
264
491
406
356
437
814
676
718
757
255
599
74
414
653
289
646
782
108
728
212
528
242
40
750
344
644
374
717
353
277
383
289
566
501
579
432
437
314
73
249
450
406
407
680
707
323
258
755
7
146
274
441
304
641
493
219
425
522
283
316
722
323
363
95
792
111
742
775
514
511
537
271
467
330
315
462
579
577
466
419
248
709
384
666
270
40
310
805
291
451
384
644
503
684
91
426
84
275
336
724
439
216
716
460
62
165
212
412
332
277
394
447
829
466
504
438
610
145
6
610
161
648
456
18
17
197
289
285
341
352
772
792
274
22
100
265
306
90
253
193
466
634
813
415
821
370
591
454
387
797
636
67
413
462
807
691
448
177
278
313
716
555
91
656
814
770
30
450
556
747
291
101
212
789
259
349
349
722
14
500
607
681
709
699
733
423
17
158
421
402
813
574
276
144
252
373
334
178
124
446
365
373
373
816
367
608
395
354
554
527
76
380
137
604
440
191
224
359
264
202
468
325
345
725
585
346
312
485
751
825
623
536
771
600
311
791
297
406
384
435
809
391
516
355
349
187
722
366
17
331
423
589
295
398
697
622
350
35
376
367
578
373
76
240
657
180
555
711
288
539
110
129
551
574
801
467
113
42
241
336
113
273
641
466
519
273
427
358
410
227
744
504
618
458
188
5
595
809
23
146
181
558
249
529
114
396
816
440
555
259
94
524
292
657
713
538
664
119
107
261
264
808
200
316
815
193
730
452
509
336
713
553
605
414
552
352
449
596
529
774
557
253
522
242
16
614
213
519
181
756
793
696
171
500
459
572
204
452
694
713
727
499
805
504
17
806
683
592
653
137
493
580
45
612
157
189
477
138
186
56
54
647
12
441
503
294
30
441
397
173
33
828
715
373
569
424
176
269
11
670
793
349
374
342
573
307
595
812
743
194
767
288
67
563
701
173
757
220
143
434
668
673
63
99
275
484
691
341
161
559
178
704
132
112
125
541
722
501
290
555
287
510
306
88
798
518
375
522
124
275
571
18
470
433
282
207
44
232
783
351
11
567
819
488
335
817
479
344
154
318
652
431
591
537
98
41
520
783
109
333
473
242
814
305
607
362
746
377
747
660
465
327
684
149
370
504
70
679
258
79
406
70
447
333
5
552
273
746
568
102
289
416
535
484
625
646
258
544
705
742
152
761
548
476
524
293
308
663
546
785
688
297
222
488
713
94
780
364
357
789
509
322
594
613
188
75
795
774
60
265
90
389
119
551
665
137
270
738
358
564
240
281
76
441
647
4
494
106
730
160
92
355
334
782
637
782
329
400
220
40
711
703
631
623
176
431
615
533
255
366
723
233
725
526
384
454
328
585
623
453
59
560
205
440
472
637
417
252
169
726
406
299
164
416
787
817
592
731
295
519
94
733
128
187
542
542
796
87
272
664
407
644
316
418
206
270
749
351
828
748
410
315
241
474
810
613
371
788
48
650
734
269
653
13
809
481
800
126
284
467
230
792
540
801
677
681
489
371
673
628
239
137
823
154
678
587
731
26
61
703
94
201
16
207
738
598
361
316
180
569
487
786
111
304
551
319
30
184
135
611
537
657
62
117
799
732
382
725
178
707
195
204
626
766
465
72
552
191
314
809
56
756
1
611
575
5
801
162
30
807
77
280
328
486
22
17
517
552
409
782
331
342
303
129
498
734
113
154
607
77
85
742
186
825
544
3
626
445
704
440
686
400
76
635
70
523
508
384
407
419
142
188
693
770
341
170
44
329
432
542
328
473
260
552
679
397
464
375
267
668
353
299
542
754
612
512
198
397
309
517
54
572
257
312
65
192
546
408
64
304
748
735
683
200
440
696
485
244
376
312
302
737
628
423
59
38
382
649
541
810
176
30
159
142
255
693
562
215
398
556
187
456
3
31
71
716
608
806
436
195
77
612
276
550
599
643
51
399
745
624
358
200
190
799
675
118
124
486
744
699
787
444
179
407
510
779
481
425
634
632
276
627
611
530
230
829
77
223
641
403
140
87
464
355
143
212
367
12
589
109
39
332
534
334
663
89
351
22
806
813
624
438
627
549
99
511
102
607
458
708
3
817
189
379
638
751
238
313
793
446
735
468
376
520
619
567
31
639
210
740
150
67
519
9
529
585
651
176
323
204
281
688
30
356
587
712
475
234
560
636
516
636
240
665
704
798
264
364
531
784
6
441
378
91
89
184
124
267
650
164
383
776
341
743
63
446
49
762
10
194
499
191
370
346
787
757
439
685
753
406
673
272
774
283
273
214
826
440
259
798
760
314
151
303
229
368
131
121
72
156
202
784
91
476
45
230
14
239
412
454
568
629
606
488
44
512
182
797
321
381
679
456
157
223
261
186
101
472
291
232
378
541
86
530
803
584
723
145
753
263
195
248
157
166
467
745
700
602
95
22
456
49
630
737
821
457
214
90
691
279
686
486
781
524
48
493
21
425
735
617
319
372
112
711
130
508
651
9
72
315
440
325
518
362
35
519
302
141
518
750
747
176
688
20
222
645
485
289
389
470
6
429
64
365
114
737
226
636
761
175
40
377
391
619
568
622
479
509
376
552
38
198
62
440
11
830
56
718
172
626
643
449
89
451
662
692
664
627
314
214
736
704
576
84
236
654
267
600
723
366
35
2
47
269
219
154
266
44
474
264
456
296
633
39
542
112
812
218
57
249
244
609
629
560
375
652
79
572
126
595
221
432
6
500
830
173
486
810
444
425
201
753
126
622
550
312
320
317
791
819
494
703
49
176
433
9
675
511
266
311
431
768
364
638
373
754
185
482
381
329
739
519
767
35
130
268
580
734
415
730
144
465
501
605
684
156
685
262
284
496
73
518
661
485
84
160
33
468
149
302
326
618
99
260
240
783
35
200
691
788
276
479
273
440
562
540
437
751
605
81
664
195
84
592
654
541
386
231
357
551
812
50
386
256
802
303
161
203
256
3
78
597
402
293
509
358
726
637
197
516
182
86
323
314
437
482
499
316
129
90
337
443
555
187
21
457
512
366
699
276
231
189
356
589
233
68
229
103
747
267
654
315
9
121
348
112
606
69
822
510
413
677
764
267
394
526
773
387
154
369
45
473
658
719
21
753
197
685
484
800
710
811
23
576
271
275
201
365
44
108
40
637
413
529
610
319
44
389
480
323
819
594
86
390
70
509
603
622
694
169
231
781
25
209
695
317
585
274
653
353
632
789
373
212
558
267
95
276
500
829
25
207
532
135
240
829
243
546
722
7
340
104
51
814
390
705
22
33
93
91
763
570
675
821
674
589
389
709
223
266
391
153
799
772
448
423
516
161
127
760
734
740
728
361
275
572
579
458
566
287
561
234
298
733
105
2
502
703
494
805
234
576
803
48
14
385
278
122
253
95
789
783
596
578
352
794
33
418
318
409
360
388
111
790
616
614
64
674
189
565
281
382
343
762
274
182
685
674
787
713
660
91
130
699
706
222
610
724
617
565
715
464
234
364
230
767
633
282
698
769
216
541
542
692
628
122
270
106
679
710
72
514
166
82
269
217
424
301
385
582
386
280
658
151
674
651
782
22
288
830
6
512
336
75
695
140
756
420
629
197
685
483
130
191
15
484
214
544
540
52
359
274
810
724
187
538
591
486
390
426
378
143
655
529
336
151
640
261
128
132
400
12
610
715
175
401
280
416
523
594
315
455
811
141
449
629
154
570
685
240
450
92
78
809
763
144
763
599
32
612
374
340
618
43
167
247
71
592
63
50
565
179
201
597
127
640
789
78
825
573
115
520
481
392
683
801
212
826
480
527
645
584
360
570
488
513
101
635
55
256
327
209
759
279
322
472
436
736
248
357
76
116
780
618
393
407
421
217
814
363
361
389
295
485
100
315
620
225
55
354
418
292
427
28
29
402
731
252
439
612
477
449
224
106
804
513
632
250
811
508
747
728
567
300
49
472
207
248
699
283
763
587
3
784
794
590
36
662
691
555
247
6
134
487
419
682
351
151
439
727
753
252
768
348
152
305
621
271
222
756
505
756
159
112
614
231
86
11
366
560
764
322
187
466
510
769
177
67
716
245
78
357
805
565
128
437
19
161
788
434
16
297
345
739
299
141
4
482
383
657
794
482
497
6
274
64
20
610
70
405
646
491
650
73
481
638
217
724
229
361
279
138
498
826
30
346
201
263
440
517
325
138
781
686
215
167
434
695
453
454
751
786
697
744
687
682
270
282
325
632
748
499
397
109
463
180
519
266
680
379
256
505
490
358
253
664
496
533
541
432
73
703
527
536
58
215
723
526
412
48
140
615
645
5
648
139
127
709
515
692
507
404
711
218
774
604
729
286
253
178
21
296
162
486
83
659
624
152
777
572
612
528
765
289
796
519
410
64
639
278
470
813
275
787
38
347
530
16
248
231
471
654
299
778
695
621
572
669
656
499
476
482
725
108
36
105
324
241
530
762
256
649
138
525
380
679
22
609
482
700
427
532
516
462
719
565
407
429
781
312
115
292
128
762
490
288
193
360
782
5
151
457
395
138
443
512
568
465
666
227
328
140
566
552
825
392
306
523
539
350
726
703
200
106
184
41
737
151
825
51
453
271
96
820
456
318
761
529
250
483
564
391
736
301
344
306
310
579
430
395
699
62
246
663
298
251
157
826
239
364
543
44
287
195
334
535
639
821
267
107
463
712
307
375
692
375
290
166
117
560
79
43
520
190
406
194
53
554
419
65
363
754
503
532
318
615
315
656
20
752
171
825
757
316
434
162
204
138
706
95
271
172
271
624
383
769
102
3
526
281
196
555
566
18
61
344
69
734
711
152
212
469
607
319
542
643
308
473
586
704
336
596
692
453
217
755
434
467
478
119
716
112
801
197
783
331
112
65
386
516
460
261
634
649
513
645
415
603
175
166
290
574
409
215
410
170
397
64
766
523
747
527
585
465
202
48
819
273
273
159
286
125
200
657
278
597
629
648
791
270
492
274
194
670
317
237
448
823
47
131
256
131
576
10
25
562
702
126
147
761
186
208
275
280
57
675
345
441
484
727
446
231
94
438
568
639
806
777
129
509
212
22
521
381
754
191
722
645
293
412
309
810
142
660
350
385
441
703
737
668
761
718
421
534
1
217
26
748
70
676
582
541
266
177
607
387
278
781
121
59
582
504
699
95
817
657
180
22
45
619
61
512
284
91
553
80
65
373
503
713
611
111
103
696
381
729
332
808
660
722
47
551
685
590
87
258
804
820
343
23
45
442
7
201
740
244
302
319
581
104
709
559
512
494
533
721
175
308
576
6
296
805
793
138
259
174
604
385
787
129
181
734
86
226
226
744
157
64
32
212
462
401
663
739
180
263
727
812
170
298
309
571
595
235
730
261
556
606
553
101
295
785
136
758
320
580
512
378
637
74
298
660
662
196
193
338
604
635
196
405
246
429
97
94
385
282
684
41
137
202
517
629
403
281
589
219
148
748
673
726
661
163
637
557
474
242
186
409
152
413
348
674
773
730
177
282
10
714
240
70
264
56
142
149
145
767
212
707
635
533
522
238
483
38
240
702
99
129
292
414
554
797
241
74
830
260
489
296
443
653
668
676
413
367
597
197
401
453
444
609
128
484
131
181
458
508
468
42
31
48
309
482
414
637
539
797
220
416
159
159
86
427
430
153
480
209
768
816
275
785
88
127
747
651
304
172
357
390
812
504
445
305
318
30
396
141
40
641
223
527
665
321
576
722
643
701
546
642
80
528
508
518
207
131
35
459
492
155
74
723
591
584
356
551
508
80
725
748
274
777
715
4
189
277
494
517
825
616
257
247
704
389
524
652
284
248
721
141
310
693
343
309
228
144
119
631
329
704
148
45
376
433
82
601
53
445
3
213
252
445
166
790
395
330
130
586
751
801
442
809
174
28
698
245
216
703
2
671
122
176
21
116
84
225
559
695
238
623
678
356
698
217
231
557
738
334
364
768
646
540
231
469
699
17
30
549
659
675
705
219
589
637
408
665
518
492
395
514
552
34
711
396
599
734
215
2
471
172
20
795
433
705
652
115
441
498
544
370
668
546
97
339
224
333
813
72
39
577
757
535
310
252
535
674
100
801
493
796
603
687
393
302
320
424
238
692
9
228
335
435
218
292
172
157
207
316
718
701
400
359
797
316
131
328
294
386
270
129
91
94
172
387
690
233
636
184
334
165
9
679
66
616
652
646
447
197
205
809
569
477
449
188
55
136
124
175
595
74
39
667
163
476
830
757
622
762
296
201
76
747
705
670
649
86
755
323
556
735
357
310
522
169
280
283
71
161
165
29
56
346
584
725
527
39
123
211
508
294
757
700
607
787
401
785
442
543
666
149
522
604
265
235
395
522
10
532
145
641
406
627
308
487
89
326
545
528
464
41
193
782
365
210
699
430
286
18
59
516
10
115
767
49
169
145
233
742
477
123
601
335
755
102
269
567
258
327
809
598
748
557
481
399
313
63
233
232
250
410
201
616
57
590
92
203
819
86
14
66
19
338
52
484
614
234
766
152
72
632
175
468
340
386
354
539
157
778
147
62
61
338
747
482
363
478
72
87
512
634
626
276
225
333
768
685
760
188
454
805
121
730
344
365
401
263
664
574
579
726
183
326
437
539
513
107
801
219
206
312
364
100
195
333
208
771
802
471
668
691
748
745
444
436
73
582
550
371
339
333
737
289
276
163
471
571
106
613
539
221
655
162
365
482
791
219
763
435
778
480
406
105
6
508
651
328
82
746
325
118
390
396
17
12
768
333
524
319
463
338
596
376
302
37
330
211
136
806
600
562
577
48
676
190
713
203
636
124
763
762
399
493
615
443
496
697
723
377
824
445
603
550
610
816
110
561
349
391
123
82
444
698
197
614
109
68
459
247
185
202
687
224
825
29
575
556
54
581
271
795
690
654
530
596
426
677
257
243
554
799
334
361
233
755
248
437
817
196
310
595
8
521
393
600
601
446
708
226
746
326
328
608
209
86
342
770
423
750
419
180
201
124
583
385
374
237
432
134
148
653
336
825
7
597
445
230
13
79
658
810
281
809
388
305
564
614
694
493
753
188
715
451
574
396
434
791
740
238
499
413
166
46
260
155
519
438
272
779
493
221
563
426
200
316
3
319
143
255
760
117
514
830
440
241
56
569
363
697
696
630
329
343
292
628
318
625
40
325
245
766
738
248
696
781
791
127
313
181
783
234
786
186
91
677
778
141
416
330
90
386
396
680
666
213
795
796
53
484
737
223
494
433
170
128
389
771
166
557
669
340
716
13
818
704
537
366
263
244
433
785
252
72
21
193
8
206
627
671
488
207
510
275
3
371
713
695
40
813
695
729
449
102
749
358
280
48
809
807
160
774
392
167
492
158
245
99
385
381
408
109
308
116
341
417
416
68
411
655
37
116
506
482
336
161
760
158
550
675
383
334
817
520
322
462
513
589
386
708
130
739
145
828
670
768
544
458
795
245
312
407
598
814
679
473
799
762
64
299
441
687
438
579
732
558
390
641
824
43
770
304
334
595
353
771
511
208
462
616
508
42
637
576
760
157
26
494
66
288
176
417
425
175
515
25
248
43
535
390
172
476
181
553
375
732
562
186
818
203
8
584
118
206
243
503
441
126
42
817
338
793
109
572
245
491
20
83
345
413
432
81
237
827
110
9
760
599
653
157
449
481
313
253
726
722
544
560
773
473
5
743
270
698
649
799
185
319
173
666
67
309
208
154
706
122
619
729
394
584
743
168
589
421
226
569
552
100
759
599
628
185
446
810
598
148
715
672
383
365
400
194
175
90
747
85
545
727
206
806
232
113
516
348
292
723
64
26
337
208
199
456
800
821
671
253
348
478
676
810
527
497
760
618
814
401
661
630
677
384
519
445
622
220
499
124
452
298
609
138
698
518
121
684
560
212
580
583
301
119
565
471
334
287
516
698
633
96
190
816
803
425
538
276
451
188
203
604
529
159
64
289
668
232
282
629
382
830
473
748
162
674
57
204
746
170
47
604
88
709
60
822
68
651
585
549
771
80
34
229
359
131
352
17
659
8
403
128
495
651
332
745
587
605
160
652
430
448
178
164
303
542
715
198
682
715
794
27
526
370
372
590
152
265
100
317
307
573
619
268
612
21
369
21
747
776
179
482
431
71
268
392
565
681
755
84
147
794
414
773
647
303
90
407
683
817
150
693
110
433
657
538
751
463
153
427
38
786
298
400
266
210
162
387
702
248
215
18
341
692
810
532
327
367
307
752
40
347
101
365
256
466
338
371
267
105
788
510
15
638
380
565
614
602
614
779
283
300
298
684
596
499
630
117
783
77
153
43
63
43
447
679
825
397
139
434
137
566
338
247
295
461
20
744
383
366
367
72
318
381
813
241
785
335
661
118
68
7
540
719
514
422
310
67
389
713
506
270
657
718
32
626
276
559
106
795
330
628
642
710
279
189
759
147
241
188
295
50
813
511
50
150
222
674
369
796
669
768
384
399
438
684
37
170
601
245
200
705
716
6
453
639
432
97
416
643
174
576
561
488
280
150
471
297
2
177
565
521
371
80
483
669
423
210
207
770
263
112
466
391
94
817
597
505
56
737
791
305
119
451
463
59
446
5
717
152
81
724
141
468
119
751
813
273
670
783
545
800
315
433
39
426
654
676
581
634
806
320
129
497
533
108
806
805
171
5
98
530
720
814
420
529
178
123
64
563
302
714
308
561
367
770
454
6
341
40
590
629
675
419
430
444
449
798
563
737
368
495
696
157
523
532
34
362
695
151
479
757
198
308
428
184
457
388
450
611
564
611
379
700
524
727
354
752
457
462
406
412
579
254
10
763
608
40
166
60
170
747
58
251
764
751
746
192
113
568
575
400
459
378
423
172
695
218
344
334
363
778
773
407
455
8
494
604
374
131
213
697
630
557
463
636
306
618
476
152
177
427
785
577
539
442
47
302
126
11
797
790
365
763
641
569
212
71
691
557
264
621
749
286
384
11
655
108
175
564
540
672
46
515
537
30
562
133
548
549
55
358
526
417
449
693
722
284
599
646
814
347
702
199
306
732
9
532
345
793
797
205
287
609
665
468
209
111
376
278
243
400
227
365
777
458
123
196
1
297
765
447
242
303
666
42
435
95
223
649
451
827
301
138
254
98
385
644
564
776
116
454
117
821
289
96
740
40
403
125
526
264
506
310
753
113
451
663
254
85
367
323
450
737
99
127
122
7
124
438
593
533
703
446
473
275
300
184
703
547
200
518
137
32
468
654
813
329
480
700
711
579
453
813
331
505
653
662
646
330
11
234
519
408
474
647
256
130
627
204
603
233
707
633
658
301
407
201
355
578
251
726
591
374
368
315
675
671
244
35
252
101
246
812
521
246
756
824
287
535
566
588
147
207
597
744
339
50
621
718
580
476
685
349
416
217
697
17
52
212
333
619
70
450
258
318
366
812
287
563
393
538
118
344
497
756
521
356
359
678
337
39
621
538
611
178
1
210
390
633
716
663
733
574
122
652
325
213
612
366
782
68
484
818
251
696
768
347
727
333
757
153
17
536
467
809
477
662
403
249
298
285
122
825
573
247
325
30
283
341
577
134
267
455
589
73
555
418
741
561
442
104
445
404
98
301
675
541
179
100
217
206
749
262
160
403
763
761
210
75
595
713
164
38
700
109
817
544
737
511
713
639
168
744
124
158
107
297
229
1
756
314
336
404
681
20
425
364
775
582
716
820
526
324
525
441
159
94
627
771
301
67
287
469
123
495
488
225
415
56
503
445
627
216
298
698
677
319
618
592
149
212
228
630
655
204
734
49
793
100
411
785
423
416
210
656
220
552
546
237
189
514
5
626
195
99
651
819
79
204
302
350
18
466
399
145
83
603
492
273
226
552
261
368
459
364
773
530
611
245
489
694
596
134
214
704
250
644
574
809
725
448
360
786
715
444
673
217
142
42
348
62
222
708
442
251
329
70
477
698
79
461
126
324
555
530
776
324
664
395
258
537
160
696
249
312
109
614
348
203
430
448
427
682
799
552
307
422
371
773
736
79
648
742
598
129
205
287
264
434
148
108
169
405
234
308
288
406
780
829
79
327
497
295
772
189
666
704
306
373
245
599
622
223
173
584
623
151
15
44
658
123
639
365
112
346
457
704
291
684
13
812
227
16
730
147
473
144
261
464
462
327
1
178
753
447
192
458
75
661
717
80
613
332
69
679
274
412
334
433
189
674
476
625
430
821
750
340
427
93
779
391
227
320
225
438
249
809
308
486
804
202
163
809
228
41
830
67
719
627
747
505
689
362
707
616
623
502
150
622
174
22
505
23
651
118
425
320
578
17
507
560
317
342
729
425
143
231
313
695
740
682
470
278
449
6
440
454
180
312
130
299
565
482
427
597
278
606
810
81
671
282
246
186
115
439
461
748
360
613
82
648
639
131
15
71
405
51
721
589
372
677
575
209
549
717
565
723
117
622
9
830
577
648
682
543
331
739
192
510
2
551
650
120
162
271
608
553
645
233
32
62
523
243
318
578
312
340
458
116
117
214
17
390
85
612
323
368
778
784
221
788
325
159
335
556
278
521
753
629
546
539
712
176
290
519
675
645
568
83
216
287
213
684
510
86
72
566
350
163
8
519
685
261
487
163
96
519
124
150
819
405
790
22
631
683
393
112
349
335
459
209
301
511
556
681
378
338
270
676
93
554
638
67
311
141
332
426
818
303
400
702
824
509
362
173
272
465
713
502
598
780
69
495
398
350
212
14
515
425
195
268
287
753
37
680
105
772
25
256
515
323
4
400
121
328
303
493
800
301
16
447
723
108
245
510
657
552
76
535
84
572
209
113
827
748
735
635
706
565
442
162
767
495
674
669
563
228
319
24
722
296
678
587
25
271
27
85
613
486
618
193
825
155
76
716
583
343
293
791
221
444
467
548
83
457
246
403
759
242
359
92
663
568
560
462
36
383
698
709
26
148
570
422
50
655
515
159
780
280
294
631
589
669
143
195
155
410
244
771
213
767
657
693
146
608
738
743
126
449
555
607
79
822
543
86
461
817
461
296
106
784
573
637
148
605
454
518
474
573
428
744
809
449
105
510
15
688
568
309
709
655
74
495
61
738
71
463
665
165
355
243
526
736
668
60
769
427
341
411
384
599
478
470
181
741
803
609
308
244
410
189
668
803
267
282
76
155
739
500
303
649
756
378
41
545
633
206
201
3
206
342
385
520
715
160
367
54
643
73
623
448
782
258
533
186
714
764
384
393
615
398
105
323
641
651
68
443
369
222
735
594
748
706
410
457
343
493
782
560
235
752
788
763
86
498
455
282
142
103
421
488
322
141
460
332
423
809
758
713
809
23
169
181
140
370
134
548
421
338
156
241
827
252
329
406
202
597
123
113
386
39
669
466
200
152
273
352
511
219
27
177
780
81
671
203
334
748
210
643
826
669
551
73
13
642
529
622
130
104
666
102
701
444
688
766
284
215
527
797
602
307
376
447
312
569
472
743
632
660
719
346
248
604
238
540
41
651
742
10
182
60
405
174
392
104
220
539
573
465
328
607
493
814
823
590
168
461
174
502
570
727
564
234
166
438
733
224
305
147
532
731
368
79
212
320
730
227
580
177
617
740
495
644
173
624
83
183
459
125
25
651
580
403
142
342
740
60
376
556
446
88
117
215
627
450
49
533
14
327
418
196
338
451
221
314
101
87
734
633
67
504
712
420
489
336
732
484
120
765
146
591
162
200
184
495
705
715
3
182
746
580
31
379
217
165
97
755
513
671
448
208
452
26
16
485
800
752
626
119
563
748
38
675
769
24
340
804
402
600
602
521
523
586
150
303
371
519
423
702
183
115
1
530
346
812
711
118
692
447
144
206
95
263
147
91
416
793
60
485
468
464
593
128
186
470
685
674
763
699
521
107
63
614
404
45
765
549
140
112
687
424
491
247
708
110
642
263
330
211
635
535
193
220
685
475
761
209
741
141
748
322
355
170
774
783
468
167
775
194
399
5
678
298
200
43
287
753
13
208
42
54
724
619
395
104
373
423
250
178
493
142
770
222
212
628
588
50
164
310
679
390
49
685
513
307
501
331
629
569
145
189
81
372
427
679
68
789
311
782
469
639
310
228
334
209
407
183
304
364
260
200
53
659
361
551
329
761
753
607
606
626
826
602
604
595
121
373
787
421
695
628
809
768
524
767
216
594
443
229
251
544
792
407
164
123
720
561
777
757
775
489
586
488
721
264
696
82
161
73
147
28
724
163
127
94
663
827
396
826
51
324
445
237
2
339
592
768
120
274
691
339
605
450
213
647
199
193
298
403
729
38
359
315
130
725
298
685
196
25
395
14
752
350
373
488
456
292
349
179
176
752
816
712
358
437
471
635
220
229
105
532
106
195
105
780
598
280
467
74
784
668
731
281
528
772
468
580
542
115
204
635
776
245
366
773
161
569
697
735
764
325
610
537
255
788
438
106
596
763
191
771
653
418
168
608
460
728
55
466
161
545
334
244
733
175
102
126
35
384
449
445
206
118
243
529
566
326
555
179
529
274
481
669
266
286
212
103
596
764
728
444
272
45
149
155
588
785
716
161
530
308
794
372
292
7
675
23
2
704
786
298
758
686
823
334
637
745
262
696
82
485
235
243
589
344
521
644
657
3
198
782
29
741
239
314
288
605
377
252
819
354
466
94
582
94
462
802
293
312
434
144
278
642
104
282
36
645
374
714
26
817
104
517
586
365
681
808
822
128
405
561
208
794
758
562
30
221
163
262
30
20
509
756
604
87
668
629
114
49
391
498
594
72
458
247
63
608
312
565
432
425
314
766
417
796
388
467
669
193
283
547
307
73
769
34
39
801
19
508
446
160
610
677
824
648
363
133
2
221
233
637
560
427
252
808
462
389
175
627
701
760
573
728
277
272
803
242
393
141
670
582
513
730
318
278
282
764
624
397
421
84
174
102
107
265
344
544
397
129
541
185
828
753
352
783
665
107
226
195
756
591
791
390
701
304
739
506
409
392
74
163
253
64
740
381
128
372
383
318
265
737
496
139
603
393
294
398
668
540
745
420
484
724
414
629
414
638
5
726
602
322
139
496
544
94
283
320
665
608
674
535
2
403
367
329
536
389
289
431
301
117
662
733
264
117
824
39
51
185
255
515
550
297
279
578
39
676
552
657
184
23
534
117
625
745
650
793
425
29
7
582
528
266
683
735
130
397
668
461
505
160
211
677
275
452
437
248
2
418
382
469
740
418
753
330
89
582
211
34
652
184
540
344
492
275
479
598
793
344
343
279
725
559
140
535
366
42
589
252
457
228
660
451
23
505
820
361
625
207
78
545
662
597
394
707
64
120
830
412
384
281
172
41
694
484
718
309
636
626
729
270
419
195
813
605
230
245
27
418
407
489
433
193
235
273
6
357
462
689
652
813
60
715
131
332
37
132
527
119
601
340
250
377
285
747
76
411
85
220
157
184
766
190
656
94
27
264
332
344
676
170
716
776
121
811
313
383
737
460
39
146
132
123
406
398
570
661
303
100
352
514
627
574
731
326
221
59
30
634
352
387
551
140
62
612
713
342
742
550
117
451
819
654
413
68
782
806
765
419
767
218
612
323
476
811
465
118
358
737
112
820
782
673
771
125
50
131
194
386
348
59
447
269
3
661
404
750
63
782
10
457
433
420
182
329
481
527
279
151
351
488
70
328
637
215
237
208
11
127
699
210
86
698
91
533
135
807
208
207
245
517
717
563
402
350
714
462
624
401
287
644
341
797
10
364
638
82
203
496
553
423
409
304
63
318
270
74
157
740
168
285
551
811
178
317
826
323
120
469
78
87
748
306
613
455
736
205
296
138
437
795
379
573
623
749
219
544
704
826
227
762
364
750
634
38
613
462
388
755
54
513
125
766
542
70
589
504
519
778
305
106
497
681
464
370
189
49
305
720
543
552
419
806
294
160
310
21
297
263
212
588
567
45
500
544
713
812
36
708
803
189
556
754
428
320
644
611
417
687
195
762
423
660
295
422
325
443
390
620
28
102
616
509
388
389
42
436
764
617
813
361
42
473
606
347
677
608
122
752
46
474
451
281
247
337
603
288
223
316
737
376
665
243
377
120
397
523
189
797
336
242
114
175
173
378
413
698
434
737
21
289
62
170
197
45
517
242
126
185
617
500
552
246
228
675
792
612
467
437
324
575
208
261
82
737
30
294
380
44
503
635
745
760
587
322
472
430
625
488
746
666
782
671
323
517
568
732
420
153
752
545
233
365
727
444
145
661
240
800
154
213
815
705
376
161
767
153
278
749
630
150
642
448
730
185
415
516
180
713
626
427
815
128
757
515
185
67
781
747
395
540
635
284
176
587
158
83
630
145
209
577
460
383
497
714
447
564
756
292
760
812
113
435
636
404
149
476
817
314
374
119
296
249
56
308
703
378
244
67
617
164
70
184
150
440
201
205
688
254
111
234
38
406
390
286
35
514
411
814
705
353
772
15
198
204
240
503
371
486
305
457
396
204
314
49
190
573
442
787
241
636
355
386
656
95
114
576
381
298
99
320
66
109
671
597
703
144
238
791
627
551
278
207
459
829
528
128
723
287
529
269
167
822
590
133
363
735
33
378
599
207
344
724
34
144
829
97
307
575
660
395
96
95
339
273
679
479
33
726
345
442
335
478
767
230
225
791
595
546
369
591
778
431
611
686
522
766
293
44
370
690
32
779
505
607
378
127
5
305
480
64
457
226
36
649
733
133
587
582
253
661
674
777
379
503
79
495
826
188
720
716
256
198
279
598
186
720
609
638
420
254
272
449
13
124
568
558
414
325
284
667
421
200
139
46
202
199
283
94
792
422
143
804
29
562
198
180
455
588
567
589
300
788
785
98
373
231
786
438
651
76
203
28
422
421
734
440
384
500
567
118
233
39
542
368
387
256
696
56
188
684
786
543
498
795
230
824
298
410
466
519
529
314
22
362
179
608
601
390
624
586
344
830
88
309
373
499
696
770
681
629
164
468
331
688
49
481
418
21
140
728
662
165
497
298
55
575
352
710
12
368
709
280
624
350
473
783
93
612
538
400
25
332
554
101
258
534
50
632
443
687
520
238
810
638
67
638
346
557
515
534
526
6
789
807
563
742
540
9
828
351
60
712
59
376
578
151
273
403
583
37
721
247
356
124
112
585
254
433
385
435
788
803
333
576
797
193
519
494
576
827
6
774
660
102
545
61
216
97
388
785
467
109
379
737
399
149
579
419
154
412
774
647
737
624
658
557
146
286
809
437
647
818
248
802
445
696
336
764
59
719
459
215
302
255
519
756
266
421
590
163
641
196
276
519
600
766
471
415
32
76
830
192
282
108
432
675
506
96
429
197
74
794
333
708
445
258
652
439
210
251
79
68
490
686
445
385
770
221
17
634
490
18
811
485
401
11
463
254
777
693
1
428
530
59
458
591
111
691
145
453
420
147
15
665
821
418
55
285
45
152
534
118
222
135
710
544
762
441
389
407
713
353
149
784
715
86
767
599
281
269
672
723
82
374
535
332
632
561
211
822
664
726
586
636
193
782
786
330
646
746
645
511
706
439
553
780
161
609
322
351
440
559
568
353
194
698
550
663
560
128
423
322
241
14
197
199
53
218
813
24
773
174
608
469
60
15
591
598
298
20
572
127
297
774
525
261
59
433
373
639
180
382
540
426
735
669
290
180
334
13
125
548
67
582
364
13
471
228
341
819
31
378
510
802
221
456
537
660
6
316
371
794
596
724
778
265
643
458
679
347
155
541
4
256
495
30
345
87
738
408
570
439
713
536
498
432
227
176
377
237
526
540
554
211
220
803
565
170
669
489
253
807
719
413
477
766
34
520
295
713
109
660
794
92
216
573
358
360
669
458
71
316
410
90
736
522
475
191
667
472
110
565
739
458
210
56
766
299
794
410
305
253
211
647
418
95
548
450
729
595
701
588
712
403
199
751
600
199
139
513
421
389
627
277
604
561
35
799
366
363
382
5
648
608
632
538
244
727
338
642
756
162
211
135
713
483
451
584
347
782
465
459
342
277
374
390
603
6
223
665
150
552
743
474
563
135
269
41
346
342
662
489
319
665
491
137
815
587
547
790
658
244
598
680
632
414
378
677
424
312
321
113
586
250
652
159
380
256
525
644
394
328
366
775
721
524
212
330
691
276
468
754
257
685
164
198
352
747
652
579
433
663
499
233
405
349
637
391
481
520
733
428
461
293
152
508
499
736
467
762
122
546
715
644
659
598
248
343
129
337
618
181
145
130
240
438
3
534
730
231
729
262
226
490
682
426
560
538
618
486
689
470
775
827
756
638
164
469
369
698
248
507
514
689
513
218
144
489
797
811
397
799
823
135
525
316
270
677
421
522
805
303
308
543
621
702
544
450
476
580
421
756
712
155
616
516
639
444
4
24
512
564
5
700
149
12
316
422
583
706
699
110
395
533
110
505
280
811
691
67
110
158
187
511
297
120
814
200
723
692
103
111
742
66
804
343
95
801
818
29
315
725
53
319
460
186
768
190
528
579
443
205
105
538
568
788
298
296
99
338
64
303
228
362
216
777
504
162
618
554
808
608
95
524
353
671
678
507
670
206
503
412
278
827
818
420
24
487
630
309
307
565
812
578
717
241
403
264
454
363
624
634
441
221
551
276
438
471
357
1
467
766
602
578
440
294
440
348
216
144
370
726
783
643
73
207
539
86
49
275
359
228
169
606
95
362
823
718
329
182
340
518
813
723
555
805
541
745
736
538
599
178
788
211
68
804
809
729
701
127
759
622
597
761
448
578
668
390
433
155
717
397
781
751
753
821
769
689
493
588
529
654
666
523
121
784
59
331
276
344
616
677
381
64
787
405
62
687
153
356
319
802
161
662
345
191
13
493
657
444
799
531
171
825
43
731
727
10
779
95
31
153
247
25
698
623
187
327
264
297
813
718
45
7
804
566
542
301
296
614
471
428
31
548
747
790
504
790
74
305
286
765
735
660
667
57
733
229
260
501
389
167
767
405
741
71
391
90
616
385
521
288
363
559
589
179
169
378
456
531
45
668
679
563
663
348
745
623
761
363
797
293
796
762
401
660
804
514
739
449
31
778
336
592
542
770
658
556
51
290
494
649
637
766
613
429
503
803
298
67
112
681
193
55
45
429
406
433
219
820
747
204
276
794
75
623
17
201
361
423
442
757
485
329
583
669
301
402
183
178
165
308
543
29
664
442
105
132
126
73
794
255
146
286
174
99
829
571
327
626
782
446
591
184
304
18
121
723
712
422
466
398
400
11
92
682
503
553
701
732
678
587
826
720
780
38
717
342
248
630
739
366
548
614
199
672
615
541
791
140
357
195
333
122
579
676
524
280
569
551
794
477
568
462
41
763
414
764
556
55
153
121
328
822
247
629
590
516
41
235
588
56
374
304
678
8
543
34
41
470
802
29
243
365
603
396
422
65
780
208
477
759
711
486
199
723
718
41
779
298
510
349
286
354
754
350
79
702
754
566
439
83
235
629
755
163
544
729
440
184
334
464
231
790
74
301
681
293
406
349
694
645
249
297
258
311
324
344
657
699
452
827
196
450
137
418
306
263
18
166
609
666
118
416
362
533
3
118
206
617
10
50
657
362
167
746
113
542
736
647
304
437
255
539
290
727
72
523
691
107
650
177
301
187
248
129
692
319
28
739
632
289
708
74
286
316
278
682
31
456
701
658
499
2
166
616
413
817
326
670
779
219
157
435
101
330
24
59
472
771
821
101
559
259
127
638
766
258
451
263
363
652
818
403
743
165
710
226
509
300
784
604
674
77
479
571
528
776
600
18
132
766
179
221
659
510
676
296
33
144
146
619
401
519
146
475
192
401
771
77
143
156
422
673
812
714
765
37
752
758
670
388
689
768
227
801
7
382
133
418
739
489
246
74
815
656
493
100
372
742
497
726
185
617
64
823
34
813
258
754
608
252
470
404
124
107
289
456
669
483
677
264
617
457
756
243
674
741
128
520
788
128
461
150
812
323
308
3
5
252
1
186
389
570
220
371
292
31
380
638
47
45
126
56
280
532
483
698
69
534
709
216
589
120
383
686
538
172
400
293
574
830
639
363
403
651
798
382
538
696
638
187
653
662
745
60
177
319
137
382
692
145
765
397
385
163
601
65
740
828
15
242
558
415
314
18
542
131
7
87
781
465
755
644
788
167
356
132
339
288
564
261
26
430
662
399
813
526
703
651
567
572
51
577
758
317
543
20
214
40
112
370
695
437
12
534
607
469
638
333
124
444
250
210
750
343
659
494
119
731
676
657
242
343
675
202
404
89
465
690
268
473
826
21
799
243
740
677
532
477
202
464
552
335
564
123
728
437
478
26
794
63
549
355
246
783
504
501
607
247
753
374
234
111
11
620
47
458
500
794
528
716
20
140
245
400
819
812
444
738
458
554
449
478
335
481
619
617
523
425
668
498
254
137
479
701
662
121
469
717
497
284
355
705
551
661
646
604
419
22
476
181
452
307
823
92
712
382
573
236
174
749
298
202
242
279
204
267
289
806
565
386
138
829
73
694
183
350
512
40
201
487
358
760
770
218
420
586
248
714
708
97
324
501
312
104
820
286
594
393
212
166
377
334
468
723
141
261
392
653
48
545
510
607
720
480
39
585
472
47
738
356
198
565
649
299
232
486
315
203
412
775
641
294
459
246
22
578
779
310
35
436
415
141
349
486
567
387
373
3
173
504
477
298
773
159
587
502
652
85
474
412
665
707
634
184
566
757
758
318
60
667
751
682
172
605
475
618
670
257
585
536
240
504
170
352
4
197
80
609
184
625
46
46
387
486
204
250
100
256
1
103
698
8
269
548
740
126
308
207
575
262
438
592
59
310
776
699
395
604
735
265
151
480
327
615
730
393
230
395
112
37
565
368
122
232
195
757
22
70
390
794
817
770
811
133
773
157
304
497
734
153
497
121
445
132
681
502
759
132
154
400
318
336
324
202
37
391
41
462
621
219
433
630
520
287
522
643
776
10
335
128
660
3
316
198
675
205
85
809
20
529
210
236
22
675
391
570
157
418
4
738
21
770
167
827
402
561
322
267
347
116
531
705
670
593
691
42
420
131
648
378
7
341
369
129
222
532
580
360
802
18
393
94
152
471
813
105
252
582
341
187
635
8
496
410
733
62
328
367
336
810
728
45
15
441
505
318
54
632
761
276
760
306
736
294
18
163
306
724
461
425
139
251
323
594
136
122
457
785
606
74
708
195
187
770
270
287
815
686
711
315
404
710
384
727
346
492
40
188
825
781
590
748
563
117
570
274
264
373
252
322
120
739
118
452
379
488
548
238
192
739
791
385
436
66
380
530
614
440
713
235
811
750
44
771
404
252
77
602
453
580
258
816
15
603
601
381
399
91
436
29
529
86
807
795
370
218
443
788
403
506
168
425
184
513
807
280
59
188
168
773
140
25
779
473
589
151
456
151
367
84
593
641
146
810
100
627
727
537
373
749
744
214
499
136
303
8
158
98
729
349
53
183
147
34
583
309
726
492
400
475
298
379
232
221
232
79
528
306
761
32
179
347
517
819
325
47
413
603
702
580
552
280
472
133
308
417
192
462
535
688
352
561
310
587
722
192
751
390
156
573
711
229
317
147
775
502
651
799
650
306
305
158
165
584
158
531
521
493
167
198
665
280
677
293
419
265
766
143
470
767
250
139
176
64
505
135
223
417
291
84
665
273
4
88
99
220
575
582
539
420
113
6
571
53
628
167
574
740
39
712
11
231
281
737
799
553
219
781
273
416
328
473
488
658
230
58
670
513
432
753
20
31
266
372
77
721
635
784
126
63
511
659
818
519
361
313
347
389
4
131
107
613
480
270
84
229
301
283
792
663
202
682
125
703
192
544
95
378
519
128
378
586
285
579
515
257
48
17
146
63
444
20
821
492
669
340
776
321
391
769
288
417
580
162
257
751
341
274
445
729
343
416
94
190
217
58
493
419
223
446
281
384
564
443
398
327
151
824
586
381
193
161
681
460
288
187
655
421
710
78
17
61
138
372
742
156
482
795
476
760
225
133
702
534
260
501
54
747
247
448
293
357
386
310
661
460
538
829
113
634
40
622
519
227
739
214
701
115
273
298
264
696
217
793
559
114
308
52
736
530
178
617
77
96
161
622
632
816
583
624
775
527
443
602
713
493
35
812
599
721
234
529
671
313
828
641
333
392
44
212
11
244
24
149
470
640
538
337
163
392
173
396
715
400
490
757
674
687
358
501
806
252
287
160
177
373
155
372
357
526
437
74
681
190
435
418
411
546
549
383
815
757
304
305
723
546
520
432
540
22
429
430
523
100
252
255
415
86
732
10
758
100
532
684
532
205
172
181
519
420
40
283
103
646
344
828
15
276
495
669
781
433
364
653
70
755
217
161
542
176
8
478
510
165
287
243
490
457
538
180
135
426
381
233
437
469
600
104
193
357
255
243
59
478
473
363
281
564
468
249
225
41
177
660
507
189
151
163
692
398
122
154
815
448
184
69
522
659
725
505
463
353
592
8
757
467
40
236
384
457
636
300
386
475
67
434
34
75
665
456
595
83
812
696
203
821
149
670
358
241
423
776
68
583
318
777
597
161
410
403
362
263
324
382
686
708
48
612
779
213
1
413
662
392
74
589
820
712
19
815
444
609
277
200
169
510
603
803
331
741
337
72
37
794
706
441
74
711
129
618
205
791
683
790
802
406
625
656
87
381
695
253
395
469
677
409
433
86
719
642
156
778
530
215
510
112
514
739
112
449
431
451
461
772
460
36
454
112
283
801
75
31
324
185
496
824
452
206
22
9
62
742
651
168
116
334
286
816
41
138
606
240
4
171
823
519
120
32
422
283
808
476
75
129
223
644
56
77
246
413
51
85
305
394
651
470
384
168
206
798
543
587
670
754
172
287
559
178
81
309
194
231
93
121
585
373
111
407
752
463
304
821
469
490
685
441
21
623
54
749
75
617
424
95
45
152
594
66
82
539
501
44
594
447
282
335
229
224
139
345
30
198
824
457
394
221
108
506
60
259
139
769
238
467
314
333
764
196
783
50
130
807
221
127
416
172
155
200
679
242
584
726
514
797
750
214
407
619
493
585
516
493
15
645
761
67
153
86
498
207
813
7
403
305
286
8
747
599
70
253
481
461
534
127
29
201
531
823
550
546
75
345
55
146
759
565
765
614
142
53
671
432
222
161
502
41
541
319
222
777
589
457
90
118
75
696
295
57
50
722
771
103
353
68
350
440
514
499
228
746
334
79
576
742
62
285
433
54
632
67
443
19
369
80
378
65
137
125
494
312
547
825
610
117
128
499
715
721
416
212
31
621
43
571
162
269
588
45
31
418
706
316
763
396
431
825
517
535
75
229
421
408
364
406
75
151
274
697
654
187
545
173
425
544
691
107
629
89
509
555
365
148
154
704
166
509
517
265
547
210
460
476
230
816
648
385
165
31
471
505
250
476
445
197
83
448
318
177
21
629
673
91
311
200
72
348
44
73
825
340
149
635
107
108
783
682
263
113
580
206
176
508
528
21
727
570
77
668
708
648
366
10
657
743
485
827
594
437
118
630
151
655
691
158
56
605
487
164
400
454
416
325
416
345
682
575
502
566
749
495
764
328
560
400
703
228
192
161
14
657
588
221
823
296
662
144
683
640
680
596
498
723
734
14
118
288
650
172
242
774
767
594
596
28
375
771
64
222
350
680
316
54
705
533
635
525
751
239
404
817
371
777
801
555
27
145
16
425
826
545
287
340
681
1
599
762
85
555
693
645
684
470
14
710
431
243
699
290
601
561
773
73
617
338
24
413
292
595
238
366
341
368
123
95
700
260
786
613
461
193
417
389
517
437
691
13
563
706
451
596
203
698
471
113
477
572
312
622
774
182
585
358
556
432
13
703
254
111
358
801
92
232
726
97
731
513
378
797
529
238
737
296
702
70
368
755
338
60
350
671
225
234
623
439
558
193
465
672
351
476
190
3
530
384
772
326
376
683
281
363
312
647
74
9
674
270
447
741
217
680
153
108
327
567
305
105
93
610
727
453
817
69
197
355
468
16
412
393
257
299
801
422
484
294
496
363
613
734
205
501
266
400
608
766
190
449
449
45
700
161
144
550
373
580
39
139
735
439
245
292
12
596
27
714
288
81
267
87
258
78
205
133
30
120
678
781
104
707
263
235
525
22
698
117
207
368
515
39
398
151
637
133
639
268
548
558
407
160
280
412
799
766
24
190
105
535
596
696
207
377
97
231
139
737
300
265
30
195
184
61
342
432
742
300
798
821
243
776
253
612
724
704
184
41
258
145
439
823
28
666
282
697
808
91
389
443
528
213
579
520
43
463
434
531
154
268
237
622
52
704
285
553
309
39
691
340
683
384
2
199
598
308
575
643
309
501
571
377
256
322
520
608
114
629
529
400
537
104
737
587
120
452
121
86
805
572
202
164
529
206
356
240
105
370
725
178
297
675
296
410
526
735
378
224
364
605
164
295
799
315
487
773
528
240
278
811
670
271
723
383
669
6
399
204
142
344
566
225
276
533
448
657
101
137
678
475
558
123
593
41
400
497
485
452
440
230
543
241
123
44
765
364
509
215
789
562
376
527
581
164
519
350
239
61
433
447
258
705
708
117
338
505
810
379
219
129
528
256
237
528
399
389
281
825
556
536
587
44
728
816
483
295
623
325
412
186
504
230
99
430
616
573
618
288
759
795
189
796
501
140
13
637
223
433
273
592
102
292
682
590
421
205
121
531
464
624
244
610
26
300
250
689
626
585
118
672
247
338
419
128
460
775
164
177
239
192
381
695
658
690
397
626
754
566
346
279
508
569
655
98
133
358
392
179
425
779
524
303
337
689
60
359
54
576
665
611
388
18
719
786
825
52
665
813
185
708
410
601
185
115
463
713
220
675
586
171
131
501
535
197
435
522
369
33
365
8
296
811
429
476
544
730
536
763
220
377
499
470
548
593
680
821
129
647
413
2
442
192
625
257
503
446
439
808
125
11
434
805
757
497
223
809
775
119
318
386
652
402
67
36
153
760
562
328
376
142
48
426
753
365
773
61
703
9
534
564
791
741
699
315
507
379
242
339
61
453
48
730
627
527
207
42
774
356
536
729
281
195
68
710
36
347
22
159
118
425
785
229
822
766
710
49
469
254
821
442
623
646
19
766
549
335
170
175
388
143
66
52
669
536
422
441
615
760
558
55
420
12
270
460
515
547
56
719
323
411
453
334
621
494
443
410
317
294
496
417
69
97
59
134
710
142
721
326
781
380
313
149
732
538
596
627
633
614
204
345
587
362
633
216
512
492
789
390
50
442
739
149
446
550
110
538
741
806
414
823
791
369
409
172
391
68
9
242
185
92
123
315
150
155
179
391
550
48
230
395
294
270
61
612
621
429
801
474
823
513
527
99
349
689
413
596
319
116
649
552
37
549
321
602
171
230
336
583
285
570
504
500
458
746
242
624
336
354
643
70
639
338
577
160
364
355
492
475
534
273
465
655
363
72
5
547
79
276
445
819
521
289
664
311
729
125
799
468
293
820
133
337
290
788
598
76
169
548
245
828
118
67
174
274
386
497
418
320
565
337
733
87
252
76
274
424
445
381
102
214
208
67
604
300
805
12
199
805
496
147
444
596
762
765
415
177
105
76
107
721
699
200
718
814
59
335
315
545
806
480
670
422
535
58
585
299
450
126
669
487
682
332
319
85
260
163
584
91
201
713
675
825
636
310
476
568
43
546
294
594
64
230
347
278
76
711
526
816
809
805
259
75
379
441
365
71
548
466
188
100
657
135
663
557
446
719
294
281
421
440
711
271
182
6
391
172
356
816
617
400
172
189
175
90
264
393
339
192
53
211
542
233
427
406
545
712
257
44
727
149
623
375
297
380
200
352
783
627
85
404
96
27
298
444
704
811
740
772
369
279
195
13
592
338
315
261
139
593
99
650
761
331
660
296
687
445
182
329
603
293
182
660
542
261
702
521
137
418
119
487
555
375
311
391
98
66
766
219
41
569
361
439
429
799
408
579
683
809
693
357
411
116
285
547
351
784
591
538
490
596
384
381
205
21
671
552
77
615
189
53
776
5
470
224
592
473
693
686
631
12
741
773
222
34
71
539
747
651
168
733
728
498
377
495
766
447
746
780
668
334
796
346
376
323
367
178
335
102
407
251
234
470
58
517
402
425
334
812
550
830
564
44
225
612
153
142
514
541
58
76
63
24
571
65
107
667
90
287
391
274
289
726
747
829
251
361
446
584
702
74
158
427
184
230
105
459
334
174
219
608
787
211
596
322
616
803
565
591
811
726
123
206
808
443
474
340
821
31
520
438
344
649
421
303
58
540
751
666
463
152
398
200
62
133
654
475
288
560
35
168
243
142
90
553
403
676
506
35
677
480
795
752
594
200
403
565
130
66
295
96
278
298
393
541
560
796
639
96
646
367
678
586
581
596
359
84
629
383
138
391
750
700
113
210
212
302
740
108
214
179
296
764
513
535
669
817
397
680
621
619
215
88
575
294
636
445
729
192
332
779
369
525
483
393
163
779
71
165
314
717
176
56
92
677
823
760
467
407
438
693
101
397
538
664
27
813
85
702
16
68
345
336
802
548
451
686
744
626
799
726
731
94
676
203
729
723
315
226
720
632
287
513
646
761
513
780
281
175
377
398
411
394
185
315
60
745
780
338
514
638
288
431
509
245
400
531
177
175
89
67
537
760
504
460
608
63
624
135
376
199
813
318
312
66
65
158
387
492
579
562
464
788
826
514
398
770
458
47
416
504
174
715
323
203
66
99
663
302
720
708
39
126
756
823
812
234
754
113
676
640
586
749
224
111
580
583
713
58
138
546
53
562
637
670
28
797
284
334
266
812
506
141
428
781
492
115
409
647
744
397
122
490
794
722
71
590
775
529
392
724
431
228
173
579
496
27
736
461
318
793
516
643
813
220
723
349
650
71
270
443
727
425
592
332
383
67
335
41
719
530
319
238
147
53
371
499
183
172
540
725
485
290
311
627
722
765
543
319
225
801
397
381
412
11
289
710
585
496
192
126
483
242
297
152
721
392
821
269
299
181
640
167
243
310
169
472
679
274
76
444
342
768
813
258
449
277
365
492
414
374
321
617
298
479
57
572
704
829
783
753
80
404
128
378
144
612
503
206
750
533
358
164
563
599
651
716
490
692
206
195
777
72
714
576
638
682
211
289
380
415
111
72
82
136
241
162
708
517
521
566
562
738
677
314
589
37
175
697
210
503
791
358
110
430
45
753
346
47
814
758
384
55
819
814
807
48
268
802
583
553
271
825
245
472
466
140
748
215
442
120
524
270
197
506
2
763
225
625
278
663
433
669
426
123
552
658
389
823
246
805
88
551
448
18
788
125
552
44
586
260
587
531
439
372
17
597
266
550
531
733
428
293
579
356
193
246
426
703
149
112
82
109
382
579
817
137
537
776
86
399
659
654
153
575
346
195
1
157
47
302
105
571
214
501
321
729
29
77
494
524
542
328
255
373
5
276
321
780
732
679
253
392
708
289
683
181
217
720
59
503
603
689
697
432
36
756
720
741
717
507
412
261
319
555
765
639
94
425
758
226
192
538
319
638
170
424
281
111
644
773
113
798
532
257
742
826
513
627
189
396
138
503
148
191
406
487
495
463
53
233
354
398
52
106
544
49
662
221
385
601
735
595
158
145
305
430
149
501
307
645
467
651
293
10
764
725
751
529
675
100
378
772
491
322
33
617
404
819
340
738
1
108
94
434
535
717
179
217
471
182
194
637
261
693
235
298
751
704
352
628
708
815
519
172
644
36
200
261
317
773
198
644
705
487
541
427
624
272
501
277
511
316
820
814
174
643
130
401
59
799
75
651
169
564
332
393
830
659
587
562
357
425
376
765
129
567
140
497
363
797
15
239
642
213
133
149
710
629
287
757
274
211
590
59
458
325
102
544
339
453
697
209
764
446
433
315
749
297
100
484
740
79
599
213
822
767
790
370
434
443
141
379
82
9
742
137
383
546
436
603
640
240
238
593
134
408
2
65
743
181
443
310
603
772
706
423
732
478
580
249
524
793
672
58
704
671
719
46
449
95
75
726
133
445
435
605
805
478
149
767
379
473
365
477
624
737
708
169
515
343
431
437
546
106
63
20
230
460
348
248
390
90
382
632
288
103
206
624
786
647
158
190
266
793
409
171
190
553
756
371
103
482
411
42
292
117
740
697
18
816
27
666
587
802
477
535
141
391
325
207
345
184
378
244
41
314
144
437
779
120
150
474
40
33
448
652
128
187
432
51
2
144
605
414
232
568
34
609
267
579
241
397
126
25
636
727
772
118
408
584
287
367
395
626
528
102
348
560
649
226
295
114
807
574
60
126
770
685
704
70
110
192
276
554
807
179
579
123
165
36
405
89
491
273
411
379
96
60
637
169
687
765
131
397
428
12
400
562
182
470
624
172
344
71
163
406
289
763
52
176
173
4
163
637
45
43
161
73
120
454
480
407
18
317
519
721
239
634
578
340
524
495
258
505
757
73
570
49
220
85
676
727
222
176
68
597
380
88
573
318
346
517
326
357
606
152
166
660
795
257
731
534
676
358
634
775
344
50
320
502
543
400
296
424
806
471
573
534
14
718
119
86
537
600
691
345
421
546
125
733
760
479
186
670
118
659
626
540
528
429
717
232
172
201
540
552
678
194
468
692
334
436
136
123
651
3
266
746
308
724
644
57
111
212
821
103
683
577
321
65
503
786
15
439
99
501
18
404
493
539
158
819
502
679
441
435
707
451
591
435
387
495
745
490
302
799
357
152
226
224
819
704
180
12
671
28
479
819
159
593
803
706
186
219
382
627
580
798
527
704
760
797
456
758
6
478
176
670
661
102
13
188
417
337
80
378
74
169
199
41
201
99
347
203
508
703
388
463
668
325
216
618
225
659
724
803
520
680
151
355
419
250
286
698
587
531
86
367
616
560
596
194
172
147
751
461
232
643
223
237
830
521
602
527
408
643
651
411
268
667
119
626
654
737
278
754
597
432
386
458
104
446
476
141
825
154
241
683
385
375
592
95
458
568
461
396
92
571
478
537
99
631
776
185
548
541
454
151
819
276
712
674
467
563
808
740
606
711
211
499
367
751
317
466
553
775
40
382
128
819
100
3
16
825
812
282
481
483
6
250
624
67
577
701
772
217
219
768
555
556
243
404
224
277
310
180
781
398
637
145
344
789
386
192
508
438
384
762
645
358
465
165
541
157
373
349
489
255
104
336
544
246
247
86
802
388
260
828
579
73
277
574
112
286
341
637
487
827
567
30
342
329
57
149
690
670
225
664
691
588
197
457
149
702
241
681
125
326
123
784
12
76
728
395
422
77
84
736
205
341
171
731
33
796
84
233
369
431
530
670
557
329
792
495
194
557
371
263
758
141
204
474
729
149
706
9
31
138
494
567
164
713
328
611
228
774
730
254
152
47
514
397
717
553
806
528
463
280
163
414
178
720
190
183
453
652
676
704
293
54
55
599
693
248
716
687
600
724
497
58
225
635
305
102
505
282
664
273
342
423
715
495
305
366
207
385
770
786
459
430
160
468
727
717
180
41
342
390
435
155
296
650
262
610
769
756
75
57
201
440
705
605
423
802
47
508
792
759
776
134
786
294
601
696
4
390
172
686
197
215
643
759
530
629
769
133
243
426
110
86
83
162
829
192
828
538
424
47
560
81
13
10
687
253
122
77
89
656
778
26
164
309
428
656
726
194
219
260
120
357
390
788
529
689
81
95
292
66
382
172
521
116
634
297
298
175
571
811
134
431
216
316
123
23
104
500
21
185
813
544
583
524
135
782
317
747
546
651
54
523
506
655
268
794
534
473
329
137
794
704
458
251
675
450
404
49
150
103
565
626
377
404
763
669
625
235
793
776
334
210
74
393
305
197
125
516
750
116
475
269
630
24
313
7
225
493
113
262
248
761
721
712
488
141
226
163
164
398
215
595
526
786
808
191
674
208
656
13
254
146
503
817
462
822
214
43
658
688
736
661
746
706
234
323
749
721
393
811
159
234
482
386
99
702
132
656
696
788
568
560
17
500
654
432
147
459
367
150
746
139
413
330
199
500
766
770
680
589
691
562
79
372
203
75
805
770
276
661
61
693
135
234
115
400
325
605
309
186
663
120
540
125
392
678
162
73
751
634
84
430
95
120
278
647
132
670
373
397
703
559
621
685
281
180
382
182
352
724
298
707
595
634
568
617
283
325
78
743
390
624
651
484
666
329
491
778
30
116
352
513
766
378
475
734
176
298
424
783
4
145
545
772
414
102
188
251
611
111
287
44
125
262
641
63
22
573
799
498
206
694
531
376
454
275
820
644
215
27
66
756
467
578
246
813
690
388
480
591
590
304
611
9
146
530
270
338
104
381
53
402
810
620
338
691
349
117
217
355
191
374
39
648
64
662
209
34
506
627
93
632
310
230
317
736
504
282
445
519
740
229
509
200
341
57
408
640
92
383
209
716
108
593
124
475
583
584
282
731
174
593
388
93
445
158
23
256
348
669
113
345
191
666
667
32
712
755
10
101
661
108
410
394
571
23
597
245
212
194
86
734
470
752
818
187
415
221
486
793
808
283
609
756
795
549
594
615
783
827
778
361
55
255
588
464
623
338
797
86
527
786
713
767
262
240
452
412
18
416
679
809
67
824
596
649
339
655
149
551
491
342
622
708
270
425
689
610
154
224
601
669
480
656
403
244
642
562
413
53
444
646
244
503
561
615
547
489
716
616
340
549
408
365
507
805
685
214
480
383
72
784
518
344
179
271
446
341
564
401
733
720
829
123
688
383
191
817
498
724
395
180
228
344
8
242
311
641
12
134
102
812
442
511
303
656
14
105
741
100
749
161
204
334
554
211
450
278
601
794
86
378
616
329
688
437
509
593
352
795
74
9
719
699
746
280
459
702
641
294
351
604
779
85
790
575
429
303
31
403
241
718
42
210
653
496
684
765
556
555
723
92
293
6
269
830
580
274
551
450
265
221
779
5
37
93
330
591
232
296
659
86
152
63
55
38
60
546
137
282
762
612
187
280
256
314
625
98
117
824
296
105
538
647
6
824
629
118
675
798
620
17
41
453
522
617
565
87
155
457
716
72
106
92
588
359
390
9
240
476
665
605
650
460
384
382
142
367
24
568
290
738
807
680
757
346
363
241
619
587
299
695
172
616
223
143
71
250
281
759
331
425
500
218
729
89
207
23
147
194
656
218
502
291
345
146
525
13
787
797
789
199
656
164
218
727
455
107
30
168
420
815
85
581
442
17
460
549
151
125
662
369
12
239
667
564
280
35
574
11
264
123
406
320
701
59
390
792
651
515
54
229
341
194
635
284
219
592
174
289
111
376
478
224
669
394
795
46
513
749
140
233
385
144
70
470
815
219
826
327
512
387
527
714
159
187
144
426
514
693
17
343
610
233
280
314
771
398
605
505
284
45
705
427
794
79
452
619
609
407
536
9
231
385
95
412
587
738
402
476
252
272
355
215
56
587
409
66
671
158
214
3
341
492
483
166
399
498
623
212
598
108
721
305
619
474
793
496
126
27
510
227
482
615
320
686
429
640
588
368
70
480
88
116
126
60
97
695
477
568
141
267
318
341
31
187
309
179
725
607
753
7
394
513
85
553
476
655
715
668
545
761
173
102
308
578
217
440
82
548
43
402
823
647
189
51
287
437
641
673
728
205
205
813
330
230
194
482
260
421
251
459
258
113
483
205
49
727
185
697
688
286
686
655
614
125
466
751
306
30
484
257
649
181
563
611
387
515
717
231
189
826
728
491
573
460
284
377
300
5
571
635
796
49
431
244
276
690
141
587
726
111
745
636
507
448
625
586
433
266
739
109
4
806
570
513
501
483
200
384
725
671
306
517
603
827
717
157
384
738
39
106
292
602
164
19
24
723
561
765
327
718
381
198
90
766
203
412
235
334
811
29
406
463
482
633
294
189
440
275
154
503
40
602
86
319
664
489
407
350
809
497
48
552
378
460
132
302
490
666
165
694
96
725
780
523
619
113
686
659
729
125
163
555
343
479
424
212
417
646
479
494
574
229
545
753
450
30
121
13
657
465
299
433
300
281
633
288
647
742
777
258
751
646
616
25
714
794
324
305
491
275
558
630
510
642
675
30
714
580
49
568
576
377
807
757
39
71
542
78
589
268
534
349
169
401
5
683
97
126
621
275
116
712
86
281
820
259
744
704
160
238
363
494
168
721
134
711
765
565
240
410
701
144
658
7
404
648
221
423
104
677
34
284
530
375
96
684
126
736
26
435
773
338
121
337
205
518
120
456
274
400
187
675
484
815
132
524
790
690
701
768
763
825
122
6
47
698
213
680
610
494
755
699
242
321
733
45
130
247
80
27
424
106
144
87
440
248
517
111
200
809
795
362
490
203
809
268
412
620
513
418
481
111
678
92
769
261
410
567
482
447
821
504
793
247
706
400
92
826
40
403
706
103
815
385
436
751
109
615
720
545
802
625
154
92
798
29
47
782
793
578
642
382
595
544
223
378
634
41
294
172
748
736
670
248
386
264
189
151
254
699
363
454
108
110
568
62
521
306
799
266
409
563
655
476
800
157
576
42
84
291
676
212
811
787
493
420
629
261
700
645
262
716
502
819
748
417
778
176
770
558
602
136
314
233
299
654
660
163
74
415
338
312
449
124
407
166
170
531
484
679
585
55
31
317
829
732
272
713
674
652
598
50
817
644
277
69
499
707
589
646
56
78
405
43
793
381
776
116
546
679
715
268
60
180
54
231
663
707
453
634
127
749
428
257
818
28
183
306
827
267
240
351
531
181
328
130
605
430
234
79
806
335
824
328
519
55
85
565
498
629
390
747
275
407
806
683
638
36
287
793
478
345
302
98
304
586
413
398
267
234
627
290
168
500
167
776
439
690
201
751
556
312
637
156
41
802
263
654
234
2
211
290
239
425
679
403
755
194
610
367
343
705
768
526
812
14
390
293
394
824
672
567
760
415
619
806
458
275
479
511
175
131
800
726
541
92
495
300
62
247
173
108
686
619
677
662
95
61
476
482
114
36
338
13
692
562
207
220
176
474
482
83
135
786
301
482
301
333
328
543
593
407
524
288
68
594
363
498
184
190
160
542
527
784
174
268
340
557
211
133
686
612
68
95
139
715
560
101
576
748
446
781
544
438
73
170
702
378
385
302
485
273
169
49
68
703
122
394
516
708
63
313
69
749
508
101
216
72
596
276
807
753
368
564
809
480
445
660
808
551
193
55
767
177
518
101
788
336
475
227
127
543
578
513
576
239
510
282
36
299
647
759
402
801
791
364
73
301
76
656
652
630
478
542
273
371
452
291
817
331
710
643
183
193
341
775
732
182
463
361
36
425
113
504
428
498
592
707
815
401
245
399
758
572
227
274
257
734
67
137
513
213
605
459
428
693
549
478
596
706
484
6
508
795
656
783
296
734
500
609
259
378
63
538
688
387
557
619
246
94
593
744
649
545
194
141
656
385
562
651
63
684
655
669
627
559
203
90
414
669
433
107
433
582
538
603
449
794
352
77
512
535
528
427
422
586
139
141
559
474
593
589
586
209
159
15
773
78
378
282
145
720
743
56
464
254
197
334
358
317
443
573
436
620
531
63
15
164
145
648
531
429
230
10
394
796
814
99
37
459
495
294
407
204
638
101
622
167
422
298
182
159
313
460
263
810
327
432
810
175
17
243
57
828
152
239
722
251
762
374
458
731
799
768
697
680
333
451
392
53
76
52
624
820
540
629
523
455
39
403
321
298
89
598
297
266
49
574
487
177
279
73
700
388
405
515
320
166
326
600
36
385
181
722
481
72
467
65
772
705
272
95
369
143
566
542
102
763
127
105
316
709
354
126
707
681
1
547
761
264
15
208
236
796
535
150
67
726
627
580
270
642
43
526
356
31
116
655
318
431
594
724
255
539
452
46
743
136
484
727
118
416
689
329
820
155
292
223
169
593
350
470
426
794
55
746
559
418
571
711
559
482
256
94
157
26
253
320
59
476
177
543
681
797
139
241
804
54
56
814
580
367
20
787
525
200
334
322
793
634
66
784
724
458
128
192
476
46
29
479
430
168
178
554
19
570
648
207
177
686
293
70
159
816
829
56
357
192
159
530
115
769
268
280
710
438
798
568
733
665
121
157
761
810
434
258
118
154
354
362
241
398
390
496
251
786
679
363
409
151
560
208
696
431
356
504
24
83
82
133
661
372
78
707
411
752
580
292
484
406
463
30
26
328
151
209
750
640
391
687
370
724
428
582
195
677
38
288
687
535
508
428
120
94
87
541
410
735
53
740
156
165
495
27
91
435
229
784
227
400
188
329
28
480
35
180
737
414
112
579
637
225
536
38
504
29
795
130
805
657
513
1
12
44
817
18
602
560
775
662
313
514
672
426
442
654
202
583
585
553
233
343
345
123
791
111
505
785
632
513
16
738
211
811
127
346
629
51
291
177
586
3
228
717
239
41
674
346
149
380
195
295
412
785
353
693
520
758
206
802
267
490
327
535
374
610
620
216
763
530
584
97
665
594
148
380
255
556
97
812
777
364
697
187
474
561
801
368
646
483
136
622
717
780
162
38
690
97
251
376
366
700
8
36
437
375
266
145
562
625
410
470
281
472
188
633
125
342
357
720
334
207
574
372
353
472
670
565
433
304
204
295
581
615
348
200
201
532
591
429
815
56
758
203
62
366
38
101
87
382
685
445
409
591
139
198
62
524
344
191
725
126
47
823
773
573
810
505
96
705
811
830
285
7
741
443
539
22
249
66
30
631
241
551
121
646
644
663
555
205
144
425
713
714
77
137
464
813
73
493
491
706
102
361
218
746
353
510
596
775
629
78
784
550
728
603
30
186
61
473
802
90
373
328
186
82
710
80
379
68
178
438
708
732
141
472
228
178
29
147
297
540
567
213
13
652
568
142
178
246
353
440
4
192
114
581
671
798
783
782
351
593
130
100
379
401
346
37
118
609
594
354
238
803
668
481
818
61
506
599
123
312
14
341
87
16
275
808
191
728
505
306
16
525
103
403
650
602
615
775
620
787
717
57
408
75
247
68
623
611
633
364
353
69
236
747
681
511
814
756
505
365
462
448
555
805
646
435
803
117
671
593
474
291
375
570
218
608
333
333
78
672
37
401
58
262
427
828
382
629
582
669
153
331
246
676
234
227
271
359
327
136
388
118
266
417
607
594
201
390
218
115
168
45
666
244
404
634
82
801
376
21
463
816
50
795
114
608
757
248
530
317
359
208
25
326
407
291
164
193
762
268
685
267
627
663
624
120
738
249
482
706
58
343
508
499
824
278
203
532
21
393
467
182
197
681
433
388
650
301
226
696
623
609
348
222
301
36
131
382
74
289
561
685
462
84
360
784
201
359
113
451
689
747
309
818
316
715
423
191
582
49
299
302
2
657
35
680
371
423
228
61
456
547
780
814
773
78
40
672
503
633
469
702
127
366
8
449
301
3
253
335
762
770
159
241
220
317
743
673
368
593
103
483
662
748
565
654
337
636
165
600
213
530
324
218
561
229
464
608
684
702
697
397
686
676
572
753
278
484
188
543
424
253
291
275
501
136
151
78
253
438
753
622
474
240
509
433
733
428
647
721
303
410
310
233
135
26
766
363
312
409
799
528
344
744
401
642
581
16
533
805
298
304
708
546
798
398
710
591
798
326
418
515
690
628
713
168
243
346
324
549
502
8
596
487
445
644
646
310
716
757
685
330
791
613
472
770
197
502
811
351
172
509
56
149
252
80
708
426
268
267
808
492
9
260
357
590
826
815
26
645
53
821
729
162
203
166
475
59
593
496
374
355
364
644
819
533
258
266
178
248
483
392
261
55
607
344
801
35
711
168
571
8
337
193
721
583
90
678
418
231
799
411
65
641
120
534
376
626
792
322
80
500
223
8
599
285
300
301
453
736
625
419
7
828
28
261
34
225
714
764
232
56
763
141
761
567
198
11
274
436
35
770
289
802
192
819
549
494
427
256
414
830
5
378
710
106
339
17
525
662
671
155
578
23
645
693
27
358
92
803
685
221
397
515
251
624
613
522
324
304
252
280
127
726
310
678
213
463
517
717
4
300
767
822
806
432
808
624
402
412
738
198
425
653
551
184
579
256
224
260
263
579
740
337
50
701
410
647
489
486
267
215
490
568
340
243
91
204
717
179
618
216
805
380
636
156
736
535
507
492
194
84
318
507
596
621
425
138
366
699
392
152
349
398
363
157
119
35
290
150
275
716
355
716
466
54
473
671
421
283
246
17
4
796
19
796
310
721
116
244
248
622
787
413
283
556
664
606
87
338
85
657
475
245
135
554
629
133
274
665
302
234
434
39
251
320
706
790
402
556
402
53
326
249
544
371
417
142
65
332
59
70
243
810
358
313
205
784
588
500
274
414
750
100
282
281
298
760
135
718
324
633
304
611
733
414
78
363
182
360
468
121
398
112
823
55
456
120
692
241
2
445
580
657
629
117
112
423
381
210
337
567
705
541
588
419
754
633
444
318
507
747
801
597
201
704
821
464
462
332
619
528
774
481
823
180
451
773
768
346
434
658
251
775
293
122
635
709
292
186
428
282
438
13
762
286
514
147
656
181
327
539
584
467
444
735
7
370
615
565
114
104
444
653
7
235
793
246
593
326
787
150
545
201
232
708
484
489
226
581
392
457
160
149
310
543
651
452
588
223
473
595
265
535
423
184
123
702
235
161
314
345
671
708
731
91
772
305
289
422
339
384
663
98
183
157
239
708
274
522
700
474
270
776
368
743
541
633
522
271
138
170
642
318
142
75
405
128
102
644
63
498
187
673
757
73
13
389
41
614
753
652
149
706
409
817
677
626
696
331
822
418
813
289
164
666
648
546
11
274
553
553
565
577
155
667
447
304
366
312
309
830
412
560
232
277
472
2
431
128
214
187
744
617
83
721
314
789
297
734
638
476
92
797
477
447
586
29
43
502
5
365
193
347
724
422
242
30
779
3
696
710
258
69
825
325
639
126
113
106
258
547
628
761
271
805
39
564
824
187
531
550
331
63
672
85
261
742
226
227
58
100
523
714
200
557
262
718
270
128
315
144
242
101
269
326
173
717
618
26
331
543
753
367
806
510
43
18
63
555
60
446
355
764
519
443
385
478
127
714
188
774
643
249
472
603
140
69
371
509
2
342
821
279
639
651
149
713
306
342
794
426
97
532
308
39
130
78
417
34
425
33
364
80
438
69
162
795
188
61
460
75
471
688
603
123
106
197
746
309
73
585
596
88
699
368
374
102
689
596
286
445
427
372
677
771
457
590
662
149
281
645
107
502
197
678
11
50
803
139
225
551
264
58
720
34
159
99
271
669
631
730
299
596
684
101
709
663
670
466
340
132
311
199
313
801
317
334
490
694
489
445
29
387
679
271
241
301
636
224
198
825
760
143
160
265
567
614
384
286
671
379
244
688
87
668
246
113
108
820
116
702
680
133
332
438
577
626
419
87
730
739
467
89
231
116
422
249
587
217
111
205
273
667
15
697
203
5
678
739
341
446
388
710
398
147
38
386
823
91
170
85
85
447
441
728
516
189
81
753
172
821
4
101
637
561
783
825
530
597
604
559
107
313
268
8
534
634
300
170
383
585
133
32
538
673
269
455
155
306
766
792
138
797
358
161
15
437
75
611
211
458
95
296
26
191
700
470
171
285
125
191
134
716
191
259
108
225
638
448
484
491
512
573
215
640
333
529
442
157
75
513
372
332
705
609
412
634
260
36
774
156
757
486
495
482
290
150
753
800
44
211
483
700
358
213
725
602
464
768
251
3
66
808
4
92
823
99
79
706
335
522
69
273
406
509
72
788
589
751
316
511
584
323
99
642
787
398
500
190
162
547
97
800
552
313
201
820
562
113
705
18
690
114
256
652
436
791
601
584
178
260
285
785
385
811
59
556
102
41
576
296
750
8
759
614
622
35
754
441
293
471
417
190
305
49
814
330
644
423
749
717
14
487
13
40
9
134
174
687
709
696
526
126
542
782
39
453
416
574
633
698
262
201
640
490
671
330
296
602
14
593
691
551
713
450
392
667
225
723
43
534
630
632
710
660
712
827
172
335
284
391
422
226
350
598
681
404
519
384
737
721
173
242
149
667
690
50
563
692
698
156
536
13
457
331
317
110
273
358
289
86
15
569
467
630
624
47
96
187
265
236
806
331
349
825
752
410
370
306
307
130
210
384
242
354
194
811
600
41
190
612
23
498
17
483
382
804
605
559
637
737
140
478
582
395
349
712
508
511
785
545
415
9
76
782
522
424
287
576
726
275
262
522
526
173
774
367
610
765
476
215
265
586
241
306
423
638
605
129
136
277
533
368
487
223
631
52
565
107
87
565
708
329
713
827
3
214
367
679
337
417
291
539
443
444
437
739
344
227
637
725
825
404
442
794
285
626
57
678
104
784
767
690
94
582
122
473
714
523
731
605
589
225
486
555
538
164
182
70
585
588
65
654
287
49
134
189
233
623
109
66
90
586
397
766
402
666
625
507
599
744
249
733
758
410
820
323
208
300
783
350
548
411
113
240
376
767
697
214
171
196
294
760
8
520
295
814
240
548
333
195
12
48
678
605
704
751
540
269
165
18
385
272
186
37
679
714
257
402
244
132
373
239
818
688
260
319
409
704
780
346
297
67
36
522
67
544
91
750
434
508
418
353
314
512
678
230
528
757
242
572
791
160
580
200
765
88
710
218
104
380
658
467
108
727
555
758
150
341
84
798
359
100
340
124
565
189
652
716
206
793
747
248
764
352
570
576
674
790
619
765
64
131
647
541
305
194
141
438
218
469
769
240
690
120
194
393
679
439
192
646
758
326
506
759
577
43
109
481
452
733
395
255
99
158
631
816
292
772
683
493
783
559
379
461
290
407
285
522
439
662
347
612
522
594
829
501
748
533
113
514
139
123
662
50
68
348
122
748
43
246
435
632
569
477
615
170
567
463
273
584
169
304
524
589
5
413
717
673
307
72
552
108
454
441
238
218
604
23
403
109
819
535
238
345
134
590
503
139
489
601
592
562
178
34
686
236
220
670
521
595
96
601
516
247
427
355
181
189
111
724
421
150
358
200
730
300
199
187
411
357
611
382
412
571
222
663
133
129
67
378
131
267
95
644
443
583
237
748
377
482
603
230
734
30
50
394
26
490
4
556
460
587
828
387
100
565
66
372
24
403
120
770
346
63
64
733
606
301
163
42
81
559
235
401
596
517
668
190
399
395
239
645
60
149
588
421
750
744
236
404
114
228
252
389
602
676
533
177
622
624
435
25
786
153
827
390
517
486
46
235
593
554
79
399
284
435
200
658
28
715
194
783
561
244
789
697
805
642
776
381
689
382
613
105
346
519
390
286
543
238
421
287
85
535
698
789
830
805
474
767
777
419
752
205
752
501
695
19
476
302
662
807
679
725
678
74
291
17
570
45
396
658
559
696
686
26
216
340
799
53
587
240
36
220
192
376
348
718
4
722
37
610
362
47
735
766
366
243
21
622
4
280
212
616
423
560
319
545
235
151
461
295
195
749
556
3
366
598
189
785
12
621
624
600
561
436
169
37
517
211
761
385
460
602
401
294
53
264
727
155
634
754
226
123
788
707
318
510
708
204
820
370
388
9
157
564
508
781
288
753
684
183
765
742
679
807
272
372
266
387
474
116
290
55
232
229
822
199
716
356
533
713
39
648
788
153
823
172
604
443
691
549
69
118
173
528
730
515
676
95
673
506
338
254
479
610
613
642
508
517
563
761
361
684
217
555
765
160
661
722
197
547
43
668
575
308
427
481
109
199
765
184
755
225
209
344
350
446
826
532
830
790
495
100
192
733
254
771
5
16
321
53
256
78
708
53
635
699
721
99
501
627
495
663
663
577
649
295
195
413
311
219
480
598
472
492
288
192
319
701
703
214
543
688
4
38
805
167
781
789
191
399
102
208
210
372
231
373
368
131
149
479
735
394
742
722
439
89
640
335
713
251
749
218
292
601
660
821
129
675
414
91
724
327
751
112
586
18
245
202
692
684
796
715
102
493
628
772
196
106
461
167
418
817
222
417
252
111
37
177
150
226
287
196
784
648
483
198
178
288
630
155
321
501
488
714
435
407
32
758
502
105
631
681
281
599
784
372
341
809
516
447
772
730
133
256
637
187
355
446
754
592
518
52
49
815
277
738
613
120
778
466
220
451
265
753
715
254
806
177
453
556
652
496
790
132
22
705
22
338
601
638
287
403
202
417
370
830
816
28
321
161
196
768
156
366
226
601
118
807
14
280
251
141
51
429
677
501
774
593
9
294
723
315
85
422
548
604
600
232
708
23
436
224
396
378
55
653
477
371
399
220
250
397
743
558
453
576
170
602
677
611
708
560
705
332
467
764
471
432
496
366
140
442
467
91
564
313
353
668
513
108
315
638
100
495
636
119
463
595
316
222
351
307
599
373
560
597
778
94
194
409
373
447
528
286
419
799
416
425
8
9
525
168
577
718
359
221
32
38
529
718
51
587
677
228
185
764
811
152
241
476
551
488
106
335
319
765
626
415
799
162
390
385
263
665
426
407
2
429
111
671
763
39
490
810
624
546
627
417
796
84
799
17
647
788
168
122
454
447
115
804
829
726
699
95
396
322
819
148
557
292
159
653
369
248
343
256
258
519
566
736
743
417
86
390
606
166
133
83
170
254
790
710
440
143
706
69
785
43
52
496
204
598
384
172
553
5
466
410
255
211
560
71
694
675
223
783
768
388
177
779
595
4
210
513
371
128
293
749
755
681
6
547
543
745
199
338
1
416
293
383
235
102
627
165
516
570
657
167
440
653
531
827
324
113
738
162
419
292
676
7
10
651
719
21
642
442
579
604
449
517
139
527
487
303
785
235
219
468
615
398
637
574
823
49
117
245
634
313
631
792
572
517
667
312
326
349
593
760
62
806
444
669
658
693
709
702
211
203
167
344
55
42
451
615
86
444
186
673
528
732
699
440
153
274
805
220
302
617
343
201
823
170
218
654
40
178
330
137
391
68
361
182
277
757
113
91
281
172
643
621
719
92
24
160
784
179
684
46
255
346
549
747
528
597
687
434
125
123
825
645
225
466
306
494
644
33
377
59
73
542
809
139
534
209
155
724
221
621
566
42
727
652
541
354
461
798
299
755
530
272
453
581
828
375
515
46
314
794
471
460
22
705
304
488
596
780
745
430
325
711
331
658
277
5
194
334
436
573
176
197
600
403
807
451
76
56
377
63
729
658
75
294
322
352
245
766
694
303
667
533
660
548
296
680
738
709
550
20
402
22
389
211
437
116
484
368
183
421
600
47
62
642
600
354
55
321
340
825
307
345
628
218
546
606
359
52
565
282
117
204
31
428
37
46
789
726
787
533
504
692
727
341
170
290
64
721
460
588
340
556
100
492
260
793
201
399
18
566
785
347
407
532
371
351
345
482
465
44
341
516
642
539
20
193
36
514
90
623
472
216
180
12
362
327
448
808
370
367
351
329
542
660
556
612
77
361
249
78
9
327
758
479
666
54
259
102
813
367
59
417
551
48
170
648
807
519
474
306
169
67
678
362
79
475
238
600
561
682
707
290
531
327
301
527
563
434
41
769
257
509
744
45
4
475
772
355
7
163
117
9
736
516
507
624
456
74
442
134
205
146
730
52
630
134
680
211
516
288
195
788
775
478
236
462
64
17
162
347
529
546
265
313
106
577
198
25
104
245
183
349
818
448
289
509
335
595
124
191
687
342
434
663
732
784
528
780
447
776
93
184
36
821
574
189
274
281
116
247
298
813
111
21
270
55
427
787
715
93
120
777
346
233
698
494
781
573
166
15
689
198
259
466
29
706
310
489
102
641
597
494
616
327
10
780
494
238
169
561
537
495
780
799
827
785
426
282
231
131
713
765
685
16
582
810
221
356
353
178
558
482
24
529
705
644
436
515
830
710
363
119
609
257
475
480
568
600
437
704
824
629
156
3
681
793
210
500
211
5
89
430
780
821
311
616
817
243
175
824
220
641
119
200
193
724
451
723
473
161
186
546
102
463
518
29
781
312
173
284
605
630
455
256
541
42
341
687
350
699
124
753
770
98
825
390
814
796
822
190
730
356
8
206
391
607
545
590
552
65
665
135
92
6
128
155
271
171
314
548
5
699
608
633
249
681
432
682
597
285
650
22
569
246
93
320
53
158
697
89
503
756
769
740
504
784
480
319
242
684
57
528
539
400
13
598
198
782
306
708
358
575
420
556
410
297
366
666
549
84
348
793
291
244
775
793
256
432
735
197
3
713
113
48
792
245
113
440
48
471
379
146
508
685
300
532
717
326
390
613
804
503
222
663
343
75
200
584
115
166
794
596
99
803
671
345
478
656
111
44
510
254
50
230
1
551
664
122
764
543
557
653
214
821
713
418
583
589
549
742
324
599
328
485
535
528
523
317
507
679
584
323
381
750
250
86
441
638
677
602
423
591
205
423
213
206
28
185
334
641
820
372
823
13
686
47
616
406
526
360
729
279
128
690
682
178
823
477
406
279
734
251
309
467
333
205
103
592
153
693
569
574
139
57
760
639
827
761
803
331
25
183
362
99
634
173
443
619
114
219
675
801
683
94
737
766
528
372
274
775
415
238
595
469
619
367
143
804
804
638
321
645
585
299
370
627
546
50
36
786
377
68
97
523
803
170
413
554
732
125
550
45
355
560
108
767
194
135
805
681
584
684
513
386
144
458
314
156
229
628
41
271
479
200
600
377
32
217
34
101
618
370
557
509
369
598
219
619
617
785
460
119
35
335
470
1
666
712
757
2
446
283
580
346
314
417
806
503
114
191
443
46
166
316
251
405
793
424
428
808
513
315
459
469
563
106
479
237
363
668
321
159
248
680
786
596
312
343
769
708
717
565
288
762
85
97
790
480
641
662
247
529
431
662
801
523
217
314
1
401
598
467
679
416
316
661
357
544
301
542
431
231
174
138
717
720
367
676
506
367
374
249
496
387
566
360
241
570
396
135
183
35
327
784
531
633
197
557
417
36
665
337
581
570
663
694
144
162
313
614
70
628
437
80
715
647
753
289
762
803
820
189
315
78
485
320
655
156
604
30
696
575
627
336
519
715
626
167
57
286
815
38
362
511
205
627
536
196
128
447
36
512
751
111
98
399
341
106
818
586
536
110
641
236
782
223
470
103
580
754
508
422
358
239
48
648
334
805
756
249
276
660
609
794
563
823
445
62
215
179
187
331
769
98
190
146
216
258
193
24
5
188
87
653
295
8
150
524
630
18
164
333
266
485
756
726
68
417
624
623
123
747
536
482
730
417
329
641
629
511
487
825
764
16
94
773
583
806
466
288
595
91
125
542
112
621
595
259
252
274
342
607
495
251
230
655
361
648
181
184
697
551
676
595
814
129
141
558
696
716
276
10
707
627
325
477
743
795
580
749
78
73
674
739
786
501
250
1
558
225
427
529
247
105
557
295
755
201
380
731
440
49
489
433
497
190
565
425
317
48
352
118
185
468
587
386
83
469
5
739
773
811
627
464
690
705
255
479
770
185
470
229
441
619
401
721
402
48
710
749
732
432
651
216
620
117
710
433
459
593
305
2
503
221
616
143
278
208
130
309
262
314
231
359
701
592
312
510
161
554
516
452
296
497
770
202
147
487
376
791
267
428
694
520
508
700
10
783
808
599
623
689
112
597
801
725
427
466
576
814
647
824
331
370
738
479
808
94
487
544
592
318
436
201
776
35
417
165
175
351
135
304
533
338
340
42
127
795
478
240
691
256
292
425
274
564
549
574
336
301
717
412
146
212
749
692
428
399
206
26
286
745
474
635
317
324
673
80
710
143
308
387
127
462
509
255
346
283
521
688
276
281
768
259
483
719
287
69
706
703
375
129
640
796
546
639
750
502
438
250
113
422
804
52
47
516
493
210
30
539
399
787
204
591
173
251
407
628
334
407
180
425
539
411
327
64
522
667
502
603
720
502
441
388
151
383
118
24
250
88
194
4
611
304
176
535
642
395
463
424
122
451
443
492
151
164
182
524
104
622
615
612
497
116
586
459
70
539
2
603
106
753
502
754
622
333
687
557
706
356
604
401
747
811
799
409
314
679
496
61
306
530
541
40
201
664
533
561
443
770
97
392
598
526
226
352
499
430
96
273
489
780
453
761
506
298
490
486
814
505
10
403
145
77
293
3
80
272
226
477
283
411
401
509
717
11
12
816
746
647
464
550
125
245
631
389
286
461
773
722
780
490
128
634
400
800
741
303
792
110
363
459
505
343
607
556
710
19
514
419
781
781
58
528
348
648
565
340
424
406
400
400
120
803
647
432
646
820
6
94
292
600
156
756
179
417
245
442
621
297
313
681
418
307
402
79
74
632
829
280
165
357
46
601
743
221
409
292
453
566
361
807
747
143
477
395
766
449
348
263
726
569
18
717
492
683
791
765
727
293
761
363
654
793
794
791
248
407
827
78
439
610
99
657
358
781
6
2
416
10
273
267
48
322
534
376
643
5
184
98
356
47
441
259
450
275
156
190
522
202
122
666
504
194
753
630
219
760
510
264
696
793
431
375
527
15
651
260
531
258
297
818
695
755
614
434
720
183
658
405
228
542
184
583
119
417
754
246
565
696
504
166
608
244
301
689
752
607
386
395
33
518
516
388
576
469
580
598
127
216
218
301
465
11
776
385
237
431
358
150
22
670
402
599
581
123
558
627
611
283
354
705
250
130
469
493
561
811
599
602
780
197
403
361
721
103
655
369
84
529
455
346
659
320
756
505
28
299
716
13
753
202
203
693
134
621
255
406
522
406
692
328
353
59
386
35
774
434
157
600
572
660
387
654
316
177
512
141
411
712
631
547
37
771
289
275
246
561
282
348
723
754
341
107
94
448
258
557
365
580
512
579
298
121
536
206
175
216
377
157
268
601
598
822
577
592
826
157
492
121
79
62
280
806
219
286
517
698
606
403
798
151
742
416
151
740
539
734
684
787
512
462
221
468
623
283
808
824
44
23
533
308
154
614
391
570
575
766
690
23
56
49
625
430
328
237
229
221
543
773
721
68
811
648
385
426
24
47
402
758
409
13
48
526
794
179
579
266
687
482
496
530
802
67
792
625
161
472
87
690
340
647
389
720
559
622
451
10
156
169
529
424
709
750
90
370
276
586
751
146
528
210
168
316
395
580
617
751
519
643
436
194
241
653
694
149
526
82
757
307
260
472
813
454
622
803
666
95
589
146
361
651
819
267
527
298
207
226
721
320
120
597
672
605
441
702
238
717
716
391
673
343
645
748
396
416
243
445
264
289
26
696
216
652
301
184
813
397
255
657
444
383
497
795
485
298
694
590
43
278
139
778
252
663
794
810
560
416
358
7
269
325
621
18
245
753
394
591
317
423
644
13
467
86
135
430
717
797
272
611
123
161
407
741
62
449
14
261
745
525
141
379
231
548
387
517
107
79
426
616
451
512
611
793
28
466
68
536
120
768
193
97
167
42
420
530
800
634
243
52
560
521
821
427
234
550
192
170
475
567
252
86
713
279
498
52
620
174
322
213
512
440
494
702
388
683
582
233
51
327
60
592
304
652
288
548
290
2
644
354
684
734
64
624
753
128
693
635
571
701
138
476
643
74
511
828
814
408
15
86
497
785
239
24
808
737
764
175
409
555
699
116
240
503
63
222
621
493
108
175
79
24
316
242
96
456
262
407
565
637
553
714
630
102
137
746
17
643
725
574
34
622
357
740
339
769
664
525
283
193
587
386
493
306
622
664
770
37
479
186
20
546
367
743
118
629
312
92
427
203
823
501
573
462
187
762
411
648
232
781
639
317
356
253
433
484
25
299
332
216
328
490
584
464
289
734
311
465
647
156
686
395
344
317
366
86
146
179
515
114
218
355
699
19
767
82
372
233
244
455
804
40
445
761
27
356
236
205
401
828
821
112
816
236
417
232
688
233
316
205
740
356
523
340
790
336
698
105
700
146
234
357
157
739
34
161
252
555
716
817
710
828
361
581
303
616
93
433
111
731
793
531
254
161
314
793
417
534
706
431
724
680
642
710
497
103
292
245
128
125
23
195
80
7
450
100
760
806
400
48
357
132
54
162
439
738
20
191
323
375
285
753
548
271
686
272
563
174
425
300
125
699
664
102
187
675
356
748
740
797
186
699
548
698
345
213
402
459
671
210
350
164
602
443
662
316
771
646
745
804
379
372
527
79
796
720
598
190
326
395
652
230
468
94
364
167
685
257
575
345
530
41
650
555
584
768
758
149
695
446
214
167
156
486
639
499
25
769
112
433
264
148
738
306
301
48
453
185
110
381
426
215
471
649
448
777
720
497
173
493
206
744
470
461
78
440
375
658
467
88
768
393
291
475
193
598
709
70
118
689
243
749
277
453
84
8
591
206
309
577
64
400
266
617
35
664
698
307
141
173
414
404
110
118
146
656
374
383
353
266
118
641
189
362
465
642
826
476
518
20
88
305
8
394
488
206
504
647
546
17
462
280
653
455
338
407
84
334
304
37
13
168
484
339
798
494
786
1
708
248
424
117
439
461
617
93
231
251
1
91
441
165
430
709
615
621
390
589
607
1
633
785
782
491
369
619
339
790
706
181
111
578
72
338
508
640
285
468
417
294
728
380
67
390
353
681
600
611
236
261
323
532
397
400
82
390
501
719
754
602
154
119
761
404
596
720
357
685
366
742
409
220
653
23
75
506
624
285
626
287
236
151
697
603
333
776
233
62
562
514
82
239
198
454
249
458
251
379
822
539
398
391
18
388
93
41
227
308
806
171
645
25
504
424
548
825
727
765
401
641
288
661
168
706
553
104
543
328
487
382
577
348
473
515
108
187
775
448
323
409
417
461
35
505
101
15
412
448
818
477
672
134
566
35
46
127
829
314
221
9
294
439
737
425
627
544
139
767
16
452
729
232
314
233
759
365
216
59
342
221
802
282
465
517
319
65
20
530
158
25
96
68
498
99
488
764
550
828
248
816
570
8
352
441
467
79
281
389
212
281
741
820
658
623
189
76
603
33
386
16
61
472
36
495
566
601
671
65
389
581
452
630
91
526
429
648
137
530
353
798
650
34
761
481
779
509
609
159
677
389
367
830
183
773
707
599
659
659
51
76
333
823
266
805
174
144
821
216
163
70
102
534
398
589
152
545
606
706
457
687
274
359
216
445
359
671
554
478
626
139
385
131
85
269
114
726
399
338
499
141
98
296
475
759
154
822
569
396
719
115
29
182
278
102
105
303
38
494
244
55
775
149
379
784
456
150
701
459
125
323
295
95
686
795
298
680
305
40
255
586
85
33
601
677
94
535
366
209
342
308
76
346
820
477
236
662
769
380
421
822
262
204
528
166
821
629
93
599
314
779
185
417
483
82
308
209
509
346
660
653
124
249
464
435
540
181
721
10
111
206
406
61
579
18
793
4
510
152
105
637
702
622
703
45
346
826
518
270
503
435
119
782
429
379
138
737
181
390
577
219
595
299
309
160
530
161
386
25
143
267
40
248
24
479
9
286
254
234
355
148
679
752
443
70
634
224
81
314
227
683
480
767
416
482
489
800
597
607
798
1
687
761
704
516
90
341
747
635
720
328
184
698
308
69
229
148
770
352
634
41
563
39
23
522
719
579
692
105
79
225
347
682
183
494
625
221
688
635
538
125
598
105
397
69
727
486
776
812
605
649
778
601
570
711
322
826
544
107
702
410
98
677
369
60
524
795
259
781
142
517
764
347
786
675
428
297
555
155
295
783
269
520
502
457
449
481
130
4
555
3
198
556
692
102
477
707
615
805
516
212
825
751
421
351
324
295
391
274
499
374
10
657
429
87
122
60
761
828
393
199
111
148
146
119
373
242
718
377
202
158
274
129
516
52
237
602
465
255
13
98
28
688
195
177
273
114
791
770
452
183
14
454
255
15
162
138
722
579
383
475
220
396
273
34
736
543
781
314
744
62
558
763
621
635
643
53
775
397
308
63
668
180
315
534
505
500
294
261
473
446
321
734
754
829
621
149
197
409
759
789
524
622
612
107
636
385
230
732
211
672
159
666
830
778
346
469
695
252
551
428
827
482
285
232
803
785
786
272
23
11
166
739
818
798
31
59
526
503
174
12
71
793
782
365
754
231
298
602
260
187
771
110
625
535
41
514
195
126
457
759
488
251
141
569
602
789
302
578
804
266
310
673
782
37
2
700
777
824
439
668
107
545
466
83
680
509
329
765
165
354
693
762
727
15
333
305
774
314
256
58
213
246
167
703
273
487
567
749
327
542
277
299
419
206
565
466
108
473
506
74
649
514
411
582
44
677
587
305
448
225
122
415
158
242
345
441
53
270
715
295
712
425
609
624
793
253
235
334
164
529
474
700
603
535
819
286
298
299
469
357
178
222
697
475
598
346
397
646
325
747
451
762
336
557
558
741
615
829
228
315
94
739
583
580
792
26
35
761
435
684
250
753
537
744
445
552
403
437
94
453
480
585
703
650
351
203
431
299
663
314
321
542
810
319
540
710
758
809
238
641
210
221
96
268
799
241
786
189
757
234
450
219
33
714
252
484
196
283
818
211
292
550
377
649
525
620
17
87
280
294
444
806
140
519
61
101
798
539
243
166
717
219
298
78
502
117
654
581
129
593
516
309
432
802
539
663
108
516
138
272
185
594
827
642
334
346
482
516
677
54
399
742
680
425
37
674
804
345
582
386
152
560
243
288
537
422
494
139
270
42
420
599
687
694
345
621
330
433
770
649
671
710
177
685
640
300
458
346
721
324
321
450
581
27
507
361
321
497
372
521
545
296
569
784
545
521
408
195
264
281
654
195
242
698
312
563
724
233
459
738
284
539
522
757
25
546
100
779
278
255
625
462
603
527
22
465
666
387
272
485
825
357
160
222
389
170
338
129
554
231
565
611
219
498
719
448
565
627
828
307
115
358
547
810
175
830
708
791
757
655
76
62
251
690
126
69
554
393
609
14
31
414
815
314
632
351
649
237
426
48
342
57
364
498
673
516
821
286
803
53
811
130
493
679
411
305
203
93
716
759
486
132
568
401
573
812
140
756
148
576
376
438
696
709
600
634
187
553
23
185
354
195
12
733
216
233
170
226
250
576
685
124
157
495
570
653
219
151
155
686
587
231
163
454
179
76
588
744
12
830
563
82
428
623
8
166
386
362
433
387
315
95
552
699
17
184
588
645
114
561
148
671
120
48
813
796
757
395
786
308
30
147
644
560
540
97
781
568
645
798
616
632
122
246
736
655
515
255
25
494
676
765
333
334
521
651
39
486
545
7
221
84
524
485
795
425
453
19
729
433
565
91
551
659
594
227
286
136
526
611
204
702
713
623
50
193
418
615
136
299
50
286
176
79
360
53
288
785
541
414
135
699
612
534
307
772
537
657
521
177
1
589
145
537
69
677
62
722
547
388
424
477
221
156
545
650
763
395
306
627
274
477
186
20
684
308
104
752
748
525
780
804
254
445
795
13
513
212
766
245
222
772
408
174
238
728
723
361
257
367
665
324
187
158
125
379
510
787
369
618
427
155
648
465
538
158
530
176
423
580
618
472
642
193
634
301
682
552
53
55
239
593
385
52
529
787
774
540
134
469
771
592
762
412
566
285
551
718
150
781
537
90
302
22
726
101
644
390
148
595
753
517
659
399
762
176
658
393
52
12
533
696
188
554
718
444
10
11
287
364
21
366
533
482
783
91
373
438
789
406
771
825
121
658
156
27
695
693
252
326
408
17
353
283
706
5
594
81
165
703
658
538
23
42
253
574
640
558
271
70
292
537
38
419
743
112
130
83
481
460
330
120
710
265
404
668
128
119
789
697
174
156
539
135
216
119
13
592
189
142
61
590
137
76
123
167
385
95
506
248
78
495
303
758
229
791
174
474
528
615
640
369
330
781
796
322
666
782
39
619
315
125
221
558
596
30
232
285
71
122
498
20
719
279
260
530
30
743
662
422
290
308
531
458
661
523
152
240
779
327
544
356
598
676
365
102
620
405
645
687
142
604
351
147
389
746
40
132
81
304
9
523
743
330
43
695
444
816
513
12
574
198
374
283
261
427
9
373
31
732
479
625
378
331
38
203
246
664
49
700
548
317
445
786
525
293
817
163
267
737
824
733
763
673
145
820
600
396
660
402
9
256
172
550
665
193
220
306
490
101
371
520
587
526
498
589
733
267
333
383
62
816
233
315
767
395
354
587
223
315
342
819
643
65
413
334
751
89
651
261
27
795
602
675
369
175
109
154
463
168
108
777
261
309
102
126
712
198
258
140
334
69
288
634
143
29
348
666
95
305
183
391
795
113
754
134
34
588
705
288
19
233
83
189
743
712
272
667
515
314
731
49
82
596
188
210
212
208
491
719
421
60
798
264
202
562
369
632
327
98
670
770
145
12
17
246
183
754
146
480
119
521
577
440
311
135
762
815
681
597
613
317
52
515
342
208
316
535
532
689
350
600
771
368
240
438
747
397
816
654
761
161
225
375
402
574
508
765
300
604
803
389
807
616
332
94
714
590
558
328
48
555
803
69
170
280
554
385
670
114
672
158
154
444
211
49
519
224
520
402
526
471
821
590
29
678
703
372
195
198
552
335
719
421
537
765
388
444
435
784
787
695
442
536
88
639
362
108
436
788
413
593
187
780
798
511
694
323
5
9
752
517
381
640
467
488
491
204
203
681
809
201
9
539
156
505
632
452
759
570
190
207
422
519
452
723
815
253
320
549
791
628
567
369
566
725
235
596
667
201
737
593
307
702
472
270
191
323
811
360
762
280
132
582
79
213
725
678
399
579
140
81
134
707
474
748
750
566
641
435
765
144
166
245
373
292
694
35
185
523
355
80
516
372
498
401
716
156
696
544
361
262
159
532
389
203
682
33
303
819
308
420
79
655
628
384
254
238
327
175
179
686
467
76
818
469
404
506
14
111
44
162
690
237
466
569
716
76
577
297
568
439
716
413
448
566
67
81
322
743
259
684
808
449
526
75
41
22
466
164
195
755
736
725
232
285
361
111
819
703
206
470
218
122
540
762
93
71
34
219
384
161
325
66
209
367
754
692
406
493
164
293
589
482
592
564
770
508
762
33
34
669
202
755
385
154
734
165
425
547
81
778
311
144
615
711
42
34
184
296
643
35
671
2
68
782
528
692
136
126
13
211
576
769
17
371
143
824
274
637
668
337
631
814
139
166
719
470
499
117
441
395
426
622
45
615
668
601
330
669
451
288
477
514
480
158
37
616
690
632
701
6
643
241
494
330
71
600
729
675
83
696
33
354
158
25
324
661
327
588
347
7
346
331
630
510
474
592
606
158
348
518
12
609
381
11
303
646
323
207
298
161
518
365
37
452
707
413
655
384
722
84
450
292
768
235
385
705
674
536
544
373
373
77
258
731
51
171
184
693
427
604
86
552
385
583
98
294
130
762
334
207
139
168
9
518
708
456
234
720
60
756
460
306
56
325
531
412
62
173
128
92
593
313
320
136
474
700
448
27
244
528
21
538
587
562
641
215
691
244
750
753
806
560
542
296
607
598
531
796
222
178
709
420
313
530
76
322
542
741
751
559
174
337
244
9
716
134
117
249
755
717
46
34
590
671
552
215
720
545
336
78
373
540
794
392
483
698
576
661
628
810
471
618
655
14
260
449
599
802
654
267
368
279
236
808
307
235
307
594
348
162
362
79
692
779
633
758
55
408
493
782
459
272
72
44
8
262
42
541
381
265
808
256
513
586
238
379
690
762
278
804
133
707
539
427
747
134
266
585
203
295
367
424
464
506
550
160
616
6
517
362
606
433
143
519
491
283
431
120
248
777
488
622
584
197
189
255
637
25
317
484
788
561
645
638
409
454
395
528
652
546
545
114
422
512
78
663
47
635
133
11
136
343
602
439
175
612
829
357
113
71
761
758
242
533
329
80
764
443
420
705
754
18
369
377
830
66
699
352
157
577
352
457
635
222
491
57
678
193
651
643
367
377
762
165
582
219
287
462
194
461
509
145
604
536
383
651
578
512
511
94
104
47
271
812
829
116
511
63
472
234
156
825
560
662
557
19
575
136
819
646
516
157
572
415
793
229
826
487
108
467
780
90
262
69
310
234
342
7
655
33
80
806
610
521
337
483
111
668
37
13
809
447
553
271
729
579
404
38
381
152
243
630
386
100
615
714
63
197
670
788
6
386
453
636
30
207
103
379
482
374
85
744
51
369
526
489
195
17
322
56
827
206
772
270
46
211
820
653
614
604
78
821
445
231
400
808
210
580
29
461
60
602
316
314
533
728
652
774
727
699
200
534
811
107
492
76
252
384
193
563
553
787
226
633
28
505
153
363
176
289
1
584
53
571
611
687
652
144
540
465
176
46
663
779
825
278
324
41
3
371
327
656
794
305
186
462
104
528
111
809
434
656
338
568
643
435
156
9
399
353
66
735
515
533
787
397
812
528
460
703
767
378
433
650
671
242
533
413
577
449
722
541
223
45
715
100
713
478
340
491
814
154
378
668
726
532
544
128
106
541
323
219
621
209
5
132
618
182
46
656
313
501
76
583
578
387
299
8
10
26
600
583
238
201
760
636
184
332
589
238
85
315
368
197
359
111
309
699
280
92
800
250
231
656
112
720
666
609
616
115
191
708
811
24
576
165
513
102
358
267
278
421
316
397
631
267
538
329
349
273
619
439
335
488
87
782
402
74
532
453
546
160
36
190
553
340
707
129
82
188
173
5
434
128
82
614
531
349
456
305
828
393
452
60
803
602
250
779
99
582
261
245
408
365
174
33
301
60
110
386
588
563
294
424
388
175
376
583
600
461
504
624
63
216
750
514
686
730
96
775
257
48
81
418
775
64
563
394
640
114
65
784
83
380
531
87
288
733
26
9
79
612
191
397
262
238
460
387
707
656
476
766
807
695
670
83
544
12
779
463
553
700
259
123
723
276
697
385
708
796
539
667
12
810
413
650
26
612
513
761
680
741
577
290
781
343
601
139
277
296
755
748
657
810
95
699
619
592
28
513
265
327
285
261
6
504
468
206
260
576
205
390
607
750
737
400
198
490
681
574
747
173
772
744
339
780
152
736
385
699
541
235
41
716
569
500
696
334
95
445
314
175
790
685
72
827
663
697
217
52
627
561
463
189
445
327
297
454
331
164
258
479
423
798
687
577
581
716
717
97
562
133
201
348
464
481
406
601
656
232
717
424
394
450
561
731
632
102
638
404
45
106
393
314
725
530
373
305
823
35
745
494
100
330
740
684
676
232
128
70
157
763
269
371
497
775
109
229
169
602
212
85
821
525
568
489
186
303
564
101
530
654
820
169
148
423
69
559
556
780
314
487
293
9
514
620
551
764
447
82
814
84
217
506
742
267
540
286
464
631
569
552
359
411
156
10
302
340
414
267
770
556
784
460
326
435
42
33
100
277
241
430
332
718
704
517
114
830
323
448
747
1
809
514
389
342
758
196
179
528
122
104
333
59
734
269
78
638
115
803
457
50
549
696
89
120
73
135
99
303
826
743
419
660
678
320
283
167
451
617
602
425
576
314
468
651
719
66
22
648
453
50
81
348
177
552
16
478
330
113
490
14
223
201
265
24
607
200
77
174
111
790
334
306
96
547
90
404
110
529
791
354
556
734
391
60
669
253
813
76
352
211
550
154
174
230
372
502
152
62
158
249
455
292
456
503
25
554
305
138
261
564
534
258
600
640
344
229
211
369
714
570
60
371
517
780
370
169
358
69
745
278
120
351
336
369
249
392
677
451
191
222
403
48
120
174
729
671
35
664
354
777
31
544
386
46
318
668
508
422
197
691
648
362
773
571
332
688
639
500
566
520
66
314
688
134
158
58
574
537
302
107
512
99
718
106
777
72
694
437
685
348
154
735
189
603
457
335
762
601
174
226
703
645
30
680
741
447
677
600
770
425
430
181
298
786
132
292
825
452
238
825
335
802
704
790
346
367
367
689
97
770
307
320
607
592
517
559
414
498
472
163
126
503
392
405
779
296
590
518
108
104
488
791
406
121
260
693
738
704
97
208
373
170
309
340
337
105
528
94
233
713
763
533
629
271
748
777
307
24
263
780
822
338
9
586
604
289
139
678
250
788
528
751
763
670
493
706
418
69
618
474
331
298
619
580
710
776
245
788
453
65
469
316
226
129
74
108
710
626
121
501
265
467
373
428
695
323
297
264
103
703
525
254
621
47
174
331
374
783
811
88
357
371
367
239
750
684
428
52
608
405
54
28
202
555
219
306
781
574
313
72
431
482
289
150
36
185
644
213
714
9
639
759
754
671
104
103
3
747
353
825
232
711
197
704
674
416
62
260
714
157
759
707
308
388
53
60
33
778
618
118
688
817
809
242
651
132
611
470
36
504
339
285
686
42
115
754
523
399
690
111
206
762
8
689
145
41
164
347
58
570
122
393
626
180
541
509
354
282
700
129
319
234
107
477
343
501
803
232
51
413
273
376
676
570
254
285
330
740
424
353
239
373
357
587
461
634
434
358
9
190
793
632
514
314
546
365
712
682
767
263
109
798
816
205
602
324
649
768
334
407
330
596
187
135
241
676
574
79
563
705
392
41
443
545
236
127
798
307
305
818
534
288
455
160
21
440
260
528
685
445
198
537
768
412
697
37
256
452
215
132
365
363
466
210
111
55
443
513
88
704
68
564
205
816
351
708
807
613
818
818
619
504
73
213
357
17
738
480
116
64
222
246
291
305
363
226
410
142
559
569
382
536
652
639
117
98
509
88
635
579
775
311
706
646
67
387
100
811
523
127
621
136
85
56
673
626
747
219
654
217
822
290
804
230
806
3
504
599
427
607
500
727
657
92
731
302
514
754
706
60
374
567
804
582
260
227
180
393
291
32
228
143
639
495
774
513
728
405
594
355
354
538
200
784
777
122
799
100
585
145
320
544
221
523
179
379
811
445
614
709
227
324
407
26
79
503
218
348
539
266
322
808
369
145
783
20
126
226
254
348
70
340
193
421
748
827
415
331
340
382
134
370
270
783
272
187
84
683
404
630
301
382
374
613
33
297
360
716
48
748
770
166
124
822
178
538
544
260
19
132
460
219
365
435
163
748
425
202
12
12
531
292
582
644
810
99
19
429
612
793
312
617
633
344
669
763
332
411
329
796
237
540
154
524
287
576
576
802
271
496
314
823
814
631
186
671
485
609
647
602
56
57
65
753
620
251
269
295
333
309
313
86
253
68
538
779
588
710
788
689
701
254
273
461
692
498
695
128
729
390
31
610
690
447
101
476
512
522
789
432
310
86
19
279
575
559
571
461
113
635
609
741
1
11
701
74
824
571
692
816
384
31
205
214
159
697
759
791
274
736
115
628
61
265
262
31
773
504
667
534
486
205
173
25
632
401
593
448
491
514
426
764
326
630
336
800
634
713
67
120
194
764
355
78
327
617
164
712
88
108
85
523
515
814
42
534
519
683
340
156
738
210
234
179
87
767
575
815
360
445
55
135
434
281
244
397
529
135
446
567
607
399
47
695
465
530
599
589
193
532
318
71
20
289
182
4
101
57
785
299
485
271
477
657
492
437
159
401
199
518
738
640
465
804
616
140
125
624
118
399
638
690
34
27
13
71
30
712
707
463
68
811
817
22
388
26
195
697
520
121
655
16
219
333
129
46
789
710
450
257
705
791
696
241
198
644
46
596
685
815
296
681
576
516
428
710
315
532
523
361
227
10
95
767
351
50
20
243
677
111
510
494
4
461
289
383
784
66
526
443
584
713
121
470
497
367
524
552
238
437
3
600
442
652
234
158
724
2
322
419
80
382
393
218
684
740
413
679
416
625
79
483
128
780
445
44
800
762
510
39
15
262
477
454
1
120
534
657
362
240
231
174
739
633
382
90
246
135
600
740
236
785
434
328
326
609
761
214
624
676
325
553
199
667
586
571
561
189
44
537
826
672
241
407
791
532
406
498
676
665
529
205
756
207
274
693
732
131
655
605
60
637
226
657
26
294
211
266
473
757
477
285
693
529
107
791
323
542
559
151
322
311
678
225
811
187
65
522
403
27
190
461
320
272
87
332
514
795
528
319
759
755
796
762
253
9
342
516
65
104
298
84
28
43
170
361
734
655
141
129
364
437
255
35
493
581
68
29
677
93
758
670
344
256
194
424
112
142
17
318
255
712
656
373
147
821
755
826
737
51
72
662
524
564
624
286
730
580
145
288
569
687
202
555
514
828
804
116
194
270
798
575
132
422
287
410
402
72
799
308
825
17
587
623
706
92
458
477
32
570
286
483
162
626
814
174
468
499
316
649
446
321
311
32
274
229
102
142
542
473
33
572
137
148
576
805
663
765
402
358
519
744
410
236
824
274
190
639
616
665
210
278
557
829
519
495
381
441
512
769
526
828
363
258
633
782
578
365
284
308
471
67
660
261
236
498
589
820
383
449
266
438
774
188
706
532
279
733
392
461
732
148
729
366
220
769
372
481
659
402
77
565
585
719
181
114
458
619
640
537
762
121
229
261
240
743
423
253
547
122
769
652
662
426
682
18
590
70
677
512
478
99
13
653
107
460
5
449
283
409
371
611
507
357
685
123
545
530
819
174
777
801
148
760
553
417
87
628
822
204
483
763
177
71
406
157
254
162
295
328
10
190
135
433
546
760
822
270
427
15
661
547
72
254
280
541
42
480
531
329
495
363
817
812
701
812
157
766
829
787
390
92
657
188
589
748
822
365
264
200
746
601
118
36
649
452
223
414
533
809
128
266
476
225
753
311
754
9
28
696
689
340
312
612
130
452
714
821
381
34
726
205
806
465
5
423
255
412
508
707
476
476
157
798
248
754
696
420
118
696
673
164
164
384
118
166
558
350
216
29
733
11
223
118
164
229
756
494
583
491
301
730
4
198
615
500
699
684
710
469
396
674
797
740
177
543
72
289
563
144
291
612
709
369
62
587
246
62
645
119
598
776
705
731
350
26
288
352
474
172
543
648
117
455
51
620
272
644
481
686
774
516
144
210
687
343
571
424
719
216
613
715
676
801
631
278
86
79
407
565
352
487
447
175
493
179
28
803
204
68
815
408
549
624
295
83
656
223
310
221
815
165
363
471
87
724
767
49
342
466
573
687
365
75
806
292
477
405
31
338
221
510
219
178
56
814
651
792
813
631
829
359
155
59
336
48
547
50
741
647
729
49
707
189
713
131
87
700
6
520
458
601
339
633
18
307
690
308
54
40
405
273
160
757
371
410
15
711
688
6
428
198
332
590
409
121
552
542
788
303
316
291
715
637
720
468
723
421
160
677
328
500
199
394
409
120
344
281
586
109
449
468
812
119
741
573
281
606
655
186
743
407
122
524
109
722
419
398
445
655
434
598
453
114
268
824
231
654
601
269
316
731
540
215
144
95
670
673
540
616
135
17
163
165
179
1
486
533
294
652
525
795
394
311
325
661
819
626
483
554
436
648
721
424
487
468
275
664
611
830
210
773
692
79
305
506
654
439
238
670
278
805
803
263
669
398
195
581
569
726
697
508
330
649
633
379
607
596
136
821
619
766
617
679
92
146
93
751
307
552
606
268
126
73
251
260
135
501
624
793
444
256
91
681
591
3
404
462
260
670
334
543
491
691
356
283
92
802
138
13
382
113
527
341
703
228
51
344
410
95
265
163
259
151
223
755
78
111
709
8
552
817
183
187
109
769
167
790
483
433
372
27
227
157
705
535
356
352
78
386
614
551
445
159
71
155
607
718
137
656
231
662
626
718
115
702
203
572
512
654
207
757
215
747
166
350
537
488
570
613
212
591
317
304
273
803
596
281
151
534
446
38
425
229
650
739
640
276
66
347
579
597
345
94
779
553
609
19
279
628
107
382
271
476
269
677
763
376
35
92
348
478
268
136
559
293
795
355
139
269
104
21
825
341
144
103
186
526
15
709
662
598
667
326
230
594
442
810
19
664
668
189
305
778
563
578
261
226
149
480
6
755
77
184
436
117
423
631
25
151
469
173
269
20
196
652
532
815
373
786
639
557
158
188
595
821
695
483
708
755
107
206
650
687
786
31
596
564
423
802
409
56
185
241
341
286
94
491
196
111
276
113
639
210
139
204
377
728
47
255
776
454
792
264
767
87
808
65
717
370
5
148
81
321
277
267
377
782
384
48
820
449
442
123
216
93
236
790
714
783
212
670
657
661
694
372
187
408
460
90
539
607
738
85
805
104
729
789
540
280
259
749
680
433
285
280
746
456
685
203
771
826
392
123
290
664
425
420
439
328
595
217
647
625
14
675
209
662
798
386
599
137
174
576
395
773
828
761
8
8
717
198
646
323
482
623
463
353
81
87
198
703
92
549
133
167
659
541
681
618
379
126
595
408
80
427
458
477
380
109
695
116
471
652
414
249
620
81
485
583
511
104
391
612
106
70
665
616
525
178
664
34
213
377
401
246
97
504
187
712
264
10
632
459
820
463
77
33
757
545
159
186
438
539
620
352
259
51
803
421
58
523
349
682
43
674
735
256
7
214
822
242
416
580
237
764
277
662
396
276
738
277
670
548
738
90
302
181
183
57
99
44
706
729
1
176
407
720
192
828
9
611
85
16
647
337
694
105
145
720
371
157
88
242
550
788
267
740
217
638
823
702
805
458
436
115
382
641
682
264
782
208
23
316
351
340
381
508
586
11
196
781
752
397
147
396
481
761
357
699
159
165
397
85
686
491
65
647
88
658
733
518
145
661
377
102
383
449
484
98
250
175
539
744
143
266
46
409
723
383
134
409
110
759
726
63
37
712
52
375
691
552
792
48
809
443
485
781
806
139
33
368
481
466
172
514
42
783
733
172
539
537
111
306
708
369
209
176
497
215
366
450
135
232
567
605
174
152
568
366
27
155
302
64
402
116
641
691
305
661
413
417
665
16
668
431
52
486
392
17
514
493
674
528
391
524
514
99
558
314
479
231
448
329
523
789
315
758
525
204
220
530
625
655
714
426
111
91
541
20
650
698
800
38
132
376
285
115
628
223
822
135
685
115
616
716
507
403
618
618
222
599
76
117
288
280
561
15
230
528
35
802
519
680
298
570
25
744
726
708
43
124
533
129
39
162
573
776
420
260
344
347
673
251
291
596
141
254
764
504
588
496
399
322
598
422
79
822
550
816
738
76
657
341
166
393
287
10
556
691
3
634
541
369
312
4
256
314
578
93
695
79
34
23
491
235
302
430
625
130
137
809
422
652
407
345
156
810
551
271
358
437
426
391
549
435
567
357
773
638
409
456
421
157
267
746
63
404
232
503
193
315
561
508
54
658
159
420
115
187
804
384
807
452
726
602
534
245
183
641
716
34
454
213
542
288
99
193
483
253
707
696
662
60
717
534
192
753
420
685
575
350
515
86
39
320
145
499
238
494
178
721
703
534
681
410
579
682
177
229
724
457
715
471
61
415
330
346
650
760
761
365
451
163
37
559
156
800
133
815
353
41
233
762
329
191
291
382
115
23
53
148
537
392
258
144
162
120
534
487
507
162
509
369
632
108
125
499
213
269
282
361
528
774
704
14
799
619
572
126
369
613
723
275
594
127
47
6
228
362
504
691
312
53
362
592
197
60
792
83
744
789
482
180
212
530
401
596
180
469
625
97
267
16
652
64
767
423
657
676
693
725
538
310
610
654
774
502
50
147
180
515
319
180
383
710
795
56
454
657
99
381
714
545
236
595
753
818
322
284
611
625
690
460
611
205
177
473
820
328
538
231
627
741
655
511
422
353
406
181
247
36
149
77
146
732
243
352
705
726
663
402
542
243
687
698
737
752
108
134
60
55
427
96
381
73
471
663
755
12
445
820
759
581
569
380
404
703
426
240
595
239
102
260
822
138
343
600
130
541
285
636
706
594
782
786
154
251
70
165
481
178
282
404
602
805
269
739
274
628
371
360
815
436
759
693
599
290
734
401
507
576
741
187
405
777
722
604
791
389
503
436
274
828
700
353
679
170
343
554
405
552
21
780
695
457
810
303
4
688
275
412
57
57
472
633
294
449
771
542
678
7
63
534
220
814
36
598
619
124
293
685
337
264
110
781
734
603
198
509
662
206
549
770
472
742
182
246
10
749
514
338
261
149
375
528
199
10
258
18
569
769
256
318
185
526
117
608
647
685
482
566
267
172
384
704
753
692
632
237
34
467
505
817
384
607
151
3
366
755
657
454
122
788
15
343
207
623
684
187
104
14
813
315
734
261
720
465
608
518
692
323
299
143
115
15
470
780
706
291
159
562
696
821
331
748
312
708
207
677
184
242
496
448
185
76
440
432
445
480
595
815
520
383
566
547
214
220
19
756
399
764
332
718
87
585
807
580
286
284
320
190
251
618
379
782
424
217
522
295
511
648
440
795
215
142
736
487
646
483
649
418
433
536
787
509
633
469
524
262
242
475
458
773
211
484
255
115
317
357
113
494
808
523
254
586
83
472
585
811
254
108
577
687
169
190
109
188
597
98
418
619
29
698
485
114
604
759
738
23
427
612
223
616
191
511
453
452
670
430
110
36
504
96
387
749
242
188
433
177
332
695
142
191
126
526
593
711
449
470
454
794
581
491
295
390
666
363
202
375
733
308
262
112
308
326
682
564
356
613
485
596
110
822
342
380
719
181
527
765
621
292
343
305
135
75
702
633
480
425
622
595
664
294
573
796
638
764
499
334
168
512
278
513
311
376
621
400
155
499
224
776
327
108
30
427
387
57
554
447
380
7
343
407
654
775
792
776
641
232
764
20
568
634
234
731
66
192
77
704
79
125
86
712
162
597
138
681
347
487
677
773
662
721
168
425
48
730
661
2
547
188
68
673
390
817
82
515
151
425
424
609
412
133
249
513
680
776
396
205
684
677
445
314
797
503
444
521
345
512
339
193
153
192
261
296
794
83
495
497
414
827
181
380
143
172
621
171
766
359
211
154
592
384
800
540
687
707
338
365
796
748
51
526
753
284
248
219
339
492
625
330
80
734
274
819
318
130
351
14
464
183
355
61
781
751
418
639
248
671
625
690
263
401
391
559
751
66
418
494
419
440
798
738
8
757
149
82
212
142
581
322
29
44
544
248
6
169
736
416
406
704
393
218
197
101
326
356
144
340
67
8
181
734
474
358
779
97
801
507
215
521
655
463
654
760
747
779
492
407
187
418
449
480
660
122
739
408
26
64
195
705
829
812
583
358
411
176
519
562
496
253
240
428
541
687
764
747
781
453
781
780
83
207
53
808
277
244
783
33
467
162
703
726
498
301
448
106
164
211
809
166
814
172
504
474
98
656
393
566
579
623
543
528
191
208
478
727
12
576
603
21
436
658
77
358
405
788
726
143
653
573
747
333
437
293
820
177
240
653
43
778
371
793
709
233
338
14
104
423
313
608
415
752
89
717
493
705
555
588
13
784
319
1
281
310
372
630
745
145
323
71
320
444
390
62
696
548
682
638
271
423
208
310
597
298
449
342
441
117
284
420
645
496
350
199
433
235
627
367
804
522
582
187
440
811
770
581
754
415
739
539
269
218
209
329
455
555
393
768
101
811
658
161
479
545
733
204
539
621
605
101
363
137
234
380
798
751
484
713
456
203
172
398
18
785
691
776
816
319
171
724
59
751
140
631
42
720
326
686
218
259
567
18
396
325
589
769
744
460
18
429
2
556
130
690
342
264
270
638
310
286
57
287
825
499
20
207
538
491
679
338
26
500
648
699
431
316
132
812
161
129
225
141
466
111
595
324
375
634
373
544
686
267
782
422
28
280
684
815
672
481
402
633
122
123
178
176
298
91
426
690
54
69
442
412
667
288
607
416
180
152
226
314
673
352
579
343
59
726
22
583
749
26
761
86
641
250
643
20
164
739
812
405
830
136
587
84
391
795
20
309
573
201
303
143
566
728
811
159
270
510
706
816
435
720
426
83
42
352
37
403
810
793
822
472
475
500
744
771
501
229
210
351
489
418
200
626
345
401
704
817
400
822
309
801
557
709
230
611
663
342
632
413
246
398
815
297
374
373
451
565
529
160
778
15
684
686
800
235
235
136
156
45
695
191
52
587
338
597
164
805
78
360
551
560
637
753
40
648
591
500
705
503
411
408
436
498
388
559
651
752
214
414
525
492
665
647
246
427
329
228
32
632
33
809
49
678
691
721
157
782
17
541
112
312
211
185
752
397
227
103
391
17
129
700
192
811
490
153
145
801
223
715
561
650
654
802
675
589
417
137
698
352
392
460
338
538
627
356
697
488
652
502
167
390
451
710
726
789
193
192
675
418
1
396
713
678
608
251
90
477
233
238
770
210
338
775
618
718
267
72
266
17
784
436
79
665
457
619
787
756
627
460
383
486
368
394
282
271
767
498
594
488
81
238
203
690
778
752
342
787
256
508
461
451
721
755
624
183
202
448
163
288
53
732
765
540
465
622
3
242
798
716
728
403
586
326
584
146
807
226
523
175
133
265
696
343
739
41
776
544
593
215
647
21
509
253
818
164
340
639
315
431
153
534
315
422
803
505
217
561
742
625
385
765
391
463
722
682
214
297
232
181
259
341
184
124
746
299
151
450
54
443
750
127
542
406
444
372
303
80
245
147
123
363
55
42
241
620
764
66
82
103
741
132
726
392
304
446
274
53
122
703
578
720
750
304
338
707
194
457
631
494
683
537
634
510
522
706
636
289
205
785
589
534
320
204
593
87
779
395
252
345
523
825
529
542
117
602
553
505
327
377
459
778
573
742
159
456
765
584
316
541
780
690
291
620
553
389
681
390
519
338
775
228
601
131
217
561
448
136
166
547
712
530
782
420
81
334
85
132
659
662
455
727
719
451
380
71
816
575
434
606
184
295
783
239
726
636
418
528
280
717
557
807
408
502
718
5
549
69
791
735
453
775
759
647
695
299
476
99
304
413
63
8
80
510
649
215
363
275
209
614
291
599
693
327
479
409
84
719
485
71
452
714
197
723
366
396
352
305
420
788
63
547
197
451
812
425
410
702
787
106
633
39
799
66
731
101
619
488
714
7
44
487
286
63
25
365
659
48
60
506
458
702
630
119
648
355
611
280
16
713
737
436
101
524
595
388
485
284
151
370
814
588
411
206
228
754
122
519
209
398
721
681
448
456
704
273
485
228
2
182
599
38
678
386
110
538
687
443
732
817
822
630
219
303
821
385
186
272
557
408
394
419
203
359
254
137
113
493
768
604
241
240
661
764
511
524
737
152
575
223
614
322
793
590
301
271
108
342
27
196
444
406
620
747
331
614
128
399
378
419
129
564
367
495
667
560
115
320
749
382
364
426
399
375
665
296
4
268
633
63
419
480
11
549
552
671
276
632
753
638
825
805
810
460
332
533
509
327
74
19
250
134
213
583
38
777
420
442
497
423
399
539
693
478
312
340
579
192
619
5
656
760
364
328
365
205
720
292
340
730
254
292
6
799
105
717
708
432
824
260
580
170
621
619
510
409
225
359
80
533
802
139
15
165
120
248
42
506
482
502
9
103
280
422
225
175
450
297
337
92
678
752
44
358
37
283
147
226
718
148
782
146
196
1
786
405
503
327
497
547
50
503
574
184
215
608
163
696
60
360
378
624
396
428
402
40
48
405
47
20
205
231
402
405
814
603
731
689
737
768
433
587
135
368
284
493
403
254
609
552
700
734
546
785
743
561
550
345
703
302
327
333
201
111
740
88
331
99
20
406
480
252
181
533
500
263
737
819
496
768
260
196
369
796
360
73
369
80
194
74
97
385
370
547
549
710
744
284
427
658
455
228
552
107
651
523
547
362
165
771
463
688
750
243
260
284
509
450
772
395
308
791
267
320
173
668
368
162
653
540
275
735
428
183
325
790
196
499
507
388
336
781
69
285
249
632
424
387
150
297
479
395
755
42
158
403
89
703
125
567
551
792
316
183
149
706
346
436
504
11
225
328
169
171
820
762
241
390
201
4
814
310
611
232
817
616
16
131
22
718
572
228
220
36
706
633
312
94
622
409
90
645
531
140
355
358
510
104
696
648
250
373
63
601
188
680
619
577
730
4
88
818
498
669
63
427
271
602
418
353
621
663
146
461
733
542
51
341
71
282
798
446
235
351
378
141
126
260
368
317
535
568
676
551
385
337
713
719
144
351
377
5
465
102
773
437
254
742
508
301
603
827
350
456
683
158
44
267
366
479
562
207
550
93
326
11
18
801
202
215
737
734
18
577
120
113
803
683
436
585
788
705
539
37
713
48
356
605
4
790
548
289
550
491
727
12
148
791
286
429
765
726
771
191
593
234
823
537
594
237
461
769
272
429
788
342
167
746
416
206
109
611
156
162
536
189
667
613
19
749
240
810
258
2
636
641
690
749
555
724
804
48
99
329
3
122
726
129
389
319
736
593
493
218
728
473
647
62
460
688
355
577
693
46
161
247
519
87
12
591
429
715
129
771
814
523
121
231
466
139
324
408
239
720
277
582
343
619
98
413
388
448
328
539
27
199
615
31
637
623
549
138
801
510
172
731
823
23
731
83
418
765
34
137
584
710
556
8
218
221
728
676
533
600
90
522
415
171
790
736
387
77
771
543
392
701
117
144
777
822
687
210
145
820
330
405
719
368
811
45
828
483
516
18
222
15
15
774
88
499
657
284
694
190
680
111
522
258
106
213
788
790
612
404
145
689
288
656
473
423
503
362
59
492
24
65
759
532
194
660
542
291
281
504
696
393
231
780
394
483
475
19
491
827
684
526
471
308
80
680
333
813
461
272
584
135
71
362
653
366
547
98
225
600
684
372
243
809
80
711
648
640
609
496
809
127
504
165
237
228
656
136
307
394
691
196
375
662
252
450
363
731
8
63
477
237
632
139
357
634
596
104
364
573
193
69
515
269
247
298
674
232
438
27
95
466
720
467
680
507
506
248
634
239
123
110
18
103
239
91
124
552
507
621
816
604
283
82
719
658
403
111
24
379
142
104
386
128
197
824
792
395
658
170
130
94
560
631
431
333
717
272
574
231
772
104
209
477
559
649
501
401
650
192
367
561
702
174
349
169
13
530
270
569
234
757
436
823
568
4
19
652
174
267
68
355
67
33
519
112
11
222
513
437
297
104
65
675
692
710
742
590
529
472
643
184
472
530
655
549
154
658
564
612
285
756
765
214
709
618
470
183
472
375
553
18
166
670
761
663
539
365
295
73
510
230
680
306
147
191
610
687
682
17
381
434
720
592
24
558
585
821
208
525
243
796
652
240
705
660
195
632
781
420
129
648
26
626
643
626
19
166
579
145
655
709
234
339
698
300
440
612
394
509
215
110
206
801
616
782
100
12
693
210
88
237
289
614
334
593
292
76
314
2
8
813
471
361
278
194
488
491
632
340
300
776
569
259
21
787
817
124
704
505
658
536
731
82
481
49
115
397
241
87
150
574
649
673
4
666
223
690
516
132
47
221
340
588
142
215
639
689
673
689
388
791
489
770
319
450
603
17
427
248
405
743
771
393
757
198
155
181
82
365
488
669
1
802
456
345
364
827
747
131
211
290
233
802
771
192
602
84
743
628
88
299
750
617
63
664
333
618
139
124
44
208
447
228
16
25
551
152
644
243
157
333
620
330
41
61
684
362
809
503
656
390
812
483
455
42
300
757
389
750
323
63
600
675
147
113
792
321
577
146
781
95
555
703
737
275
482
418
319
468
313
308
650
91
204
424
56
123
98
611
516
740
126
126
360
630
335
796
234
595
530
58
340
44
607
116
644
394
61
158
513
398
278
370
548
732
648
133
52
592
187
120
431
277
218
568
611
576
606
164
579
428
830
97
620
89
96
605
364
219
150
371
713
41
196
155
269
520
228
153
432
575
35
599
699
520
768
464
721
204
502
336
590
483
367
570
82
348
68
559
745
142
377
811
58
534
244
654
75
496
138
49
245
367
83
290
805
447
197
370
302
501
627
286
236
470
98
666
742
358
98
384
342
149
42
138
488
734
292
22
530
800
269
315
294
128
744
281
507
68
638
56
392
417
762
22
128
790
729
244
9
123
525
155
225
452
79
787
428
315
538
298
357
70
210
334
371
141
409
225
776
62
218
581
43
370
613
437
322
795
226
466
738
821
635
236
482
208
372
291
622
389
148
687
647
22
22
237
506
199
258
661
311
519
276
75
753
778
133
491
718
129
401
403
460
516
714
241
360
455
755
253
821
539
287
777
20
514
808
623
652
625
788
767
342
475
590
232
340
41
526
813
31
234
77
318
19
472
773
741
518
215
405
381
407
606
282
539
147
559
341
429
782
553
197
83
325
666
92
142
117
687
295
342
485
732
178
352
655
239
15
83
354
27
354
537
309
768
18
444
151
570
415
461
570
806
711
736
668
30
133
82
383
687
498
359
47
188
655
702
338
59
411
83
710
780
448
799
673
769
232
386
126
268
145
197
3
613
288
233
97
538
639
434
65
340
208
50
700
161
12
296
544
72
321
27
748
154
644
756
120
180
705
10
628
641
790
341
691
386
105
803
813
544
628
394
33
630
822
360
826
684
716
441
156
270
697
409
530
112
771
315
126
448
752
780
376
812
216
216
486
360
731
650
563
587
80
592
754
454
810
443
257
143
566
124
757
461
242
120
576
358
388
609
736
234
472
467
357
553
766
200
196
783
821
164
773
762
293
190
82
220
568
373
474
118
420
399
315
24
443
406
787
563
688
338
428
437
72
598
566
810
782
78
283
235
816
546
186
425
703
254
122
598
11
761
576
151
236
64
786
474
550
292
339
452
708
416
48
644
368
95
580
10
548
816
766
339
204
755
40
552
310
128
768
633
658
356
742
711
327
18
824
730
259
99
60
327
722
484
624
771
18
574
558
172
375
74
768
751
132
672
613
253
402
346
581
527
402
575
305
90
399
163
85
452
530
150
778
510
462
104
375
296
622
86
35
822
411
751
640
458
172
427
566
591
329
277
329
294
629
339
419
223
499
817
607
229
478
153
700
816
40
88
140
277
583
420
421
702
567
351
817
420
522
673
756
644
320
680
104
253
761
692
431
697
455
20
357
626
133
88
167
105
597
633
428
594
694
763
388
703
246
298
159
489
689
514
777
273
156
113
326
77
488
499
715
27
279
386
217
574
57
661
157
672
304
688
732
609
17
538
306
442
365
475
121
542
391
465
512
574
147
467
759
707
129
180
815
449
756
757
189
314
267
812
655
537
828
400
131
108
714
487
405
684
780
539
758
530
217
239
14
117
208
63
321
739
566
210
263
244
364
537
506
611
622
350
736
716
311
576
240
295
340
134
323
535
814
799
79
363
73
239
57
737
379
333
752
341
97
577
646
602
469
531
749
634
389
809
285
809
455
57
596
397
40
639
753
167
286
626
398
203
504
133
126
447
704
40
120
580
53
477
247
436
582
237
184
726
608
379
711
637
762
93
667
640
462
715
369
748
829
22
492
614
598
337
316
481
60
794
424
585
57
616
368
99
307
642
126
138
108
826
348
178
170
82
566
391
561
87
106
830
138
312
412
417
492
160
693
205
457
452
506
392
814
238
152
294
336
140
28
293
372
98
404
295
259
400
465
573
641
63
284
108
300
330
119
702
791
558
636
780
274
537
774
650
306
280
327
740
284
299
211
390
738
43
536
455
2
620
345
712
543
180
789
718
63
173
563
409
761
459
459
609
208
469
823
545
191
442
400
672
668
359
566
795
413
408
168
566
498
660
540
233
766
398
266
413
78
658
409
580
823
729
469
375
534
67
355
11
540
488
256
290
458
699
260
559
745
541
812
750
453
675
197
427
414
225
12
205
111
222
454
433
628
802
582
747
763
777
792
233
341
295
370
2
372
250
543
514
765
96
724
528
780
377
365
700
523
594
72
714
626
619
410
45
459
567
205
123
42
562
403
303
296
566
480
131
103
377
794
345
75
427
828
112
398
602
748
215
443
635
420
670
550
53
323
175
306
77
71
272
485
282
696
269
448
393
476
682
196
802
191
282
390
430
55
351
169
659
194
671
104
809
51
520
423
548
321
605
685
449
558
814
758
487
77
147
483
186
294
253
171
271
310
731
455
244
136
814
99
354
38
395
330
404
814
517
73
206
379
378
204
223
803
474
218
480
634
747
518
365
277
813
752
213
654
299
313
630
133
760
23
628
383
153
674
824
344
499
97
325
828
107
437
351
67
494
624
440
268
239
535
765
333
511
652
244
151
289
192
520
378
353
40
139
451
430
30
680
774
792
669
382
336
806
111
388
475
691
492
418
189
708
650
223
754
667
233
189
297
571
507
42
184
54
402
346
518
396
617
412
180
325
255
105
750
283
302
797
203
512
627
605
615
499
782
410
134
624
194
46
10
485
402
166
203
117
410
635
475
752
469
373
385
309
109
29
665
791
183
224
55
329
116
444
452
110
270
393
227
426
136
740
180
537
481
580
336
712
318
146
581
208
107
272
352
28
120
496
413
103
318
129
447
756
457
598
343
159
139
504
544
807
306
155
382
22
641
249
790
91
459
417
566
24
661
439
330
482
788
102
363
701
677
133
45
587
306
118
638
614
153
211
410
671
553
202
752
793
469
122
748
746
394
651
19
649
294
427
280
604
231
273
526
526
701
26
175
148
100
437
343
274
68
610
78
427
671
732
751
633
667
576
149
662
621
607
697
628
567
125
160
480
687
667
705
330
102
804
221
264
307
711
733
153
140
406
734
590
771
678
729
747
485
497
768
41
222
643
638
313
694
214
823
493
288
467
185
358
436
452
167
175
380
326
573
304
114
250
357
61
205
309
589
484
323
304
455
767
348
801
566
664
499
539
332
300
668
572
583
36
41
595
260
230
601
567
153
196
83
615
510
27
785
750
742
433
372
548
489
197
657
816
311
267
239
816
283
18
564
596
276
40
372
361
335
274
180
784
281
704
687
483
549
782
785
271
43
718
108
289
511
776
616
38
119
484
667
296
92
34
708
391
774
458
344
111
272
759
361
119
561
23
523
612
485
517
520
273
792
644
629
702
388
178
175
195
684
252
375
55
61
7
430
452
560
513
252
269
623
173
821
633
265
81
64
788
306
443
161
205
32
324
274
73
644
6
102
553
737
518
466
800
216
596
113
30
199
119
198
350
811
826
209
490
797
298
396
170
635
165
775
19
358
711
62
599
170
347
102
391
351
430
528
492
473
189
565
284
291
185
176
11
748
676
436
630
473
554
44
649
266
305
805
811
85
590
87
54
327
379
287
96
61
136
270
703
702
466
316
490
566
347
823
362
1
779
319
10
588
180
748
198
631
390
651
277
426
410
686
327
743
743
2
29
777
600
596
521
465
415
682
271
561
96
321
503
494
801
25
652
495
664
423
342
678
313
434
39
327
663
645
432
132
691
526
1
14
729
143
346
213
620
788
270
452
682
490
494
520
525
793
703
796
229
42
218
52
615
821
50
820
808
69
192
43
698
4
559
556
465
441
288
164
269
89
456
278
805
577
3
505
61
417
507
668
16
816
256
87
775
443
327
444
141
653
750
546
137
289
502
454
312
205
429
553
680
31
170
626
102
638
375
489
264
317
232
433
510
413
470
329
214
417
606
276
218
733
479
189
475
508
720
30
547
589
584
399
617
169
310
531
566
337
283
751
281
684
771
780
802
341
823
558
784
297
655
176
808
455
652
154
29
633
41
597
569
288
42
594
14
316
39
539
760
299
436
93
8
806
466
768
381
753
626
174
170
550
442
550
119
504
19
307
758
153
228
592
711
691
380
798
789
491
19
29
217
128
529
456
776
16
559
333
469
545
93
758
606
69
774
249
720
615
50
163
736
139
606
369
188
73
142
475
49
571
362
456
183
753
347
331
131
229
585
228
351
755
689
667
428
555
199
407
674
791
143
656
116
608
153
55
616
776
54
215
319
669
307
127
624
193
501
105
814
763
450
407
106
22
675
190
805
281
54
610
800
438
358
157
655
288
535
261
792
440
201
338
633
431
358
313
64
200
585
131
150
732
460
216
726
698
30
302
563
568
619
514
528
364
524
295
238
726
159
542
424
830
657
542
337
466
103
427
515
307
441
231
619
812
394
802
136
535
259
569
569
13
584
578
355
252
592
282
620
75
315
500
155
697
682
224
246
11
617
423
673
223
614
120
44
136
587
708
217
492
461
559
650
682
413
463
380
389
626
380
551
650
216
762
305
409
128
549
448
578
424
713
565
99
549
405
93
89
503
351
380
707
586
508
509
295
780
394
246
12
499
169
84
446
388
338
187
426
628
273
716
512
73
86
385
47
103
660
58
441
610
481
125
630
651
654
23
77
268
181
285
76
240
305
490
408
382
337
754
420
545
647
164
790
624
567
280
565
414
377
675
640
232
409
249
485
490
353
317
687
583
699
825
805
90
481
535
348
384
243
204
589
715
629
771
48
325
43
384
6
770
632
433
138
186
401
590
159
583
784
256
212
513
540
173
541
151
636
125
217
524
481
655
105
54
691
661
399
696
476
720
391
410
347
300
172
344
405
653
323
54
414
261
91
634
713
443
732
641
336
15
80
335
276
505
47
435
429
492
212
440
209
264
673
747
235
3
449
748
336
512
619
429
427
739
523
618
443
771
197
784
390
110
9
352
558
176
141
822
7
114
645
607
631
152
695
201
96
657
109
511
270
649
624
821
6
24
436
91
532
107
715
307
292
607
238
387
218
316
830
340
695
570
624
367
699
450
342
253
111
494
724
826
203
494
563
199
776
324
780
283
190
248
180
454
824
472
157
175
389
588
674
494
611
607
642
50
494
393
436
456
538
579
335
765
492
119
8
675
11
747
685
287
786
512
62
760
177
778
27
97
39
233
700
501
460
731
406
187
57
256
653
484
706
516
767
507
458
96
564
286
551
20
654
354
770
11
429
318
438
643
640
687
33
418
822
557
219
672
656
376
184
7
388
9
408
273
577
114
379
546
582
25
11
732
322
63
807
181
232
408
735
429
385
303
210
383
799
373
710
54
176
349
734
316
89
133
241
145
444
261
235
799
314
368
579
301
713
640
261
134
335
753
107
73
171
497
204
148
217
459
386
582
575
431
364
765
521
767
709
778
567
215
260
208
617
608
82
561
814
810
762
129
216
491
792
722
360
617
111
797
667
633
44
39
284
287
234
695
31
589
688
218
707
607
600
550
244
801
727
68
451
297
197
777
20
116
181
614
212
636
300
128
449
825
358
12
482
490
649
270
629
155
800
541
298
403
74
619
356
463
585
184
743
776
90
614
29
515
781
379
178
815
237
683
79
453
226
714
387
826
670
216
360
22
173
14
653
798
203
518
122
592
10
22
35
431
32
223
649
829
358
672
778
141
320
754
788
607
202
508
189
594
678
636
334
285
563
102
355
618
153
511
8
16
734
402
441
376
294
140
415
195
223
696
606
543
697
678
420
189
775
693
375
433
453
51
71
697
257
680
734
504
117
571
777
704
556
344
30
637
388
774
137
117
541
738
393
299
540
654
562
665
141
284
809
391
585
734
827
75
556
354
212
429
178
695
460
639
374
689
296
559
156
390
503
55
636
571
230
83
503
622
115
784
691
658
732
556
477
665
822
609
251
815
667
318
706
513
522
213
10
133
431
754
376
478
708
1
325
347
75
667
509
6
490
671
725
461
239
650
592
137
405
802
205
598
507
543
270
230
279
625
9
410
252
372
695
213
680
106
366
597
314
695
521
332
686
548
29
473
594
276
694
582
154
477
202
9
148
177
267
461
279
131
600
524
55
41
80
573
426
415
238
273
659
790
821
266
34
156
301
830
343
633
208
637
786
302
74
212
614
426
287
31
99
437
379
587
285
178
715
186
711
470
340
679
763
450
480
781
204
776
311
397
173
145
364
641
133
613
342
547
271
417
211
252
400
39
646
336
672
340
621
402
777
383
725
155
178
604
597
37
830
232
448
152
741
285
330
460
234
233
669
466
178
208
301
438
482
186
15
450
731
11
436
487
470
83
325
529
260
687
5
170
777
282
438
197
769
718
92
770
725
707
618
787
728
627
510
188
790
404
647
567
457
483
123
454
352
545
666
359
244
269
292
667
201
21
128
346
573
433
482
791
373
507
165
90
804
502
618
773
120
218
774
639
513
262
232
519
392
171
267
236
50
283
207
645
738
196
154
582
714
649
681
808
260
511
148
273
241
162
229
151
42
463
11
363
413
645
540
721
110
533
774
86
324
227
450
60
574
608
231
387
697
811
40
215
118
144
680
370
640
439
638
417
303
777
389
456
171
819
276
631
298
778
45
402
213
243
454
201
676
750
190
430
347
585
302
565
45
220
412
315
99
130
338
47
681
353
433
80
640
779
125
293
584
349
283
372
817
3
206
280
151
259
241
252
594
5
352
62
590
321
161
426
216
252
546
170
127
335
823
102
260
801
696
362
708
663
543
630
66
30
194
749
784
623
266
102
715
110
736
239
97
54
504
303
13
529
4
108
204
327
357
623
728
341
602
716
236
702
330
9
303
682
481
665
328
532
127
768
539
538
719
403
819
741
587
737
782
487
248
497
590
106
63
91
297
168
711
640
641
493
688
188
762
298
105
143
815
611
158
84
819
737
795
356
342
395
454
630
690
244
142
176
783
760
733
756
170
224
266
513
542
126
697
274
398
262
367
55
501
231
734
668
484
238
681
140
676
528
150
652
828
319
461
414
753
195
306
61
261
685
50
34
605
111
261
808
264
95
228
242
346
224
140
757
11
17
18
131
214
22
189
674
599
532
449
87
684
386
405
577
407
339
391
350
744
117
343
426
269
610
302
207
699
528
91
45
648
511
797
552
93
364
185
246
468
187
707
97
565
821
360
20
598
772
173
46
496
161
623
290
676
119
536
672
651
220
295
259
446
105
555
334
25
36
771
33
508
530
394
50
246
118
783
85
265
167
717
142
739
178
583
12
100
563
93
69
210
94
701
650
488
489
817
759
775
120
70
804
306
396
578
104
365
539
577
15
100
576
382
519
627
523
426
638
761
586
573
681
506
402
401
693
551
748
794
423
234
737
149
546
402
478
728
6
101
17
116
308
684
624
199
154
598
160
256
304
564
41
592
605
639
615
105
131
446
658
401
778
53
2
433
118
54
513
43
122
334
785
807
87
665
13
625
649
453
655
233
743
709
122
610
62
131
313
64
301
143
693
529
351
547
437
612
50
792
96
688
243
55
583
223
273
287
1
269
749
732
437
559
753
583
734
429
78
676
400
105
394
542
752
491
34
427
563
298
10
446
827
409
92
66
476
140
16
104
595
19
183
824
510
686
540
787
398
782
359
49
818
61
480
444
586
273
627
699
532
39
500
444
163
760
356
456
205
74
123
269
621
68
306
486
411
239
726
360
457
270
239
637
281
476
509
656
365
732
595
242
139
351
351
170
219
38
379
521
400
205
431
674
36
204
594
341
732
458
209
459
592
317
520
27
147
119
276
40
248
764
389
312
807
91
325
227
803
365
152
172
121
570
774
254
87
32
204
197
645
456
77
229
826
235
213
568
308
485
20
676
741
233
703
557
692
448
823
13
823
310
773
186
137
664
88
653
293
45
788
705
477
695
253
638
205
305
519
356
793
290
224
819
389
663
424
145
619
687
22
266
580
704
258
104
110
568
627
221
596
273
398
16
282
280
812
217
56
497
614
104
212
619
307
394
539
149
592
653
601
265
54
47
698
715
25
384
370
182
826
635
274
604
669
147
602
537
327
478
510
239
351
688
214
541
527
427
391
112
413
396
675
776
43
305
444
546
751
12
767
355
391
747
571
720
177
527
330
412
545
589
792
343
507
313
356
125
334
706
754
289
553
546
749
250
392
790
284
702
94
71
220
506
524
753
809
819
2
725
278
384
803
299
554
647
701
152
710
530
200
197
625
453
225
248
268
675
632
333
515
117
188
825
602
483
161
548
819
461
701
717
281
279
201
661
526
322
399
541
732
727
622
790
484
742
327
139
240
817
84
697
14
244
378
135
728
126
754
253
407
340
515
293
235
148
597
84
387
578
609
397
628
318
149
446
64
537
488
291
41
477
760
483
79
781
490
826
98
58
122
437
209
206
648
518
688
644
370
624
726
1
810
793
25
703
180
553
50
544
575
221
388
81
340
395
247
570
738
481
523
165
401
91
638
62
160
217
327
182
15
448
554
95
60
612
336
9
213
107
292
641
26
691
613
559
15
316
340
333
619
652
793
344
460
187
243
296
195
191
642
580
352
324
227
436
554
530
649
281
499
217
119
592
757
377
770
709
823
331
91
367
133
743
656
194
567
245
531
528
135
196
453
296
486
502
492
363
735
12
274
315
505
541
245
121
78
737
668
473
561
263
320
228
696
23
662
678
296
514
468
518
649
49
699
116
336
308
467
231
675
566
365
610
227
88
321
180
735
561
823
242
587
808
533
322
383
636
261
4
346
364
532
504
450
824
273
722
21
276
26
188
131
200
692
23
300
609
220
332
612
806
653
59
379
568
127
340
746
717
596
627
498
505
304
457
807
28
699
585
652
470
522
611
451
553
350
173
531
126
741
576
476
794
60
455
723
696
396
640
506
405
678
187
743
228
726
29
710
386
461
235
700
599
231
609
465
226
262
288
431
745
81
822
486
308
488
319
274
401
729
103
307
314
116
463
560
217
170
687
215
296
639
320
148
607
166
498
556
364
376
803
93
549
460
544
637
77
784
148
626
322
676
739
205
53
566
198
655
62
519
6
615
397
667
275
480
490
233
274
12
506
25
62
306
287
158
291
394
808
94
675
86
595
234
476
505
213
263
252
619
180
745
440
538
674
756
585
526
702
428
56
823
140
440
318
326
115
165
201
233
111
532
40
709
203
734
169
634
104
579
125
416
1
420
319
644
24
176
360
252
67
130
343
828
136
486
272
526
708
298
550
518
77
377
592
505
330
729
97
703
759
475
134
461
34
295
240
401
568
210
58
263
383
801
410
219
300
103
125
589
688
211
233
681
147
30
487
114
668
786
827
37
764
802
347
467
137
4
416
255
753
541
414
591
711
143
262
474
529
809
803
11
735
485
647
20
804
264
86
112
58
644
612
111
247
438
814
185
437
451
587
356
806
232
618
768
619
267
196
686
529
633
735
290
681
209
814
361
127
637
88
528
595
724
744
778
304
547
746
156
338
25
188
227
97
824
113
620
246
674
484
439
261
365
503
388
353
95
656
389
104
545
411
72
657
609
41
214
634
532
812
278
296
342
321
63
830
177
344
48
260
706
341
641
210
708
711
316
222
783
23
713
80
326
674
489
556
322
90
59
621
44
717
630
73
262
751
733
445
307
114
39
778
443
708
490
293
464
73
523
613
309
259
159
170
756
457
485
823
266
453
257
709
715
499
812
700
481
128
235
707
700
526
174
746
14
568
127
492
73
250
736
312
592
187
595
114
266
826
99
113
785
392
298
681
539
500
432
642
703
804
390
442
496
572
3
564
549
627
79
184
688
116
498
409
765
759
488
420
300
462
87
264
191
678
190
807
406
642
193
87
761
638
722
790
62
528
251
79
193
321
446
385
57
426
35
250
410
439
494
357
274
28
175
157
660
121
785
725
398
326
209
507
206
166
523
638
424
41
829
368
334
424
517
299
105
828
276
366
266
497
306
694
653
25
782
418
284
104
350
769
157
316
423
616
580
313
459
575
69
701
360
607
457
732
675
223
457
452
309
216
11
203
227
71
454
491
271
220
591
219
116
672
602
798
95
719
10
816
339
346
341
402
251
344
743
451
307
366
456
463
827
754
487
155
492
402
40
180
509
512
104
391
124
576
627
534
758
383
771
376
54
32
234
531
801
52
679
577
636
511
21
393
817
830
325
501
201
799
228
729
825
333
651
156
614
169
142
491
116
159
62
803
598
700
133
636
23
756
79
317
643
647
17
738
355
817
494
28
23
278
14
643
325
565
37
526
113
403
500
42
68
279
387
222
576
463
497
649
157
18
695
266
623
173
172
782
723
494
393
3
455
289
408
294
8
746
86
340
726
158
200
475
166
163
548
529
335
498
141
732
14
220
234
123
50
785
531
709
270
765
694
244
265
105
163
408
216
799
56
603
290
665
581
236
362
214
745
167
594
758
706
114
779
377
334
519
498
446
661
50
37
701
705
101
571
29
24
503
803
627
636
148
757
307
399
255
289
174
438
464
567
350
19
457
438
808
588
755
53
391
171
194
185
768
654
27
76
761
815
555
686
216
788
103
645
748
820
480
609
322
65
150
402
549
759
417
792
779
480
571
327
499
199
149
590
787
177
343
652
62
348
804
124
262
350
651
804
639
131
726
754
744
642
9
130
570
687
69
731
620
452
579
64
397
147
163
606
150
265
85
197
390
172
808
503
781
360
515
697
590
782
737
220
748
343
493
772
330
588
35
123
679
228
12
220
743
228
826
150
467
23
474
184
105
58
826
554
686
655
712
360
443
320
41
657
675
239
79
101
65
292
465
547
292
550
326
556
645
534
259
157
681
540
701
363
116
290
789
510
59
231
179
22
452
24
66
221
822
77
374
653
363
795
665
332
757
615
142
23
34
803
194
682
174
800
702
332
469
554
184
193
475
284
375
76
314
364
535
435
272
488
336
224
746
368
809
285
8
260
125
61
474
692
30
21
537
319
382
436
63
20
693
518
530
658
643
401
23
828
353
24
461
671
111
598
372
127
671
743
625
173
41
286
770
732
512
413
754
536
203
550
345
388
303
189
478
143
570
290
196
420
652
34
323
129
24
445
345
649
29
807
370
434
415
638
131
230
393
205
506
190
630
496
255
159
695
480
244
344
264
454
518
132
378
557
322
367
24
383
340
402
643
392
374
738
412
60
469
145
545
585
534
237
674
495
457
695
739
556
515
445
774
323
132
128
52
252
32
588
7
561
73
788
452
537
106
581
298
459
324
191
573
681
404
165
767
58
485
763
375
596
660
125
43
782
762
498
405
636
105
192
665
701
489
482
289
659
633
465
824
127
214
27
205
594
474
718
592
811
87
6
818
70
460
372
825
146
303
777
784
240
584
487
808
82
223
418
635
331
406
197
244
10
778
330
567
203
62
162
121
613
708
404
170
803
337
749
265
187
690
270
276
635
234
376
641
814
26
417
631
585
79
644
698
98
70
617
432
138
662
227
21
166
816
634
196
710
553
226
775
506
368
278
661
751
6
741
91
402
793
42
43
795
590
742
453
11
14
105
2
335
597
135
149
250
206
9
595
293
243
484
362
702
150
649
375
318
797
355
213
575
368
736
473
332
706
230
351
306
756
161
454
497
332
468
193
391
222
526
239
445
465
816
643
61
316
585
35
290
378
563
90
237
163
417
208
541
534
200
316
176
256
487
800
97
272
237
113
9
274
581
685
727
352
756
271
22
461
56
780
227
54
803
619
739
15
556
516
207
515
461
640
271
383
775
2
459
450
575
767
121
810
247
529
781
34
353
199
652
52
421
726
690
681
238
698
332
544
345
667
694
711
628
516
666
640
153
588
805
697
33
205
641
331
505
362
116
43
292
415
140
554
397
360
197
757
562
516
808
97
387
791
297
714
28
628
480
781
555
711
394
224
718
159
621
754
621
716
121
573
458
768
64
412
452
642
302
729
744
788
739
660
781
136
356
81
667
385
567
82
529
473
241
570
402
618
83
633
366
197
553
757
694
179
62
155
191
232
242
560
587
342
794
13
410
757
651
736
739
484
433
793
614
666
157
643
823
111
473
101
574
602
208
46
277
683
18
518
439
463
243
11
728
434
406
556
708
241
671
658
201
128
325
262
828
628
498
246
180
506
111
497
701
135
675
237
437
343
419
33
154
310
563
398
59
672
344
89
349
713
71
437
253
633
461
182
502
100
753
15
687
280
325
222
601
220
478
246
674
803
3
294
525
8
454
167
743
546
696
131
251
773
73
684
77
94
744
643
815
153
534
95
576
2
492
346
308
486
335
237
87
276
341
258
658
654
664
566
509
24
689
787
214
752
678
107
644
138
438
564
581
406
435
790
626
546
410
502
755
421
252
154
593
325
686
512
291
671
543
680
628
367
784
182
162
576
804
704
559
630
296
140
80
633
318
417
449
519
169
273
100
197
224
477
126
806
613
659
801
823
278
126
766
830
765
358
499
679
720
559
719
387
362
451
3
777
541
467
468
699
810
2
191
310
744
645
527
541
215
626
164
538
793
356
618
315
653
396
141
237
760
398
581
483
6
397
380
396
68
406
396
472
268
132
90
582
560
467
82
222
247
692
583
444
324
799
604
454
781
88
131
259
382
22
436
16
48
754
812
314
526
733
290
12
99
300
550
330
61
149
558
139
733
275
544
548
646
460
114
710
740
142
822
331
422
146
170
192
716
769
29
645
593
360
4
644
115
235
774
378
738
496
114
281
363
650
471
317
623
726
416
653
717
303
207
733
333
624
239
154
758
414
43
765
599
416
628
663
43
57
158
495
70
125
713
352
111
662
767
227
208
577
721
39
514
604
23
657
720
741
175
22
739
194
370
16
136
579
826
424
718
727
531
83
719
738
630
18
771
665
497
733
777
614
664
759
242
398
633
685
55
326
146
141
306
775
298
811
379
84
36
68
111
789
446
163
333
744
592
529
305
193
417
654
191
47
252
471
307
767
411
506
350
122
42
802
597
151
415
602
742
355
487
558
749
756
637
599
30
235
435
247
192
685
587
316
550
52
626
107
118
223
80
127
125
809
541
15
363
262
702
83
317
72
88
120
373
386
491
639
14
772
377
237
799
263
817
458
781
231
688
187
314
607
54
413
10
758
495
310
11
283
394
721
785
108
228
731
605
194
507
385
591
810
794
176
711
436
525
672
589
82
798
115
676
91
237
31
7
649
550
186
659
473
425
361
410
815
470
629
164
15
295
38
336
333
230
794
141
763
170
214
650
252
238
162
499
168
20
708
668
395
414
319
663
239
646
780
717
390
76
613
506
14
544
518
730
650
590
108
92
512
376
256
65
419
824
138
486
238
688
293
104
89
346
473
405
471
242
732
4
556
511
92
442
165
509
496
299
185
287
399
110
532
803
398
552
65
498
515
652
592
165
55
206
446
396
198
539
9
447
330
736
272
347
322
130
14
389
655
264
196
434
9
170
391
523
84
395
762
279
794
189
560
416
207
118
804
119
414
545
762
296
825
372
828
430
631
403
78
536
249
734
127
535
663
518
825
808
233
132
653
299
60
750
519
359
263
176
2
675
194
133
84
342
128
701
663
432
54
426
117
354
691
483
184
675
322
64
311
119
264
769
732
359
601
711
403
779
650
751
256
49
126
470
146
439
541
572
741
391
730
105
368
730
91
34
505
220
671
613
320
357
613
191
356
183
628
287
659
316
219
785
315
648
525
192
568
572
505
651
809
768
498
668
668
663
229
59
494
624
274
584
131
91
743
517
229
44
375
211
802
776
579
327
545
115
701
219
67
145
16
502
572
541
431
53
743
813
732
541
470
313
459
677
820
87
33
435
141
250
255
575
591
825
501
64
363
565
436
143
751
536
552
525
233
461
690
606
485
228
187
489
234
433
204
554
632
628
398
365
184
333
378
673
520
790
511
664
121
111
669
274
738
334
807
585
721
253
14
589
478
583
594
336
662
610
251
349
470
157
276
122
146
433
802
451
772
726
580
24
695
479
394
368
591
406
240
162
818
664
663
167
778
183
125
8
754
260
448
331
649
326
188
562
581
744
86
351
398
664
483
785
411
152
11
709
215
748
58
519
308
768
311
310
705
411
726
778
645
217
322
797
223
29
486
335
632
96
442
351
82
556
38
695
146
295
587
318
250
259
687
718
695
542
437
229
413
815
291
508
718
795
156
314
73
251
174
685
710
40
48
549
161
158
368
479
105
727
378
421
91
406
357
387
625
6
764
91
225
35
271
442
241
532
510
478
440
826
23
236
386
382
20
221
334
465
328
381
446
190
509
628
15
80
515
233
78
74
502
556
773
716
477
181
163
75
26
74
484
396
228
392
96
136
475
445
491
529
69
319
149
523
751
617
515
736
223
271
27
100
425
474
277
293
34
495
125
351
388
155
89
283
313
713
763
150
780
458
502
391
560
187
616
595
132
116
405
382
501
74
265
777
272
336
288
280
270
646
474
811
162
418
194
278
206
429
131
769
503
211
420
491
4
355
818
489
644
532
368
308
528
647
181
46
148
251
62
387
286
202
90
65
627
722
494
263
141
352
476
132
634
307
17
8
432
276
720
476
303
544
276
316
162
607
328
523
485
690
331
434
136
514
745
251
142
596
780
800
615
739
658
781
293
458
560
548
663
476
129
35
560
189
480
649
512
789
830
718
272
328
76
263
456
306
644
628
52
524
760
709
797
411
52
385
634
389
304
245
422
469
806
590
524
606
102
776
130
456
81
672
296
645
515
646
391
47
575
524
323
343
633
358
435
235
548
486
49
556
116
112
51
613
191
6
375
705
215
270
696
325
123
513
498
235
807
611
379
174
396
258
701
677
417
677
329
815
666
304
545
640
248
414
334
516
712
229
784
475
485
423
251
669
69
227
147
73
417
239
304
705
761
772
353
502
114
592
417
62
42
623
631
700
168
758
77
294
525
364
634
227
67
170
726
341
2
286
306
778
412
125
45
220
455
109
300
616
565
15
285
577
447
618
575
294
731
662
647
60
179
297
634
829
622
528
603
502
382
375
201
474
39
379
590
238
83
739
701
404
534
103
433
458
186
827
812
335
178
626
508
432
547
521
396
630
411
534
648
781
507
265
815
485
421
122
331
442
595
373
599
254
292
623
759
178
388
632
804
274
480
557
553
317
285
390
74
288
795
39
432
83
393
245
791
575
174
617
796
341
68
120
22
660
135
84
459
113
807
206
194
588
459
685
400
186
198
467
154
434
757
560
118
727
409
25
153
45
69
450
405
377
823
361
51
559
778
33
456
320
303
329
111
746
377
694
273
48
66
728
481
283
739
69
425
594
608
101
698
671
687
224
622
37
104
254
485
676
449
127
488
604
387
695
245
382
506
367
558
306
401
278
445
620
180
261
681
512
623
240
314
122
420
192
113
123
74
162
137
222
746
167
478
436
665
120
669
372
302
38
359
385
376
668
240
804
549
809
324
6
22
240
639
276
466
460
337
595
510
427
669
107
682
564
509
82
188
724
318
432
619
748
583
800
328
10
364
680
97
44
725
553
664
250
551
636
720
746
461
393
401
23
327
639
767
663
697
37
433
286
376
417
746
334
70
703
35
93
227
331
640
417
198
379
428
556
615
176
208
348
33
314
567
104
700
643
51
208
1
464
331
569
288
52
787
238
320
263
746
676
752
217
658
660
200
42
722
56
558
102
143
550
506
742
815
826
53
561
289
458
332
809
448
715
103
21
302
554
253
418
589
294
300
145
347
532
749
620
495
341
584
88
81
678
386
123
223
555
548
182
67
34
70
13
695
203
169
106
525
406
317
728
596
482
769
519
152
546
690
333
471
438
167
283
287
637
493
709
590
355
282
137
295
571
802
594
145
266
581
554
394
540
223
688
172
586
562
404
272
51
363
434
332
285
788
267
549
687
354
243
516
194
413
624
439
553
41
638
77
629
26
405
340
689
393
345
209
140
95
690
686
254
410
720
16
336
269
675
499
50
93
213
585
798
417
486
594
229
190
410
330
597
765
582
272
468
149
763
540
759
340
780
503
137
632
739
71
243
237
675
137
735
310
411
235
251
545
670
332
21
179
447
319
823
570
717
133
69
329
493
369
123
550
443
341
456
147
192
770
77
167
797
317
706
49
234
392
142
477
125
188
350
500
146
353
207
657
514
559
356
336
80
75
698
191
91
328
6
140
606
259
198
345
154
22
463
786
195
425
287
98
576
257
155
506
500
617
244
730
134
85
242
604
745
555
272
229
51
512
714
388
777
701
180
101
743
39
166
751
310
412
31
25
815
224
15
113
380
686
89
205
732
513
476
497
655
6
79
765
530
82
428
558
606
161
536
140
735
516
290
442
125
222
267
732
123
300
503
289
778
408
8
117
778
705
302
178
410
80
463
48
740
533
136
256
720
700
657
740
265
420
770
85
812
48
706
798
786
582
494
99
249
183
668
466
764
523
236
292
261
649
156
522
582
419
231
160
461
493
303
611
258
706
563
338
82
533
213
440
44
516
290
688
733
284
353
737
754
411
282
751
565
400
78
368
455
433
120
399
538
678
306
779
507
271
821
663
447
423
110
358
12
740
636
59
644
46
643
575
732
602
720
101
808
742
760
621
788
138
359
47
706
543
326
789
101
156
641
5
563
494
705
304
203
508
705
405
422
810
56
226
385
824
552
229
717
627
101
32
528
114
187
685
168
452
37
244
187
343
794
793
759
23
356
135
615
359
157
658
239
484
805
273
141
665
365
259
255
578
498
37
212
810
131
756
399
437
169
552
10
485
751
168
281
459
553
631
25
530
78
235
606
497
624
317
504
512
224
660
229
290
72
91
762
741
320
796
773
266
817
16
299
238
272
567
574
190
810
215
656
114
815
108
573
204
188
529
38
388
700
353
521
512
452
569
423
296
120
815
306
31
59
334
446
296
419
8
584
312
511
449
559
745
3
815
326
710
55
559
800
639
11
465
203
591
75
63
648
706
693
102
610
107
755
214
382
781
702
63
34
374
445
692
746
141
692
534
154
198
587
519
59
93
358
489
340
619
45
151
692
379
105
249
33
552
335
607
24
783
653
730
143
784
267
743
289
286
216
469
594
25
169
788
206
515
768
69
427
74
650
512
422
731
455
390
44
378
545
89
720
383
765
343
597
489
440
541
119
692
106
50
649
281
523
128
638
316
389
703
82
210
9
25
428
558
339
15
704
318
168
802
775
304
559
419
267
222
405
193
550
686
19
167
474
830
331
419
759
439
713
368
302
707
320
300
605
181
475
635
456
337
642
438
598
621
420
534
556
239
510
179
610
471
669
736
50
606
244
250
307
587
521
110
316
312
423
597
465
78
85
350
240
196
593
822
112
201
551
117
96
123
415
90
817
375
468
263
211
651
289
330
463
643
450
84
178
196
632
264
100
709
99
221
335
337
44
698
327
525
224
591
449
742
500
131
40
643
805
80
453
556
724
495
495
545
260
100
643
254
684
541
786
535
732
486
51
489
150
54
315
794
630
773
143
615
444
780
678
724
499
507
773
710
617
408
150
590
167
144
511
779
209
25
376
704
242
781
243
88
30
39
181
96
158
258
803
702
600
59
604
535
557
743
109
349
320
728
562
208
476
405
799
531
131
382
334
218
621
177
16
136
335
260
160
101
131
448
334
448
327
199
452
559
511
599
82
335
484
278
481
489
491
428
789
737
316
495
332
787
372
419
185
704
736
435
688
521
206
268
600
534
776
468
711
515
287
291
633
499
336
767
533
532
110
94
175
669
815
256
633
572
532
318
679
826
300
306
442
626
757
711
434
331
656
720
47
16
662
54
67
373
749
415
350
790
711
699
622
45
489
508
611
687
112
545
499
818
41
406
143
493
158
44
321
543
389
67
577
799
397
708
544
788
501
497
206
274
71
658
617
819
19
431
646
492
527
518
744
309
734
788
610
807
600
673
632
82
179
500
338
291
249
443
636
636
617
641
71
308
475
223
56
191
243
267
419
350
431
286
115
595
452
549
634
662
136
200
15
47
320
205
26
321
251
334
708
76
585
513
385
565
386
486
273
354
740
526
39
622
377
339
604
176
468
628
443
91
593
20
445
821
720
561
825
663
165
55
555
622
347
550
686
440
169
26
528
368
47
375
498
389
616
630
751
483
493
199
206
593
282
13
681
429
216
641
551
541
411
384
187
156
373
760
736
33
557
684
687
417
584
826
278
32
604
427
535
124
577
318
534
767
117
380
539
113
351
96
449
344
748
793
714
530
340
175
321
743
306
689
807
449
778
124
509
433
34
528
224
675
454
420
532
146
83
578
680
574
476
706
495
52
215
15
814
16
55
448
291
39
384
799
500
307
69
55
37
449
690
743
789
788
203
677
785
97
619
135
616
512
447
818
750
329
701
527
189
720
1
486
35
92
353
366
487
518
548
146
819
440
362
463
786
675
691
199
96
579
736
108
512
228
598
391
741
596
64
656
802
47
116
554
209
200
798
615
566
109
805
346
761
249
243
65
803
146
49
707
138
446
298
745
290
566
242
820
612
32
443
256
724
186
709
38
79
714
48
381
469
72
711
44
53
112
621
327
162
555
328
181
145
661
758
110
541
822
68
789
792
156
360
47
370
719
614
351
169
111
377
204
483
666
6
802
27
661
762
675
498
537
317
365
177
385
558
186
772
541
596
727
42
263
129
619
251
211
488
778
80
185
237
38
579
299
394
563
464
794
558
573
134
22
277
174
397
362
57
162
539
710
446
649
608
67
708
800
468
45
423
519
307
487
392
3
138
735
331
652
751
62
517
479
518
32
763
668
125
708
543
373
363
370
807
374
709
767
322
237
518
433
396
571
808
630
294
124
599
1
220
595
465
227
544
275
20
572
194
75
108
764
254
344
451
740
407
326
654
454
516
341
270
695
198
123
31
712
427
266
642
345
185
38
478
51
257
801
379
385
34
644
8
603
598
721
700
316
1
694
84
181
434
194
572
657
775
693
702
614
782
249
157
472
275
766
479
377
327
591
410
53
439
327
421
419
296
134
237
297
164
647
816
237
253
147
676
598
643
240
134
365
814
147
70
512
109
527
652
124
81
698
409
481
245
191
654
292
1
120
633
210
606
229
496
444
272
533
780
301
571
638
237
153
520
55
481
373
292
31
812
585
576
779
1
773
439
103
358
402
517
259
609
680
794
213
455
818
91
162
830
425
302
686
528
51
207
224
825
34
133
817
649
771
119
264
99
131
100
227
601
747
707
774
519
776
203
735
96
84
439
62
821
342
335
827
134
449
323
759
391
726
667
625
631
253
18
159
371
289
419
735
522
767
733
727
88
370
358
421
107
495
691
73
651
628
268
198
38
388
79
112
6
288
344
326
595
203
663
583
333
165
705
118
654
614
580
618
739
57
312
264
729
3
245
362
826
312
192
106
777
246
144
784
89
336
561
309
728
426
458
705
273
155
199
378
456
616
66
513
368
107
777
413
448
537
42
536
759
752
302
224
735
402
462
238
217
399
350
304
628
412
400
254
693
771
671
360
360
197
107
689
529
316
344
369
358
767
333
622
555
727
682
326
358
256
606
76
570
673
551
402
42
103
742
411
809
613
496
426
451
91
358
368
593
581
696
658
359
9
780
366
749
52
527
669
182
715
107
657
82
710
299
590
751
77
331
109
273
191
308
380
803
639
226
481
294
73
8
459
94
603
320
93
519
473
442
346
565
77
56
331
69
452
211
235
285
416
656
182
281
660
368
37
307
381
605
701
234
510
491
529
252
673
188
187
788
705
502
150
314
820
241
277
591
540
429
489
287
19
228
315
824
642
78
606
113
822
86
233
105
582
51
31
279
348
796
382
473
621
725
708
620
325
406
348
415
731
402
808
457
750
746
135
78
40
241
572
187
466
437
263
222
713
676
184
409
241
799
452
71
7
423
312
504
110
54
316
578
366
157
721
133
50
692
564
557
615
590
410
571
244
738
658
796
704
241
278
201
214
100
658
365
475
785
663
19
493
409
487
253
120
527
468
744
740
297
323
339
115
712
744
699
453
143
342
65
288
238
779
348
790
19
305
530
309
434
827
462
452
778
36
505
69
714
8
449
137
59
828
57
528
756
654
740
238
674
546
263
286
535
179
549
173
168
425
532
263
629
554
11
740
363
62
116
726
376
191
733
658
61
19
244
525
709
604
454
327
441
77
679
576
127
287
197
38
751
519
393
247
373
355
248
131
758
741
800
523
58
805
136
217
124
37
593
342
65
357
67
556
17
710
459
747
608
530
219
349
521
727
425
207
663
503
710
461
677
578
809
246
1
368
205
328
374
280
359
2
112
40
453
696
199
183
792
154
240
599
542
685
812
560
258
749
10
710
659
47
23
350
676
103
395
733
421
393
194
250
228
221
280
721
50
774
34
716
110
121
775
251
521
599
532
362
788
248
404
248
235
492
771
662
151
584
778
262
727
474
154
818
630
505
494
247
329
825
444
829
730
361
455
129
72
118
305
312
404
814
374
601
557
629
788
466
47
594
408
59
526
610
125
28
289
604
283
561
267
415
363
20
786
399
816
90
697
486
667
752
109
323
553
551
460
257
255
700
156
149
321
473
150
823
249
139
442
51
397
322
360
356
56
286
278
636
531
190
46
225
794
509
146
262
744
614
343
225
602
622
638
388
531
216
73
717
159
400
66
550
546
383
594
301
434
608
117
390
135
465
305
457
297
13
24
297
503
189
49
131
440
26
448
67
40
4
805
745
802
18
196
202
644
619
152
498
729
293
16
752
774
567
816
451
221
640
152
285
536
173
438
807
570
535
591
359
620
785
390
1
121
370
585
586
267
399
459
549
794
251
431
724
132
781
198
362
3
532
593
746
762
310
274
682
446
638
685
396
320
553
401
348
711
122
631
379
401
728
415
264
594
489
145
740
692
783
308
54
341
533
824
653
499
779
403
506
577
653
543
564
605
720
803
696
87
189
159
279
642
30
750
350
513
687
708
437
721
214
112
440
433
243
124
192
737
257
141
775
128
270
744
651
690
124
84
176
328
347
764
817
174
417
16
93
412
29
708
16
3
357
94
255
216
67
78
235
212
82
585
569
247
588
482
55
412
256
822
783
336
518
455
129
695
562
143
127
510
327
145
633
65
42
321
552
740
91
669
147
218
200
282
550
620
546
701
135
652
804
573
492
466
6
87
234
588
11
682
173
416
294
49
28
386
131
561
375
595
307
116
217
317
24
415
171
660
298
779
437
164
145
768
534
223
419
137
442
335
10
683
556
196
689
103
138
354
187
100
392
495
77
140
455
677
784
524
44
436
464
339
488
325
540
256
310
160
146
506
200
205
605
796
75
585
401
694
194
542
659
11
722
554
264
269
817
556
344
131
12
373
69
750
484
649
611
762
305
71
727
603
591
23
464
395
616
763
749
779
500
461
599
60
486
696
434
74
143
751
596
213
483
476
630
594
147
73
82
808
358
146
395
77
553
747
745
233
559
594
43
293
610
299
234
102
409
750
38
36
530
769
398
739
606
567
343
186
87
67
555
672
573
806
50
103
295
761
523
255
244
801
454
135
334
334
169
78
807
108
479
805
94
35
149
277
221
441
458
264
217
46
543
227
175
142
30
716
691
587
516
521
485
389
374
252
244
680
763
132
394
240
626
806
504
340
263
534
276
20
800
422
74
793
364
762
225
497
176
184
48
447
325
42
49
731
794
520
211
680
92
638
752
65
155
361
62
6
797
259
493
750
53
820
296
539
462
87
408
692
12
643
276
411
252
656
49
742
114
356
22
337
668
156
251
738
51
452
276
80
121
7
195
392
146
570
681
122
501
207
601
55
106
439
458
91
445
156
695
84
632
488
85
180
454
499
619
259
159
406
574
151
166
279
364
322
44
693
66
72
73
151
648
366
318
1
363
70
27
636
516
233
688
799
277
280
219
23
227
62
429
657
359
741
561
378
557
740
710
349
17
793
86
650
73
157
236
609
598
818
656
168
171
222
517
750
437
693
829
453
7
109
78
801
385
206
45
574
249
216
267
534
281
60
571
446
540
298
468
750
419
170
194
510
246
651
288
66
53
687
824
822
172
801
30
589
475
729
217
400
126
460
19
92
730
492
776
725
390
729
811
334
508
249
788
690
578
807
665
43
811
229
389
78
696
556
676
394
768
200
5
694
215
568
290
676
770
673
739
734
818
518
463
397
554
177
86
236
158
733
44
23
511
471
330
643
625
92
756
330
219
539
468
648
614
717
186
243
193
143
319
58
449
92
9
124
124
8
636
721
491
689
667
794
267
351
637
489
395
548
388
46
412
279
398
635
125
25
405
386
169
261
86
657
391
66
278
432
224
750
402
588
37
706
101
61
510
192
96
69
640
237
469
724
496
747
342
455
138
240
361
777
384
442
509
339
798
153
728
593
598
232
473
111
98
772
35
381
670
488
219
49
646
795
366
543
417
139
710
547
400
44
360
296
215
305
187
436
367
60
599
357
442
523
658
625
13
812
162
809
486
615
715
104
482
334
367
235
171
441
351
650
371
735
118
575
134
727
669
722
619
480
755
518
740
236
670
124
260
803
668
585
53
230
685
298
419
314
210
442
367
145
670
255
425
659
91
581
816
644
65
598
138
224
245
436
102
679
462
493
382
63
440
3
520
502
268
253
352
375
573
10
787
722
823
334
199
706
428
739
357
410
407
225
312
435
450
195
794
131
60
636
719
29
59
339
162
278
642
307
742
395
109
113
566
124
329
198
781
695
308
209
664
822
714
70
630
503
25
709
301
239
578
699
765
572
427
513
82
171
2
4
398
511
296
157
504
521
655
108
570
403
498
1
526
513
720
192
484
468
589
461
687
223
325
648
402
797
495
97
211
805
691
510
783
797
115
596
156
584
739
380
412
81
228
735
248
60
421
648
828
69
230
463
9
769
408
410
95
707
301
17
332
743
463
206
524
585
381
670
550
686
635
53
680
336
270
178
348
274
191
399
364
505
468
317
533
401
103
132
388
512
336
624
486
20
688
825
545
492
45
524
633
57
77
705
529
43
190
7
88
583
813
802
407
705
177
79
262
806
431
731
414
553
138
209
435
121
36
828
329
39
431
333
523
528
696
68
224
287
667
664
457
463
182
468
816
238
438
498
662
440
404
283
75
651
241
213
775
393
727
646
330
304
85
188
693
39
284
384
751
293
799
642
379
354
326
522
599
521
829
156
190
320
815
541
625
68
194
256
744
745
122
617
686
498
503
601
579
262
746
697
780
214
490
482
1
265
8
498
663
279
326
590
266
286
562
402
405
371
270
321
98
502
615
467
228
378
154
497
526
38
652
634
243
241
48
430
248
535
87
55
13
704
417
516
821
788
172
94
386
799
392
139
533
517
701
661
616
500
492
252
647
165
486
122
644
85
484
374
306
627
655
534
132
14
423
63
574
146
797
377
655
819
490
751
290
362
88
736
517
767
499
538
366
49
737
96
391
486
738
656
554
471
535
24
367
435
323
671
534
502
368
781
387
210
5
421
190
782
238
123
536
231
674
615
555
684
440
343
549
56
760
330
32
791
210
197
501
353
309
429
184
242
189
459
315
266
474
92
199
120
39
494
151
772
570
510
378
113
488
468
603
533
332
554
733
682
820
716
555
672
386
116
515
513
480
702
180
98
392
688
190
110
283
218
45
51
721
689
676
69
60
148
670
61
465
393
66
312
795
779
644
167
720
26
261
589
824
585
496
646
574
580
813
132
287
78
304
720
550
712
711
385
560
452
577
94
727
657
802
246
144
303
212
7
306
165
607
388
685
459
117
750
525
647
564
319
809
773
712
430
60
606
398
260
702
399
143
223
269
544
798
364
131
542
138
73
556
725
173
795
210
740
338
162
433
330
571
808
353
532
270
762
753
183
619
759
381
161
202
102
48
294
785
139
552
136
212
331
257
419
427
145
229
779
58
17
591
457
316
548
193
584
717
691
321
562
791
518
159
295
11
493
177
325
399
682
682
244
541
33
801
265
698
125
676
564
440
421
203
167
355
637
515
239
16
714
550
652
260
821
669
539
84
268
633
177
331
543
211
447
37
503
540
92
86
728
448
801
525
395
602
108
493
655
500
332
190
704
188
571
644
460
388
811
153
801
673
579
564
198
242
784
585
8
537
684
424
246
389
394
645
584
750
52
259
392
636
718
694
396
307
108
436
515
412
374
658
488
35
724
263
756
693
240
585
61
263
508
822
620
644
365
378
808
338
492
135
458
801
88
733
687
572
399
352
362
508
382
620
528
586
758
172
560
739
685
816
467
140
813
285
308
642
367
745
180
447
393
373
797
150
591
65
737
143
268
475
667
68
657
294
665
715
597
159
202
224
708
225
295
684
634
453
165
720
720
827
745
699
492
204
1
714
275
272
600
521
106
599
681
217
741
128
799
762
544
639
83
194
155
568
482
787
249
574
260
113
662
281
394
546
499
199
28
821
820
655
659
776
563
443
602
586
612
222
632
543
755
144
536
777
404
150
608
408
230
664
209
667
689
704
515
115
188
296
449
758
355
637
769
160
17
585
231
821
536
420
767
448
794
119
186
240
654
626
308
304
533
379
706
219
522
55
23
555
228
747
592
271
118
665
735
10
263
141
259
676
178
49
452
7
476
789
116
99
154
517
23
19
361
564
392
310
511
703
824
8
405
457
66
751
1
194
53
101
461
122
581
449
474
407
779
238
379
64
795
166
593
542
573
308
108
194
320
727
227
303
625
452
532
117
335
530
411
826
156
60
647
473
219
501
674
416
84
175
813
419
799
384
652
212
444
508
196
22
476
161
542
414
721
12
265
482
93
557
814
820
526
756
120
706
590
664
804
151
297
224
376
414
289
605
308
802
642
473
820
798
683
373
450
165
334
581
25
371
671
70
521
755
772
565
318
504
23
518
701
280
207
421
482
261
392
88
404
17
238
480
415
449
710
632
806
595
706
518
249
750
260
22
375
349
137
268
776
818
732
715
85
713
578
570
443
217
264
224
619
779
143
282
22
381
668
155
426
27
228
569
651
457
158
355
630
432
379
412
792
54
47
509
441
789
632
735
612
627
245
193
746
269
228
692
500
735
411
667
173
480
333
615
114
149
222
294
233
451
152
129
134
814
758
232
605
575
284
16
543
310
58
748
453
826
162
539
581
41
679
261
265
341
496
427
172
559
402
286
442
448
137
260
754
425
13
369
732
616
61
547
503
556
427
498
528
681
697
490
395
186
474
60
720
72
763
185
267
705
296
413
469
600
419
818
447
228
352
184
511
262
420
207
639
725
584
661
230
693
332
555
414
655
542
329
552
105
667
602
621
15
211
655
462
131
241
574
765
31
396
129
232
220
570
680
681
16
371
783
57
175
5
743
108
70
3
208
545
548
508
407
348
306
763
298
89
36
527
605
369
528
116
109
773
668
365
327
800
822
797
182
214
572
115
73
700
640
814
694
149
415
576
645
356
802
324
347
42
569
667
347
588
125
526
252
509
714
286
690
167
404
455
536
400
766
40
203
391
723
67
752
110
384
608
159
429
144
771
713
656
325
652
627
274
392
772
465
44
17
226
244
774
207
687
552
10
388
800
393
722
58
516
619
123
314
260
464
39
588
362
687
148
761
775
84
134
411
237
274
34
763
744
521
799
622
538
498
296
194
744
464
746
535
711
179
233
566
636
236
15
647
339
354
550
556
363
51
827
487
677
652
569
186
166
562
631
799
272
592
179
779
680
768
276
262
148
779
448
56
485
277
513
248
642
96
102
97
173
215
105
355
636
418
10
621
785
780
346
686
765
72
113
260
531
411
611
69
24
691
180
678
389
690
33
213
627
777
330
257
144
764
723
504
246
380
604
314
634
171
359
138
614
712
597
297
800
350
85
523
385
43
808
312
338
167
627
204
571
297
334
320
48
708
790
290
760
286
719
322
378
103
263
202
730
813
749
210
330
217
330
655
363
148
360
437
617
352
660
218
422
301
410
822
366
245
26
669
447
246
600
31
137
417
419
190
219
132
744
334
712
803
638
331
90
25
496
146
101
497
730
648
468
34
414
689
123
802
171
422
520
599
698
282
3
484
403
223
747
44
275
325
789
466
713
340
123
651
619
753
515
184
760
695
151
245
438
234
50
630
432
436
525
648
315
266
387
224
187
595
488
571
242
426
759
4
529
610
389
239
452
548
158
416
436
642
777
674
672
466
477
303
490
96
469
432
636
74
284
340
30
514
491
131
291
229
435
462
10
682
251
441
11
656
605
309
397
695
823
415
830
617
369
584
74
181
484
381
68
666
450
182
258
285
98
673
390
680
282
219
653
41
137
93
208
442
19
251
388
404
9
663
192
454
700
461
746
215
559
743
605
224
480
488
816
685
793
393
170
447
470
226
481
150
408
766
610
199
721
276
42
362
234
550
20
737
355
478
70
223
373
235
20
701
599
119
754
819
585
143
692
675
531
118
599
79
46
160
4
229
802
394
183
248
429
219
708
521
36
500
514
91
218
763
544
188
671
279
788
176
414
648
189
22
532
474
25
696
31
602
402
734
669
43
80
141
561
576
686
129
193
488
341
385
318
96
278
558
479
766
329
663
198
271
63
25
96
717
561
782
354
519
237
43
134
651
8
745
321
637
310
197
714
257
822
288
47
339
392
687
604
626
527
341
556
686
607
656
688
54
13
481
278
444
165
743
509
289
371
499
397
357
419
259
605
346
111
788
474
519
681
345
732
299
86
270
72
721
382
181
555
670
565
346
94
94
385
405
574
224
153
756
595
472
379
678
566
547
296
324
402
828
471
493
261
369
744
71
350
707
303
457
463
212
781
738
550
502
304
347
800
736
386
337
248
455
131
586
482
44
211
148
440
240
469
507
340
581
626
250
407
742
511
449
791
98
214
240
813
107
349
445
37
137
817
702
403
649
825
556
450
22
346
633
527
486
803
697
320
149
738
116
380
739
114
411
613
581
177
418
584
688
523
296
691
268
472
697
698
5
622
541
104
197
503
436
453
171
610
450
23
346
66
426
15
84
440
94
457
642
698
132
824
183
753
270
166
162
419
104
317
716
826
238
61
531
2
373
646
698
532
805
828
815
90
296
573
75
360
684
596
264
545
429
325
114
558
635
418
17
224
488
247
755
166
687
147
260
781
207
308
642
220
313
342
319
234
542
154
499
466
73
95
288
644
115
430
50
247
274
204
441
580
9
591
322
156
172
19
243
370
329
132
468
46
122
170
158
362
784
680
693
517
251
540
385
441
617
636
71
759
198
134
507
778
590
29
824
487
109
828
178
592
582
636
278
748
29
530
256
659
292
519
499
335
401
603
387
589
348
387
427
208
81
538
335
691
34
414
91
170
609
493
432
813
672
472
85
765
724
683
44
106
8
721
830
99
459
167
498
577
530
505
278
169
217
92
217
41
548
32
273
767
772
40
131
684
90
508
663
281
354
9
791
644
14
331
640
633
244
293
335
641
522
175
773
770
504
220
604
582
342
571
135
308
643
88
10
598
737
547
423
492
248
662
735
81
566
422
411
225
570
423
637
806
401
601
702
265
319
768
604
588
277
559
148
286
43
597
387
320
810
662
64
456
569
337
384
246
771
696
343
352
322
76
164
178
51
392
30
407
736
113
498
635
483
714
216
681
39
688
617
710
681
389
24
511
251
703
574
461
19
301
47
293
537
829
771
693
741
324
31
319
295
14
547
146
781
215
375
749
661
794
420
4
10
227
280
442
443
272
212
723
506
750
499
576
363
347
61
687
580
417
46
526
275
309
167
666
685
338
20
795
18
118
164
201
25
379
406
260
247
695
577
762
47
674
389
515
297
610
72
657
269
198
563
280
188
311
136
599
674
189
111
678
130
486
177
760
96
396
535
80
574
7
419
261
136
796
697
788
676
167
28
773
43
143
350
780
406
70
818
610
77
747
332
257
498
546
233
784
743
128
618
268
618
346
204
92
327
774
491
272
516
151
96
218
226
42
432
825
332
50
108
44
793
525
103
283
703
119
732
458
113
181
241
252
48
295
157
373
583
828
497
679
150
334
168
476
312
797
457
100
193
336
508
442
648
82
365
442
187
282
727
790
373
713
342
63
408
65
587
690
141
758
60
754
710
792
199
463
448
734
62
424
698
8
25
176
802
677
113
39
617
606
279
703
509
88
139
308
99
754
318
468
309
687
558
161
123
196
129
470
121
519
324
260
172
317
463
582
487
410
38
586
320
438
55
681
361
789
49
112
124
763
675
38
453
7
543
343
538
351
740
169
15
399
738
678
367
24
645
610
43
484
786
467
311
27
247
702
273
782
785
825
824
570
300
494
108
347
296
764
86
595
370
32
424
42
148
59
579
461
695
292
450
29
109
610
794
511
352
4
33
300
364
49
336
600
426
127
328
286
330
403
31
12
271
738
546
521
100
653
58
307
514
666
829
87
765
216
367
350
312
445
490
706
377
288
153
821
649
177
747
773
510
566
335
823
326
713
651
553
72
173
107
791
316
726
30
194
198
643
266
166
286
415
780
487
199
724
211
561
626
427
202
91
523
328
209
33
688
769
300
475
126
617
552
393
630
809
676
262
628
88
341
510
390
671
355
33
419
214
66
462
64
278
691
261
522
674
504
453
168
534
291
78
498
40
509
131
514
677
348
576
254
243
21
783
15
261
787
278
685
614
157
781
396
272
352
595
624
22
392
631
477
164
731
296
267
618
830
568
785
616
39
768
369
3
314
188
710
781
772
541
209
144
764
476
217
795
597
417
408
814
240
786
680
212
476
13
641
802
632
197
96
696
86
226
731
480
224
77
320
686
481
127
551
201
480
505
291
151
778
802
361
214
135
19
791
818
226
588
645
248
131
280
24
190
644
819
783
296
684
541
295
641
704
82
793
413
580
74
161
129
132
50
681
424
335
198
469
735
537
354
261
190
446
727
89
683
697
689
825
127
296
559
183
24
596
314
331
83
675
553
244
691
666
530
375
238
392
252
93
5
781
735
331
274
590
511
749
616
176
394
760
40
464
295
62
244
333
667
110
733
775
219
118
634
538
8
771
654
611
216
166
695
581
58
673
739
614
417
718
148
81
319
378
745
249
262
407
215
677
170
796
216
239
687
111
809
414
538
693
636
196
292
628
532
601
24
578
507
682
364
645
344
31
497
708
439
556
255
87
415
105
79
650
520
135
57
145
236
390
265
254
722
395
795
775
172
622
126
617
100
532
375
40
770
408
260
305
619
157
250
332
197
808
498
409
236
755
697
135
387
315
30
494
745
673
586
390
286
707
766
142
448
236
412
596
444
629
538
41
217
577
606
272
104
487
565
506
413
2
621
724
590
392
670
254
70
801
282
163
79
478
228
411
553
292
580
398
213
816
544
253
138
810
477
335
246
125
713
623
745
175
791
561
557
819
676
184
363
427
188
252
66
748
734
128
60
10
489
600
34
237
582
690
353
277
376
146
631
281
750
28
49
623
429
395
176
372
161
24
445
628
340
778
501
527
623
668
552
464
407
667
166
782
459
244
652
543
555
779
453
222
68
622
449
581
829
366
661
751
459
588
237
716
162
620
587
580
340
489
211
376
376
474
109
462
287
153
790
154
257
75
273
192
184
17
150
309
643
568
144
122
810
597
136
298
314
205
704
510
38
151
541
573
447
81
768
58
628
406
161
123
690
477
614
514
110
633
652
603
771
212
523
47
178
660
621
747
398
280
425
156
549
123
506
87
478
129
493
472
65
324
643
609
388
578
483
643
338
58
161
273
179
439
497
342
190
115
781
165
421
719
722
108
203
250
251
767
270
267
380
156
137
552
778
317
586
221
515
111
448
207
600
490
481
490
709
238
593
739
761
228
26
753
335
828
826
260
434
471
269
417
473
397
142
830
698
514
1
46
111
798
697
488
382
597
658
378
178
426
559
670
574
772
220
39
117
642
783
772
716
92
31
96
97
530
619
145
558
426
304
588
566
299
177
773
242
28
7
698
636
392
144
555
158
420
566
194
398
605
290
489
685
807
388
493
24
551
382
684
640
702
553
607
677
684
172
430
749
140
742
642
439
502
485
379
10
522
815
429
110
301
674
366
790
555
45
66
619
126
169
450
776
822
32
605
170
218
285
567
545
108
660
682
500
349
89
683
656
477
818
98
518
513
497
786
595
656
212
820
805
646
466
627
572
193
146
747
259
804
266
707
333
576
824
341
346
21
367
513
615
515
642
556
769
601
382
610
578
236
557
689
82
134
48
379
269
82
197
429
649
375
699
784
364
443
299
248
474
529
16
556
549
303
86
687
674
181
342
599
563
621
553
775
701
515
350
462
671
431
73
130
688
688
200
479
650
37
324
475
758
321
347
400
675
76
335
103
139
211
779
487
407
792
798
596
648
133
684
202
196
105
258
575
743
671
640
248
702
401
694
205
792
735
679
149
532
86
211
595
398
335
84
297
229
285
574
217
819
40
413
245
710
128
205
713
8
424
405
18
376
623
1
620
236
292
15
261
729
503
419
230
759
635
1
481
432
322
743
699
560
386
171
271
454
327
162
792
562
566
576
323
321
556
359
543
813
100
148
695
417
279
529
204
608
383
553
38
660
705
475
473
518
337
330
582
635
247
240
151
598
581
540
491
107
116
554
142
154
696
79
203
583
186
523
382
578
533
307
522
700
440
306
299
109
91
521
162
213
526
515
334
797
307
317
771
562
455
27
234
469
164
440
159
513
201
291
777
180
64
116
277
528
58
466
426
552
488
518
228
128
518
425
347
165
392
653
712
772
629
802
330
508
31
462
474
442
700
796
40
780
736
250
782
513
93
413
337
649
827
544
336
199
375
568
461
107
601
820
538
553
732
33
614
704
486
379
809
208
704
790
451
29
180
157
359
131
24
316
30
344
169
818
65
646
652
654
620
505
233
364
699
706
154
114
137
325
251
561
639
596
355
56
125
292
427
176
475
713
341
638
188
303
819
586
226
487
258
619
514
615
521
209
318
69
487
34
541
674
32
408
781
456
368
641
82
681
7
255
306
103
697
68
651
164
309
569
454
68
807
363
804
742
552
482
116
499
456
23
818
759
522
652
499
91
507
603
77
374
366
605
290
199
11
329
155
319
812
573
523
790
523
284
441
320
343
743
656
459
434
399
192
745
692
332
421
407
573
689
453
450
328
511
60
239
351
436
706
444
138
781
330
634
752
746
502
333
586
779
647
53
788
336
763
780
89
64
352
481
613
241
202
260
560
10
623
186
677
208
599
469
574
453
235
391
32
671
504
221
229
125
597
185
378
330
44
361
470
207
716
664
292
510
142
109
148
205
530
489
133
163
780
483
561
645
512
3
292
124
485
581
503
620
246
213
360
600
99
260
569
420
733
685
655
498
666
262
169
63
704
133
393
471
723
774
529
107
82
69
613
769
569
280
142
509
522
608
91
42
135
213
773
538
309
342
219
92
689
1
313
100
195
64
482
582
185
122
70
727
758
229
795
298
467
761
121
763
444
563
81
97
794
790
718
260
562
624
561
801
505
439
612
411
741
451
258
812
71
419
239
1
639
93
187
369
153
790
482
86
421
160
244
553
546
408
385
10
350
469
498
798
729
537
166
2
197
399
176
124
335
258
228
197
265
376
428
759
9
798
765
768
667
687
681
769
420
250
399
45
35
272
638
457
514
221
596
518
251
612
774
492
427
694
517
142
267
733
768
732
336
733
592
96
298
151
91
173
673
495
339
510
764
193
481
252
260
688
372
792
426
575
96
168
480
530
130
253
458
206
365
807
536
284
37
798
276
206
338
552
91
716
45
17
677
237
196
405
55
477
264
189
346
92
234
210
435
578
713
646
190
531
72
256
24
686
261
167
702
146
72
390
252
483
545
608
409
224
484
25
494
188
605
479
468
284
670
258
828
332
200
278
49
269
181
663
693
705
381
271
128
809
91
312
592
542
24
179
808
260
162
614
4
5
269
482
616
61
57
611
466
247
156
431
502
9
567
780
368
382
384
281
555
494
473
526
240
656
309
391
697
760
473
219
265
364
746
626
290
640
247
479
550
47
531
824
187
97
750
142
769
62
688
671
517
468
689
148
565
771
67
111
589
277
813
727
330
23
104
54
10
309
583
250
749
167
245
368
87
268
2
360
45
601
374
797
130
196
569
794
213
649
259
104
689
640
475
774
426
250
486
207
610
526
800
487
160
236
604
190
562
297
196
280
548
309
88
549
123
796
597
109
441
553
324
446
768
32
436
544
212
128
416
546
666
335
649
788
115
96
812
24
39
534
300
571
10
434
151
610
823
749
273
736
551
219
119
384
817
665
559
770
94
140
63
567
773
219
465
344
360
694
152
409
594
123
272
745
474
787
11
395
732
342
60
545
384
351
431
777
200
737
210
134
513
142
9
299
533
141
110
610
70
669
316
695
778
108
711
386
355
378
452
646
132
541
378
500
342
812
490
317
561
681
328
329
644
695
300
239
332
755
41
288
206
612
160
174
144
762
639
79
743
563
815
413
361
15
664
616
204
818
201
8
725
91
341
42
614
418
345
178
76
434
33
140
823
148
121
402
528
817
47
309
273
731
309
772
539
822
691
723
499
687
721
377
42
625
176
177
749
338
478
427
394
721
176
149
151
521
40
712
621
643
164
67
468
518
255
427
91
827
517
105
602
37
198
386
139
657
530
163
651
654
701
54
278
479
563
62
735
582
153
771
215
619
128
212
668
564
713
467
594
407
268
164
611
105
727
224
375
193
427
559
782
94
716
692
559
370
296
771
541
69
718
445
415
74
79
633
68
660
624
108
378
380
586
440
531
124
320
278
217
584
715
260
767
230
267
539
679
700
633
811
266
10
518
557
49
656
818
99
80
168
483
236
516
795
695
616
153
596
223
236
258
616
312
115
119
621
570
50
753
96
394
366
99
349
450
502
485
662
642
186
471
236
634
68
509
243
255
688
72
741
263
124
602
244
195
142
516
170
780
53
621
689
338
255
463
636
297
388
568
452
253
720
14
807
774
424
272
345
330
743
376
304
293
278
592
272
316
581
338
439
197
13
353
762
465
814
335
554
246
585
20
239
351
727
721
461
432
612
138
162
811
474
159
697
178
226
376
300
329
203
116
46
332
393
10
803
728
827
46
10
729
357
453
637
258
2
156
317
674
637
35
427
504
539
178
493
71
309
218
266
639
535
449
20
619
598
490
591
562
482
465
56
740
228
682
401
149
338
321
88
360
322
571
128
702
617
88
494
783
202
223
717
735
163
107
354
246
596
426
125
117
369
745
55
65
664
118
326
457
340
356
99
137
3
503
587
464
822
375
472
636
40
822
572
86
190
325
204
360
4
560
323
372
811
463
679
80
20
320
33
514
625
789
661
391
31
195
516
104
481
773
199
53
26
675
226
729
397
176
102
474
579
208
554
450
470
553
181
357
87
202
274
533
695
58
479
168
226
65
664
693
139
402
221
137
339
425
811
786
229
257
520
442
611
349
548
351
17
253
394
92
447
312
651
232
10
704
382
204
244
501
674
741
285
445
711
276
490
353
605
448
211
759
457
313
695
80
564
1
181
825
538
500
677
775
24
540
754
440
451
385
506
439
384
693
573
153
803
100
73
619
507
274
390
135
336
62
572
797
321
50
707
260
579
793
276
407
529
121
131
609
193
506
476
315
598
821
181
354
618
410
719
768
370
339
3
6
450
264
557
139
784
244
416
41
643
5
310
188
454
459
596
237
130
210
52
228
127
650
229
288
212
527
197
323
138
706
748
509
598
435
828
681
780
68
469
770
416
287
772
249
601
594
713
296
237
632
708
440
645
308
396
184
361
241
119
187
724
466
415
323
651
693
648
316
599
240
99
195
778
232
818
563
110
327
737
586
529
210
84
102
501
153
145
339
449
250
180
769
748
710
568
193
688
378
540
136
774
700
78
393
201
578
202
611
656
647
347
480
355
501
372
86
12
418
259
74
734
276
445
415
549
517
825
529
243
553
67
486
192
607
473
302
71
171
228
597
172
532
432
793
775
137
396
215
17
259
400
560
275
535
353
527
699
720
321
644
397
393
377
113
264
380
124
565
749
45
801
510
589
367
291
363
539
142
808
733
35
237
141
432
574
614
540
804
291
639
342
532
493
391
828
575
763
431
242
95
322
813
634
309
302
252
697
41
626
98
427
707
575
350
239
768
371
752
71
24
248
719
291
253
428
663
631
647
201
580
381
318
507
99
434
813
742
310
25
334
296
556
412
466
798
655
473
648
593
617
339
16
621
134
260
587
411
314
654
549
718
806
155
197
197
91
375
130
91
48
222
186
556
684
464
753
162
450
192
54
498
528
134
414
219
635
570
499
332
8
137
140
151
70
584
107
153
108
41
29
110
249
747
65
777
405
59
723
751
526
14
29
111
407
545
111
324
779
485
802
433
650
629
157
373
824
796
624
346
271
336
796
572
241
110
316
37
583
603
463
61
762
207
556
217
665
326
733
549
743
109
476
514
166
430
789
819
637
198
460
597
379
95
23
259
561
411
506
7
316
337
747
151
366
351
816
577
330
660
230
202
188
369
616
627
764
531
85
15
62
317
361
293
251
667
505
402
56
210
636
827
810
712
620
261
360
15
578
26
542
775
341
53
378
603
497
785
1
41
478
145
530
438
389
679
700
573
748
429
35
203
256
612
709
25
736
464
671
404
220
736
335
640
310
666
336
396
390
68
698
466
106
714
691
774
361
577
567
291
211
741
531
109
555
458
786
523
379
30
359
44
99
349
544
127
338
654
421
784
818
419
506
661
159
10
33
157
754
332
646
499
547
755
558
632
327
6
529
270
750
254
498
692
298
709
85
407
692
636
414
774
696
186
166
494
383
303
233
133
496
551
595
735
318
323
675
734
779
520
131
380
446
583
588
382
616
111
226
309
820
129
754
92
601
484
540
682
649
531
426
541
330
502
173
8
147
121
364
170
19
272
146
257
34
319
387
268
333
611
475
784
205
85
232
728
610
247
320
440
352
124
589
501
751
275
581
452
810
335
652
795
374
742
67
196
576
270
169
598
825
494
261
507
175
449
89
827
146
276
233
645
547
677
623
299
452
808
397
717
788
623
719
683
621
240
147
232
743
331
470
822
426
614
626
43
73
731
249
323
28
337
351
250
108
328
722
626
319
782
355
776
708
436
457
616
534
150
419
767
538
546
794
614
187
238
346
455
566
519
633
730
785
774
365
1
349
122
413
91
38
776
262
369
548
438
286
463
490
407
676
207
538
605
727
508
816
543
804
521
753
426
127
214
811
429
810
540
271
2
41
337
547
703
767
300
801
275
704
469
655
437
95
602
331
470
815
317
582
607
395
777
463
319
373
362
208
237
638
767
778
516
88
564
335
205
227
520
392
724
800
7
108
532
255
597
334
40
329
148
373
508
217
177
261
668
679
775
633
549
321
435
593
592
69
821
210
605
555
716
217
645
523
356
11
5
100
639
192
91
806
441
520
223
15
761
109
794
388
575
658
654
762
486
222
426
693
224
612
569
282
230
504
354
815
681
286
229
507
571
491
709
536
243
94
818
41
422
149
755
43
154
421
662
412
599
90
136
207
39
412
428
324
251
287
736
89
647
361
481
764
226
595
552
176
339
747
696
524
60
825
250
169
141
365
386
170
695
288
106
49
254
292
481
828
683
250
562
176
282
686
95
222
604
141
760
388
413
202
465
105
108
374
583
61
749
639
666
610
440
99
358
735
510
381
597
450
503
137
462
66
430
479
49
276
296
775
125
278
417
602
207
817
610
406
245
337
685
526
551
514
40
407
643
467
597
241
704
309
152
142
382
345
366
140
683
81
572
50
68
266
596
547
267
366
417
97
514
650
38
372
376
272
792
619
797
499
639
538
502
43
271
479
803
620
27
315
255
49
121
63
190
106
233
609
666
364
250
791
590
267
328
163
331
172
585
333
353
340
630
604
406
801
93
599
605
618
521
136
492
651
25
604
228
43
598
134
583
602
229
488
432
299
148
1
208
546
237
414
490
597
38
228
49
166
236
665
462
154
149
742
481
778
423
722
567
108
601
747
378
486
670
538
283
602
437
131
634
156
484
510
286
47
189
65
829
812
829
318
555
499
205
770
278
73
43
527
633
707
188
645
732
586
684
24
547
160
552
616
632
622
123
768
641
6
585
314
232
256
642
697
756
672
653
619
608
401
700
551
514
207
744
811
300
46
349
314
204
817
353
712
265
482
713
186
346
373
653
710
600
664
401
115
429
338
626
650
814
396
496
421
340
619
661
287
140
776
628
197
691
220
289
492
420
563
522
112
803
715
766
655
409
608
543
302
828
152
540
35
73
555
189
283
697
683
163
259
790
216
194
28
398
95
544
772
246
375
347
400
420
424
346
88
160
518
784
263
158
514
692
269
170
442
724
586
396
632
782
751
409
515
691
9
786
282
472
370
764
403
336
625
399
784
392
765
369
170
764
52
167
667
409
69
654
409
447
766
98
635
412
824
669
432
425
574
186
252
700
330
635
165
447
301
656
126
729
39
581
27
202
87
513
825
464
363
210
346
247
652
390
284
604
46
448
521
79
580
246
827
2
374
247
464
443
87
390
463
542
783
30
503
148
768
61
50
131
104
6
291
332
680
725
461
245
238
341
243
648
359
663
363
667
533
66
249
107
234
487
668
373
255
502
511
518
563
122
436
782
683
23
394
129
167
624
152
219
569
785
27
393
622
592
402
221
792
243
259
725
603
300
508
404
645
504
791
285
488
57
28
604
699
817
610
350
295
545
176
175
381
10
659
55
376
140
414
49
297
631
12
163
140
749
370
766
55
250
608
11
533
793
290
470
90
143
497
629
86
35
766
587
305
766
46
328
254
118
387
657
124
820
129
564
338
167
566
208
300
49
48
582
574
109
646
532
382
237
272
674
572
773
810
167
319
313
483
427
588
483
412
805
336
200
6
422
194
287
70
756
29
88
49
407
257
154
775
257
577
329
248
795
264
184
698
412
371
828
112
645
128
121
298
454
132
359
160
277
725
229
795
205
277
569
574
578
129
554
653
791
546
258
707
198
321
72
447
774
566
469
79
793
49
655
150
695
253
521
211
79
536
749
642
567
511
562
433
761
282
564
131
479
758
522
581
362
622
557
673
223
183
770
242
789
772
203
148
231
49
710
553
33
638
288
756
256
403
582
796
279
159
86
83
309
608
771
728
65
810
791
735
396
587
357
65
328
44
286
479
499
136
607
629
152
107
585
747
639
453
678
615
280
247
673
575
257
290
718
234
543
510
634
639
524
608
506
301
115
747
110
161
622
145
530
504
510
334
8
557
136
297
805
161
506
504
213
217
284
487
800
687
798
51
250
175
481
607
4
418
207
178
595
143
373
121
376
789
301
800
790
98
475
545
54
271
239
423
12
716
797
337
131
687
727
371
638
201
688
510
715
330
772
216
188
297
469
506
123
736
787
59
546
83
754
404
59
453
482
124
593
248
817
725
777
496
815
207
608
346
560
155
146
484
642
661
660
165
325
496
551
794
68
667
127
634
650
213
593
6
222
388
765
718
235
678
759
432
233
433
221
228
444
818
13
441
454
49
488
55
459
792
672
703
391
442
172
225
721
758
422
509
503
412
445
3
135
51
476
313
487
183
27
412
703
581
323
266
32
475
342
167
660
143
185
570
223
258
483
695
792
358
163
295
488
726
755
410
19
311
417
247
173
589
57
535
160
148
52
489
179
257
306
609
775
484
424
487
818
471
387
825
573
303
692
428
91
674
111
35
448
36
255
715
456
827
97
626
806
795
12
428
42
793
128
430
573
647
172
635
335
622
367
721
526
343
126
403
341
579
22
407
603
481
486
652
348
794
31
803
103
345
647
629
423
316
497
309
370
686
477
183
502
208
338
525
167
452
174
131
274
522
392
72
29
435
804
803
270
701
145
101
797
630
316
330
187
715
485
763
687
128
123
425
301
664
64
413
412
211
719
337
529
812
142
237
628
828
624
235
315
810
91
51
294
87
243
407
348
126
253
233
484
531
228
377
82
601
163
642
592
662
215
731
439
274
146
432
577
213
149
390
311
722
629
208
93
272
459
512
442
7
236
609
16
203
5
677
366
78
325
559
454
703
596
165
560
664
284
83
170
743
267
365
334
238
353
470
81
420
322
607
332
642
513
308
366
479
792
300
581
133
113
518
648
97
183
127
777
139
736
571
12
36
83
456
254
196
795
326
431
326
54
582
425
479
84
537
571
752
112
94
512
766
609
361
200
593
467
559
750
673
452
86
674
12
354
478
707
270
769
638
434
353
127
37
133
372
422
564
711
766
481
251
289
199
803
222
173
762
722
707
318
327
585
137
5
9
422
100
13
503
527
58
625
765
610
548
505
357
723
95
152
448
677
14
220
322
568
470
697
633
437
535
137
203
190
385
199
773
187
815
430
312
804
597
75
157
423
135
517
769
247
173
297
535
612
489
481
691
68
323
52
70
624
600
710
461
635
703
547
199
704
260
306
42
432
696
244
399
187
209
77
509
403
265
88
344
472
117
225
389
637
144
259
263
305
408
449
407
808
33
363
415
215
42
420
219
610
259
732
121
56
358
329
414
213
250
302
38
670
222
299
713
201
782
269
208
49
498
29
609
293
185
190
691
575
542
587
417
739
560
310
649
344
780
551
219
636
76
813
301
680
406
152
167
738
429
211
444
504
795
783
11
666
768
792
158
330
115
805
511
129
533
306
493
450
500
564
270
786
337
804
360
725
433
62
476
684
128
189
639
566
88
671
629
509
567
743
242
815
82
654
547
362
82
253
272
501
86
292
317
338
244
531
356
262
383
678
150
457
179
540
393
128
453
142
94
242
248
331
109
164
798
149
269
613
266
131
224
385
109
747
148
143
705
125
336
684
731
100
354
326
541
415
164
503
438
291
662
470
690
473
741
662
118
188
595
691
723
246
715
67
651
567
207
214
166
282
544
611
501
281
649
65
232
453
648
311
288
790
639
10
357
747
444
258
335
495
293
263
282
480
802
226
22
379
97
443
645
309
334
534
737
239
501
470
169
751
295
424
740
4
802
260
65
744
324
416
512
537
4
809
165
644
281
374
117
435
773
8
409
122
648
683
250
785
782
297
572
521
149
807
184
290
310
247
43
401
313
548
42
814
557
827
628
385
93
559
295
618
145
168
92
451
409
406
697
72
246
336
698
445
129
369
741
797
129
706
759
662
318
152
443
770
202
401
98
503
184
77
149
477
544
293
796
302
238
99
87
4
322
600
49
769
23
307
521
53
184
604
525
115
243
645
437
207
162
439
307
822
554
259
135
228
455
253
541
767
16
76
242
676
59
391
818
481
785
509
578
548
135
401
577
681
623
446
627
723
130
675
706
449
707
122
749
390
116
749
354
737
11
579
563
828
197
750
6
828
439
308
651
280
490
80
546
264
245
805
302
314
7
34
196
158
176
232
47
727
58
779
564
519
70
242
215
7
495
109
780
8
618
435
280
344
459
166
561
274
552
47
668
606
708
440
200
79
669
684
229
384
618
59
532
12
248
742
612
26
30
413
630
328
559
237
169
349
820
4
542
425
119
440
360
53
724
806
159
740
388
43
428
591
464
365
201
620
736
583
22
93
258
577
523
266
563
326
368
736
503
497
450
429
378
642
118
101
489
255
254
116
9
318
267
157
628
450
105
778
429
388
32
327
660
48
40
243
600
83
226
646
340
350
284
524
694
114
107
55
493
679
50
47
448
557
588
190
570
742
547
562
741
113
252
312
603
255
193
700
633
415
529
658
629
348
287
655
369
52
671
305
185
424
359
823
350
396
140
801
403
452
697
701
125
714
692
164
280
309
369
170
218
596
573
828
266
363
30
708
399
155
586
651
747
344
341
774
335
66
174
147
814
755
607
776
215
642
40
479
219
680
26
443
615
492
395
543
422
234
20
601
232
510
621
304
415
351
331
761
63
88
45
161
794
537
612
11
445
528
810
631
199
128
98
816
375
520
601
554
735
147
97
472
20
669
86
668
354
60
160
570
282
448
517
804
255
266
76
332
38
682
551
441
818
614
175
23
412
11
133
615
657
327
149
704
95
669
110
152
806
558
638
721
823
767
651
61
569
371
685
478
230
625
330
256
620
322
200
49
5
90
169
617
118
448
139
240
15
724
662
305
150
597
33
650
634
390
199
54
477
499
308
33
426
532
332
332
279
97
264
53
152
195
75
703
285
11
47
238
661
83
793
554
572
632
401
317
265
307
286
287
703
524
500
196
422
574
230
566
367
663
798
133
741
443
699
692
717
174
533
531
692
111
732
180
344
278
376
334
827
528
407
567
691
46
96
203
791
382
601
678
115
622
783
681
294
530
649
436
84
344
397
408
298
739
9
301
638
136
128
100
225
597
148
5
681
113
721
726
320
209
369
750
618
86
725
156
372
710
21
484
683
276
799
498
191
189
706
219
788
111
546
558
515
119
542
188
45
118
292
168
479
116
23
250
316
638
12
222
294
317
651
636
411
643
254
211
776
555
610
698
651
675
168
173
40
260
600
774
657
256
497
316
156
552
561
135
830
452
44
227
322
431
158
260
633
174
232
719
729
174
482
453
458
307
356
523
192
276
303
497
533
45
113
737
625
8
105
206
7
457
552
290
634
290
136
635
92
690
485
672
583
196
69
246
544
57
74
368
757
640
154
273
271
791
294
734
392
99
104
23
598
6
690
193
398
652
169
446
517
629
179
339
17
536
676
729
674
793
192
648
117
704
682
313
771
629
546
495
757
546
310
764
571
249
570
621
800
482
810
209
135
543
208
775
572
753
609
466
114
581
376
41
230
67
421
616
357
665
226
94
544
591
665
723
320
683
621
504
719
778
769
239
416
514
205
134
400
679
263
746
337
196
684
217
32
32
43
231
816
64
93
248
170
733
281
750
410
447
738
9
718
263
572
19
751
582
322
822
715
595
626
800
419
24
313
560
760
382
227
287
621
747
45
306
342
735
322
645
623
401
13
278
697
560
558
254
380
94
789
455
210
733
468
197
410
432
386
319
60
638
132
454
801
752
142
199
521
547
607
580
126
360
34
285
591
820
786
571
309
423
420
91
412
311
604
713
257
533
519
392
611
167
39
488
179
261
612
274
540
200
785
816
231
156
418
517
521
29
60
774
172
821
799
691
5
322
827
552
303
703
346
549
487
409
822
269
763
634
300
503
90
42
693
78
472
543
283
328
377
421
414
446
350
510
552
383
524
260
566
681
113
163
247
374
805
12
361
528
593
684
184
201
583
147
331
319
631
656
240
692
125
620
747
319
222
113
533
220
97
50
356
415
756
629
495
706
479
570
401
39
555
557
155
630
33
411
239
424
724
141
704
56
9
207
144
637
563
13
714
830
795
376
126
510
74
479
514
742
165
306
794
436
374
315
687
554
214
68
430
677
498
427
233
507
224
695
459
235
522
10
735
230
570
746
117
59
529
790
216
809
436
612
563
295
111
268
564
60
697
482
503
95
419
328
352
554
424
271
10
649
394
611
734
40
777
353
342
359
733
664
777
9
233
654
140
310
177
203
340
720
523
510
243
118
693
296
9
530
181
459
204
243
634
639
545
598
245
241
778
537
276
111
375
134
590
558
712
436
656
97
455
135
643
592
819
474
652
342
135
778
751
668
51
91
443
190
773
735
545
352
553
4
49
822
297
274
387
146
515
80
132
128
49
10
270
43
356
39
78
49
190
34
82
675
70
245
598
655
689
41
764
422
455
765
178
302
557
502
109
387
631
750
43
408
193
326
238
599
50
188
251
129
637
749
131
583
401
237
642
388
368
87
413
6
494
237
666
252
250
150
693
106
290
792
268
51
321
491
223
679
469
828
730
635
790
17
239
287
435
438
243
8
188
525
639
438
42
382
332
481
151
728
11
461
235
166
152
406
236
53
7
281
239
222
620
280
117
136
142
413
603
97
822
424
722
449
408
661
422
482
63
653
705
690
544
300
291
514
215
638
560
460
688
223
21
775
506
508
543
64
338
90
564
626
559
713
665
556
327
435
350
61
52
654
671
250
276
329
146
677
88
525
264
402
230
629
39
19
194
378
449
160
78
105
827
398
498
639
537
425
413
229
620
785
286
757
786
180
397
312
110
637
573
582
668
464
247
830
822
523
677
124
633
453
41
543
185
324
312
574
800
231
238
97
602
799
50
106
648
589
546
814
634
651
633
547
689
29
755
109
739
724
491
678
332
696
570
474
448
485
659
150
371
661
321
18
84
237
308
15
556
211
252
662
618
695
106
305
470
210
360
149
494
249
614
484
167
655
753
365
48
207
520
427
579
536
624
300
715
439
333
758
509
664
19
639
215
56
568
695
407
244
430
604
312
381
812
499
804
624
364
139
619
307
826
742
247
499
687
498
254
79
382
445
322
474
657
525
615
398
517
27
826
62
268
442
714
784
343
823
158
451
431
71
289
82
587
20
250
56
555
347
536
564
649
660
227
783
92
761
81
735
666
5
563
320
531
315
297
215
714
755
454
457
700
208
619
531
160
289
524
515
716
222
407
218
222
262
44
610
808
602
675
708
188
375
324
318
207
398
121
658
22
656
817
8
808
603
170
301
809
364
569
73
734
824
279
620
260
780
399
768
796
334
187
397
637
156
704
201
486
349
225
431
403
49
569
755
515
525
405
317
54
642
138
805
76
730
122
492
808
551
204
589
546
636
67
661
48
716
424
455
747
148
133
631
203
318
403
767
51
147
639
757
773
7
326
646
222
148
762
652
98
14
754
106
633
594
315
282
260
615
661
738
757
615
189
609
199
650
668
615
16
178
516
366
819
161
521
104
67
660
676
250
384
122
690
600
255
33
417
35
168
179
227
32
619
621
423
130
479
49
155
802
136
735
427
369
636
22
519
628
770
428
547
382
609
824
608
107
338
640
799
701
249
279
779
764
169
444
751
86
72
330
605
382
223
5
740
300
259
17
10
83
628
17
201
627
700
330
121
358
87
601
545
324
586
166
564
395
174
228
734
616
213
280
374
269
57
43
640
457
150
559
556
497
587
207
115
343
739
304
642
579
82
39
557
763
323
188
49
234
484
772
106
567
716
268
467
336
624
57
213
414
93
19
528
36
34
475
765
772
370
212
232
749
764
64
25
329
226
397
551
567
255
410
540
828
689
365
427
720
319
660
458
626
265
784
424
528
121
205
588
568
811
145
581
139
661
395
618
352
620
336
94
528
816
604
57
283
586
774
574
313
461
218
102
625
809
394
41
494
2
745
603
588
638
193
228
32
139
199
523
331
257
414
702
719
303
512
441
21
608
406
221
416
380
162
115
35
541
38
618
607
478
794
557
379
406
563
238
401
180
818
153
23
470
186
481
517
391
465
820
479
79
816
661
258
730
620
429
451
240
803
30
402
826
10
588
705
772
334
296
823
305
552
104
730
303
684
365
537
656
61
771
137
60
750
519
432
714
51
292
502
565
429
660
215
142
651
573
723
461
159
44
402
435
711
284
688
75
358
731
575
178
687
4
204
164
739
107
814
326
633
363
549
419
771
446
790
693
755
825
721
713
486
750
545
96
650
128
503
104
280
99
293
480
315
749
647
551
623
456
281
172
118
227
622
221
138
731
88
446
469
552
113
19
170
94
179
118
110
84
637
375
107
482
812
385
403
195
109
573
233
113
539
765
338
798
405
679
536
516
240
196
741
638
718
409
379
675
464
93
663
786
643
346
459
524
148
332
630
290
71
278
203
311
392
470
312
737
402
438
738
752
826
361
830
145
629
546
404
609
441
329
815
148
498
720
650
205
155
819
100
503
623
598
348
176
112
802
25
475
703
631
428
553
826
505
645
31
576
57
408
82
38
735
817
626
248
524
430
153
665
134
97
830
272
68
615
70
359
699
370
43
800
29
231
605
616
470
270
659
1
384
325
797
650
181
494
53
304
116
609
419
77
580
289
741
410
607
36
255
261
716
192
686
63
560
619
755
143
91
270
467
279
71
149
667
708
371
550
404
55
603
698
493
664
8
235
101
395
28
291
85
107
394
130
127
253
713
271
534
827
149
219
394
95
332
391
133
404
207
120
414
62
75
618
486
51
827
738
122
187
366
733
659
534
367
685
787
104
654
409
67
314
360
18
320
274
549
128
161
478
345
205
554
571
285
631
411
142
544
204
120
764
816
562
366
612
330
606
168
500
330
169
667
692
337
265
289
552
193
121
459
792
688
46
371
219
346
234
68
245
80
193
665
662
494
650
597
587
141
827
132
54
242
255
766
686
291
30
577
163
281
161
482
352
224
521
79
351
218
590
586
731
433
542
184
658
60
399
745
295
361
822
721
35
304
405
686
58
162
495
744
379
157
228
479
546
119
361
664
402
679
550
321
779
37
228
395
5
325
335
733
505
134
140
133
369
757
438
612
399
554
17
751
305
400
245
409
78
779
316
568
125
554
528
211
180
167
582
259
784
158
147
476
594
638
536
75
829
62
373
630
519
817
241
142
160
194
126
213
650
513
421
411
406
420
87
590
150
559
565
230
367
443
735
397
511
595
331
651
827
205
635
409
140
288
86
39
762
557
690
214
332
490
220
712
381
785
521
453
124
820
235
138
825
335
265
474
796
657
829
7
628
633
233
438
778
274
423
354
376
341
38
95
808
289
330
345
107
648
31
521
654
794
153
386
490
82
188
337
116
790
346
489
116
386
822
795
431
536
592
46
498
356
683
445
143
695
711
355
574
334
144
134
299
720
271
330
566
31
828
30
35
25
152
522
55
148
760
524
74
254
566
520
613
8
393
247
633
253
303
432
647
227
330
36
571
367
193
601
237
83
7
393
583
597
448
705
699
697
335
49
244
305
580
63
2
67
736
137
308
85
625
806
589
436
748
263
514
122
304
10
111
17
462
128
221
315
84
446
798
420
132
67
513
353
652
521
784
52
238
454
265
644
36
306
101
400
258
448
307
315
671
801
203
486
275
295
53
605
192
795
750
343
26
85
177
274
36
528
380
633
120
313
195
143
31
340
248
211
74
207
52
580
155
80
580
142
616
97
205
678
723
165
267
630
743
353
410
280
638
87
590
175
119
678
213
584
715
381
746
104
311
370
279
305
370
805
376
541
488
504
585
588
488
673
670
761
299
499
40
380
477
705
188
337
580
748
80
481
149
726
149
604
467
424
603
643
703
136
442
769
342
135
758
170
35
75
50
36
328
389
769
231
82
727
780
401
552
368
266
31
248
634
24
780
253
135
419
220
567
543
717
808
739
19
182
453
283
171
435
104
828
417
734
489
386
383
398
770
584
175
35
681
461
224
688
504
23
316
757
729
424
380
628
414
597
157
395
582
680
283
660
203
302
128
240
105
501
475
248
695
770
352
345
685
461
362
216
814
407
258
480
811
95
511
324
724
480
116
174
713
132
2
355
727
226
153
468
747
825
453
158
482
480
785
9
560
119
602
375
139
68
601
291
786
209
452
712
67
3
618
703
567
595
672
311
800
605
469
25
230
159
706
403
699
734
582
829
269
550
712
277
568
455
547
246
433
275
646
150
228
533
486
641
263
422
639
371
68
410
147
512
456
681
100
415
342
161
714
184
373
85
641
567
601
686
706
144
168
227
558
529
811
415
637
252
694
819
97
754
210
333
501
33
595
90
501
330
531
549
420
356
257
427
104
612
604
676
724
658
520
529
374
452
588
662
43
358
336
204
249
42
458
86
505
567
671
307
565
693
785
218
324
587
64
456
36
418
821
149
278
694
484
531
555
751
27
392
571
539
41
539
446
655
595
612
179
652
556
639
243
652
409
565
720
666
411
804
64
342
679
627
515
493
600
273
234
204
95
288
134
806
653
815
266
19
150
441
92
425
447
816
350
658
768
516
65
436
203
511
490
595
253
765
72
172
568
57
116
198
596
116
461
825
97
608
787
148
698
512
296
405
437
468
116
609
1
185
239
515
157
680
62
490
599
322
323
147
428
705
306
205
679
817
321
229
570
244
118
335
235
373
345
208
300
556
770
514
800
51
689
712
482
723
559
803
701
762
198
595
424
627
131
103
421
655
431
615
730
615
718
617
190
57
552
594
618
616
430
177
392
84
296
474
217
240
466
269
115
187
515
296
330
668
470
594
302
406
178
574
442
88
761
710
679
482
410
366
299
343
669
749
309
474
359
315
270
258
484
640
158
517
428
120
726
184
101
777
380
460
120
381
445
746
314
424
824
69
83
364
56
345
137
669
425
765
163
590
752
62
375
693
266
574
124
631
491
480
344
212
445
466
448
501
210
69
317
259
674
229
777
101
757
673
740
612
390
541
123
807
5
311
359
766
474
426
320
764
294
165
747
383
392
119
581
562
114
44
206
373
458
773
821
510
356
734
96
203
485
346
257
517
245
768
789
84
725
548
773
172
675
301
571
352
27
133
104
167
411
705
147
65
183
636
463
741
281
434
694
551
735
154
701
791
741
201
403
704
399
818
732
357
209
685
398
324
721
768
115
196
614
292
477
817
637
315
776
532
321
317
135
709
738
268
26
31
143
185
369
765
419
695
584
737
212
104
12
234
688
302
752
130
355
41
260
746
174
463
246
659
743
288
678
431
148
510
226
646
675
187
465
544
587
287
803
428
80
800
482
189
181
480
601
151
57
606
69
182
713
776
578
336
10
174
333
800
322
90
391
178
74
32
23
375
256
710
393
705
8
811
485
507
821
17
808
512
525
209
310
793
349
757
807
798
186
682
554
70
544
801
301
605
344
333
667
543
24
658
503
761
232
547
66
639
93
544
356
234
350
334
400
250
305
370
420
639
728
586
200
626
329
526
297
33
593
242
90
548
521
530
75
492
641
427
554
44
164
714
162
51
510
407
356
321
811
334
96
303
794
58
828
89
191
453
628
67
431
100
268
36
251
626
437
97
133
709
514
692
643
515
450
316
132
767
245
4
830
644
714
578
317
340
733
604
59
152
529
297
320
435
696
771
697
634
445
493
448
484
671
767
308
179
83
39
557
795
419
340
453
283
94
80
172
108
268
349
112
394
232
186
362
735
443
396
676
232
120
564
813
657
426
163
420
188
694
52
752
213
645
106
325
777
492
572
166
271
6
600
273
732
521
816
523
539
526
760
16
505
640
158
345
487
217
615
357
806
753
437
38
363
230
162
58
746
75
575
820
511
681
385
383
367
130
361
758
499
425
552
670
497
524
117
729
361
224
630
698
26
823
830
200
572
805
458
691
56
322
768
653
251
304
135
764
25
397
440
737
320
265
555
468
505
482
160
579
134
261
84
326
363
261
775
813
726
759
322
806
297
788
221
722
302
449
691
644
460
677
114
56
18
335
558
93
511
54
457
566
386
169
269
20
808
58
540
332
463
689
461
201
205
265
25
394
184
284
443
223
402
465
471
172
261
411
264
204
821
388
30
686
114
600
433
186
489
336
26
744
583
282
458
413
568
104
162
117
375
431
736
518
348
432
196
538
261
321
331
480
637
411
218
377
486
259
96
133
823
155
509
220
117
768
355
825
56
664
757
145
602
123
367
11
187
579
326
618
2
223
112
622
116
595
731
281
9
692
643
621
793
208
556
770
593
135
645
368
7
172
442
809
279
181
319
488
682
465
313
177
31
789
97
56
579
222
783
81
754
748
701
243
19
69
787
325
359
641
729
81
575
247
728
724
169
282
386
613
480
757
358
94
547
387
199
496
314
462
336
808
460
592
332
800
804
484
667
311
115
257
521
315
661
762
774
757
755
77
227
121
347
205
539
491
490
335
119
305
489
194
37
302
408
38
826
544
405
258
155
204
576
439
736
768
757
173
206
542
57
210
531
548
777
802
20
206
99
129
435
689
197
672
226
58
510
625
736
365
678
165
579
629
536
699
822
293
447
763
404
461
396
436
790
701
227
560
215
10
81
263
572
38
166
551
273
350
154
633
770
96
297
41
632
290
756
773
416
366
553
523
591
752
448
461
306
219
416
102
560
221
699
453
382
525
75
742
569
609
758
436
127
517
174
321
125
337
349
585
347
162
231
21
49
292
636
770
733
104
177
357
567
517
533
721
316
461
39
217
776
220
635
714
194
38
217
11
690
102
684
193
359
492
340
9
530
521
206
162
399
130
155
244
245
395
357
750
575
777
756
660
640
379
300
621
541
478
279
44
806
268
681
569
799
668
556
274
463
414
604
299
325
47
695
209
121
666
230
358
107
275
494
609
256
227
557
770
333
136
164
690
652
579
271
521
827
323
267
741
81
748
72
70
415
388
562
622
195
816
167
575
92
303
175
69
145
407
82
131
36
592
282
250
667
684
595
114
267
361
455
2
169
802
158
115
45
815
75
12
274
630
77
825
795
365
283
812
143
647
716
352
377
136
707
60
616
134
282
764
448
133
826
561
524
730
559
463
667
652
544
815
135
66
807
427
464
95
170
287
455
50
166
739
492
743
295
372
173
304
404
508
577
95
379
26
746
469
674
631
228
823
469
238
706
177
13
328
617
96
210
90
36
95
763
553
790
817
410
249
371
124
820
818
523
350
57
80
287
556
418
131
154
568
347
80
10
422
760
758
339
113
461
177
598
597
222
282
410
270
85
241
738
274
240
480
744
370
249
588
367
148
8
310
194
82
619
64
364
502
737
768
527
781
235
91
657
709
389
71
731
79
642
77
651
257
763
290
22
33
549
762
360
727
190
532
393
62
74
718
770
526
516
744
782
654
731
644
493
638
446
312
578
47
453
544
607
716
369
1
755
460
521
531
804
492
356
796
71
66
646
121
829
144
747
296
491
287
277
63
592
737
423
382
226
557
457
594
342
354
6
648
821
146
154
507
774
308
826
318
136
146
136
309
800
722
526
773
73
618
780
21
436
761
267
410
115
13
350
302
678
348
703
718
649
518
529
158
62
17
119
469
311
45
414
287
806
124
671
630
535
97
258
40
751
473
404
728
445
640
157
475
796
456
649
733
236
382
110
809
111
30
217
625
251
67
55
818
523
442
549
620
479
515
807
517
403
241
591
643
825
430
398
384
670
275
710
447
674
651
2
479
139
516
598
166
264
272
163
304
21
389
366
228
295
401
279
371
441
526
28
714
44
762
195
205
472
61
483
9
422
302
754
110
107
607
393
562
184
228
163
596
281
798
72
518
755
432
107
488
779
115
404
664
466
173
395
647
692
57
449
449
474
327
482
399
121
115
99
230
276
146
597
463
203
605
293
820
213
82
752
647
462
248
502
798
632
80
183
6
186
385
482
232
508
432
425
359
585
238
247
208
126
660
690
418
493
214
745
371
445
556
107
253
181
338
245
89
486
725
799
649
463
743
461
781
689
162
232
733
344
65
656
78
336
85
173
75
195
428
250
325
292
279
520
686
726
305
470
755
669
791
43
657
788
625
644
374
159
540
481
35
718
676
237
93
819
545
33
578
526
35
448
268
566
161
102
523
34
303
222
180
801
370
125
172
678
246
410
782
736
313
437
348
107
420
75
292
465
757
567
244
442
60
333
586
178
670
203
480
20
72
164
386
82
306
771
384
497
679
656
291
588
373
179
244
811
586
276
262
545
112
20
648
602
104
662
136
200
213
281
787
799
459
119
553
127
262
666
595
557
496
743
793
214
368
514
1
778
684
783
227
713
6
455
74
254
640
695
154
791
59
741
152
378
299
709
713
454
808
808
26
105
149
529
3
588
534
746
521
679
141
412
401
414
9
697
752
75
703
109
437
498
808
405
72
673
428
507
677
130
754
438
520
80
539
187
470
660
50
297
403
770
307
670
244
820
724
174
571
829
429
647
424
173
708
143
170
253
303
22
818
375
496
221
450
280
648
376
692
535
284
501
761
215
469
782
214
100
349
773
147
319
77
170
249
81
609
129
786
672
574
761
376
407
448
681
268
813
660
74
445
471
93
739
466
803
121
743
95
708
305
83
321
68
806
379
739
75
206
466
733
593
463
662
66
175
335
479
160
386
438
654
815
369
720
105
82
207
151
830
608
776
471
275
97
494
625
106
300
254
360
122
195
467
211
146
653
351
442
267
701
384
492
619
212
201
712
569
257
820
123
35
718
39
513
55
784
82
583
47
349
158
364
757
68
27
691
388
82
569
206
87
607
551
6
608
99
398
598
437
553
539
671
760
637
719
74
95
166
306
749
753
207
633
479
689
627
654
47
365
502
621
242
161
752
252
579
627
351
611
164
83
659
794
90
103
652
692
579
443
508
346
419
443
297
7
725
623
402
422
331
539
27
651
333
192
189
689
177
774
368
282
629
449
684
178
210
13
28
349
622
161
824
667
660
622
531
42
473
761
347
136
257
401
33
234
22
84
13
147
333
248
506
687
200
536
484
147
432
463
633
275
245
475
505
61
43
381
250
16
222
184
174
320
707
684
805
657
715
428
393
781
76
384
66
118
465
40
172
630
665
83
105
248
497
31
816
588
358
367
695
559
592
361
665
212
57
369
56
172
495
262
188
678
343
83
805
430
515
526
37
308
823
487
389
108
98
790
512
212
788
735
367
516
140
392
526
394
828
80
473
535
206
660
620
207
605
328
468
174
708
84
708
397
756
419
635
588
46
767
299
414
275
686
134
428
174
526
124
621
803
509
341
149
296
89
87
807
788
33
497
57
350
480
808
212
561
6
759
830
765
475
595
452
585
489
569
157
370
816
83
825
13
463
287
369
397
443
3
508
256
572
548
193
36
207
70
702
240
94
401
56
484
726
407
587
376
130
394
255
341
261
661
254
333
757
472
224
160
780
649
657
471
562
248
776
363
31
68
553
471
71
96
352
808
820
407
130
93
545
86
299
342
581
627
136
230
596
315
797
583
2
775
163
575
556
404
134
445
205
288
398
209
508
129
269
468
703
80
729
143
823
316
156
577
526
168
378
108
666
218
99
337
724
347
284
196
679
52
365
138
646
560
253
436
751
39
157
315
699
680
319
467
676
3
328
12
50
202
298
196
427
5
668
149
704
567
224
102
19
539
213
419
501
201
809
460
389
769
269
287
542
486
477
458
23
362
65
676
145
354
620
226
660
523
602
532
530
586
287
425
472
486
751
266
24
285
728
816
5
425
579
549
823
619
43
225
546
489
90
398
810
418
195
133
769
688
468
567
208
362
87
36
311
361
185
337
150
30
439
657
491
789
76
503
613
778
192
668
431
323
702
584
784
613
363
651
522
796
113
787
434
539
395
616
228
283
113
753
14
633
829
816
758
130
666
198
195
530
599
339
471
529
773
813
705
12
489
162
744
169
491
82
238
32
597
341
16
8
723
14
590
48
268
630
129
690
297
169
812
519
355
512
654
657
598
829
72
510
121
828
759
384
692
747
341
219
472
212
600
4
585
647
171
472
152
804
668
138
710
502
565
496
30
826
13
26
122
379
520
160
452
534
565
526
806
483
296
742
378
290
625
559
812
812
182
617
204
121
592
818
203
187
35
94
725
204
718
259
574
695
244
528
584
807
43
616
713
269
222
67
470
3
160
81
216
474
100
388
691
318
689
28
39
214
704
583
417
821
383
332
52
157
245
247
211
755
650
649
259
423
240
9
533
576
11
127
772
505
333
726
648
111
733
58
733
325
427
258
230
556
772
553
213
711
104
108
758
40
22
541
639
81
395
336
62
319
559
655
446
286
670
461
270
660
271
184
459
630
609
114
506
215
484
759
483
332
680
756
523
226
755
427
384
719
535
602
214
131
806
9
266
533
95
726
485
394
777
461
265
421
437
118
138
665
557
538
502
8
672
255
403
790
525
500
739
495
526
806
246
587
369
651
396
134
434
218
255
582
486
484
397
382
6
698
568
232
104
358
509
744
677
793
1
135
583
586
767
816
343
737
626
350
98
162
433
251
70
657
686
433
693
471
454
354
455
413
31
25
562
252
617
557
770
448
618
561
419
187
486
629
144
767
292
600
171
344
134
125
139
320
649
540
439
69
412
101
136
795
60
14
819
753
243
119
801
455
700
721
171
76
188
405
403
323
200
418
14
769
188
710
241
369
612
195
438
553
419
47
669
162
622
499
268
108
672
51
171
231
309
446
673
551
513
416
638
148
496
294
437
349
793
652
420
53
814
363
664
28
685
711
190
126
200
334
748
300
106
322
322
806
199
123
364
273
44
813
41
684
341
784
386
340
321
760
63
789
648
396
384
769
260
48
589
284
471
190
293
829
368
45
544
803
729
375
122
444
395
13
512
793
757
69
244
263
620
24
637
214
256
100
178
477
697
495
818
254
6
120
599
371
655
187
565
93
218
557
7
506
195
38
443
493
297
2
573
588
421
529
498
260
733
637
464
690
323
370
263
605
780
769
535
282
609
659
780
147
765
328
702
86
720
157
99
751
654
710
535
415
770
605
794
70
697
549
355
434
811
508
645
347
759
421
84
72
225
495
237
349
486
461
683
282
508
706
694
499
746
217
644
44
218
124
2
74
658
684
185
192
279
774
46
131
661
669
19
192
733
373
350
816
596
105
105
680
74
4
714
371
298
432
480
290
787
64
150
713
411
785
79
373
158
259
169
347
452
531
778
371
336
666
766
507
521
308
750
686
526
31
166
329
445
795
447
166
722
419
699
287
18
29
40
450
569
692
389
519
815
380
37
126
714
491
42
716
370
166
689
286
22
642
665
298
222
337
270
176
822
143
786
443
83
496
56
274
698
795
44
633
288
377
582
464
388
354
387
453
786
226
583
749
727
670
270
415
711
737
751
490
716
497
700
26
72
758
362
119
338
604
779
335
37
717
496
192
290
238
216
572
820
626
651
309
758
145
662
403
51
127
332
287
649
398
7
677
179
74
640
458
305
61
182
227
209
17
448
399
304
527
726
79
235
632
791
431
312
468
249
447
508
94
238
414
3
598
235
307
512
684
238
605
75
362
737
671
430
528
774
177
99
808
552
210
277
156
563
389
13
127
299
181
803
86
398
207
770
45
74
458
256
716
643
759
330
369
178
335
749
151
491
317
257
438
544
372
735
88
825
83
690
107
441
672
338
394
236
775
462
498
150
310
288
210
133
427
433
549
10
550
104
223
595
62
143
469
475
248
514
371
383
412
782
766
541
483
467
805
642
595
251
144
283
404
769
399
127
584
122
459
372
61
796
369
367
758
261
514
178
741
281
64
369
90
345
661
336
472
593
25
788
422
263
471
207
727
133
102
275
733
513
766
7
717
491
263
814
248
299
743
151
755
527
282
697
795
233
433
267
220
368
113
493
623
764
91
489
786
204
383
87
147
122
349
34
10
61
3
108
577
232
258
258
138
447
445
612
818
71
137
38
244
393
180
526
53
176
792
715
673
664
549
431
11
424
246
614
54
183
618
558
58
451
467
114
225
675
397
94
665
705
112
193
796
65
143
672
645
683
803
226
578
550
99
155
218
340
280
402
305
235
138
368
657
431
731
663
21
165
73
337
62
606
680
167
811
380
508
292
356
453
674
278
512
203
259
120
327
287
605
132
161
22
813
607
82
230
400
579
657
184
285
121
471
588
271
582
123
461
719
714
583
120
362
716
63
422
824
208
236
561
521
532
278
804
414
695
650
204
643
437
685
385
485
699
558
488
356
642
771
736
127
751
356
798
693
50
595
316
196
649
419
398
78
359
135
517
165
112
50
250
265
801
595
667
414
83
591
243
536
115
177
439
203
354
243
570
731
177
473
457
606
346
123
471
313
755
581
428
175
572
757
674
612
76
61
696
277
576
751
332
357
35
690
121
778
4
167
61
4
109
340
117
79
160
177
717
718
62
85
804
762
603
200
185
131
437
386
215
531
464
714
375
253
79
420
431
629
735
726
487
818
191
49
192
542
221
506
486
753
454
679
727
325
763
614
700
485
652
722
262
441
687
266
562
638
179
802
286
679
188
564
36
763
215
164
19
383
521
180
349
380
830
607
286
596
600
141
329
324
805
248
454
653
712
778
727
489
90
209
35
91
284
389
491
786
106
183
599
209
112
105
23
482
365
710
546
226
441
460
213
168
753
199
74
433
373
295
506
315
354
283
505
742
120
229
563
668
622
626
430
221
126
564
404
313
475
776
313
794
466
763
111
351
26
493
2
550
731
318
115
713
117
64
447
49
718
514
722
309
383
192
205
166
454
158
583
477
565
143
311
164
227
438
671
579
672
12
670
637
302
97
245
532
180
398
325
460
708
351
197
809
623
493
436
297
307
183
448
222
497
323
433
297
816
611
576
621
187
219
69
750
42
728
454
631
28
369
45
219
527
794
416
282
337
632
32
514
619
242
245
731
252
93
518
175
13
163
817
595
191
756
364
735
318
745
823
555
785
33
574
35
526
760
549
163
618
77
407
629
491
577
538
212
180
392
540
260
813
774
37
827
162
637
621
582
294
261
622
214
568
742
509
707
136
688
772
141
464
432
584
167
774
516
538
36
577
291
249
543
49
176
226
313
820
119
322
80
791
615
751
750
726
562
240
379
490
269
310
772
661
464
106
191
32
746
762
14
77
449
325
687
606
663
91
250
52
751
113
674
66
285
734
278
231
411
25
354
442
810
404
311
741
33
194
162
276
548
106
706
782
626
764
636
297
366
672
557
349
396
92
441
404
193
573
254
286
338
227
389
221
767
23
78
24
618
355
458
358
621
741
10
666
395
165
58
368
653
511
643
177
12
141
796
352
762
293
366
358
527
337
252
570
172
767
223
600
586
698
587
651
635
554
361
617
361
17
368
273
36
515
318
356
97
590
113
211
86
601
162
246
337
211
327
30
40
309
739
230
171
814
755
226
742
374
673
786
458
82
819
767
505
372
154
29
10
732
88
112
304
682
738
392
133
782
790
92
655
446
106
245
81
28
640
380
470
117
368
178
133
467
247
423
211
173
636
668
735
275
766
203
280
67
764
358
464
488
95
133
716
161
190
259
749
25
347
496
563
563
759
199
524
337
625
547
334
158
31
366
406
769
669
177
181
347
55
474
409
714
308
497
214
324
619
576
80
343
33
393
773
256
39
65
696
444
752
351
251
225
400
613
754
409
279
474
28
692
577
453
643
394
102
264
725
555
34
749
690
243
40
139
238
287
331
136
17
341
671
145
566
338
785
544
13
302
94
101
742
681
277
704
61
38
799
73
556
440
249
520
559
644
435
739
376
121
398
144
140
738
383
679
249
345
422
318
451
719
774
658
492
748
71
199
462
255
400
23
234
722
744
827
345
328
269
528
795
38
712
163
324
476
776
218
155
154
37
156
585
194
355
417
263
306
186
708
631
564
83
52
826
443
295
377
827
420
157
83
572
95
233
221
544
30
568
47
433
713
523
82
185
571
529
262
284
740
291
309
190
758
384
385
244
148
820
450
113
281
68
349
584
593
169
786
106
464
421
140
452
343
599
300
534
394
155
325
329
620
156
288
254
547
294
190
136
336
523
91
38
123
379
334
230
375
626
591
630
790
740
102
316
730
232
740
799
501
445
302
503
107
206
641
807
628
635
571
181
209
176
252
48
817
161
525
497
346
286
477
471
476
440
466
318
319
265
42
615
8
518
790
226
12
792
248
259
354
329
57
566
122
763
46
649
750
740
384
309
280
326
488
454
495
285
317
292
782
87
794
509
71
774
63
85
646
174
186
623
214
377
656
536
545
643
588
277
732
203
490
513
389
156
278
231
225
396
754
437
113
728
829
350
335
182
317
667
636
6
162
121
566
127
40
17
371
274
140
595
376
672
152
455
356
221
630
783
586
420
480
442
683
550
151
153
363
554
758
292
751
588
430
526
514
802
161
55
722
33
25
241
435
388
669
571
816
279
62
87
5
785
234
802
534
501
8
697
95
155
321
235
235
717
699
734
502
300
411
423
554
497
227
432
2
642
763
100
694
773
168
604
669
221
502
557
15
470
110
422
820
157
239
814
809
70
631
382
407
517
354
470
510
610
370
132
818
497
149
24
446
447
479
691
778
656
663
640
233
164
358
117
265
594
170
402
195
596
43
430
731
473
409
331
820
486
81
311
801
695
736
155
105
111
528
767
350
441
616
338
383
778
783
398
304
423
655
60
540
227
268
643
393
313
269
577
405
189
378
671
134
576
419
319
563
487
49
630
61
306
710
336
476
86
86
31
118
362
336
538
315
579
420
152
70
155
508
340
785
803
306
656
795
792
634
192
40
381
463
820
367
192
189
274
511
489
291
86
773
20
460
375
464
800
280
800
55
135
148
181
354
82
723
685
542
100
281
601
807
140
435
635
385
431
108
785
193
157
367
733
341
573
742
571
454
149
650
237
114
652
347
374
691
543
637
195
398
150
362
735
268
536
595
806
326
402
807
140
346
28
526
562
799
82
253
429
248
397
411
410
478
483
645
317
408
345
373
211
71
138
805
766
698
614
94
817
803
42
270
236
339
399
223
319
481
541
720
297
429
478
17
798
388
355
123
595
713
196
630
804
230
726
387
604
284
27
124
644
541
20
126
215
649
210
183
176
555
546
279
590
367
369
520
794
511
611
245
130
417
386
647
556
515
692
171
512
770
789
772
178
633
337
478
407
526
661
411
179
70
58
265
801
578
782
386
207
105
628
601
160
620
117
714
707
152
525
527
199
143
534
114
645
278
529
378
499
176
168
266
223
511
139
534
732
35
636
124
559
666
268
508
493
606
45
827
270
4
33
578
698
760
818
253
728
767
701
98
2
486
740
131
758
466
525
637
48
71
828
454
422
707
630
503
284
386
236
805
390
237
649
184
262
114
813
566
499
33
80
140
343
763
705
271
669
801
142
349
170
701
532
727
447
63
106
234
276
537
63
235
133
134
591
74
472
215
433
691
260
174
369
117
756
736
55
325
494
504
238
569
197
478
738
30
392
230
85
129
538
764
81
467
239
200
477
413
195
638
382
251
539
527
394
250
602
581
509
328
349
5
810
817
47
206
617
203
374
811
347
45
255
104
684
812
41
683
216
783
662
109
89
737
72
667
559
453
414
412
462
416
320
69
491
778
619
466
827
264
1
724
542
358
507
827
274
285
425
672
388
87
285
169
622
577
35
603
247
22
481
373
347
658
234
359
379
343
118
404
340
607
314
318
322
814
428
344
730
71
672
360
9
459
75
293
653
287
282
51
465
526
702
22
394
410
44
114
722
158
389
575
270
613
219
238
630
796
822
83
703
826
322
608
796
46
378
471
277
778
134
354
645
706
607
552
539
336
138
1
224
364
809
616
14
177
472
814
654
106
139
341
183
243
213
597
206
3
32
546
632
287
745
408
816
645
623
514
702
178
202
20
15
401
583
658
617
608
550
629
648
632
822
742
174
363
764
301
55
399
555
651
639
275
157
690
239
441
26
745
135
718
62
764
550
37
567
597
420
446
227
789
420
651
744
765
452
552
793
120
374
293
631
174
29
633
597
516
406
289
30
74
780
382
586
573
824
725
321
322
700
808
736
86
350
706
328
786
95
810
75
689
726
186
693
756
416
221
381
284
698
460
109
466
725
180
129
439
679
729
450
618
788
414
410
510
454
219
473
423
514
328
682
540
349
256
670
488
570
160
337
125
325
466
324
275
38
729
478
125
361
423
615
34
18
51
759
44
221
390
514
540
356
296
523
581
415
522
162
91
342
513
781
301
801
246
672
37
532
284
691
144
654
806
277
543
697
37
221
73
439
485
671
337
827
491
49
550
608
774
457
568
195
327
440
436
701
719
449
383
524
531
755
745
293
206
705
647
436
275
816
576
637
312
547
685
272
769
711
592
185
339
796
224
235
323
802
153
558
372
186
79
285
807
442
116
373
538
410
23
549
55
467
27
83
424
306
557
447
18
422
226
283
643
156
15
665
792
401
748
814
632
746
515
585
141
374
542
716
432
577
610
340
255
483
664
794
745
397
121
674
62
768
568
405
679
334
489
446
738
308
147
444
328
378
669
636
389
99
684
78
802
418
601
172
22
104
782
313
461
664
123
513
657
94
194
234
457
648
16
302
352
101
792
310
21
130
32
212
700
421
50
765
481
455
760
449
433
387
607
8
209
242
284
596
694
314
274
815
656
58
58
533
337
58
422
340
741
443
813
243
290
282
657
375
133
811
46
121
313
469
53
305
767
357
338
285
818
662
572
705
345
119
528
234
114
148
75
669
123
547
217
491
579
225
412
667
579
352
156
227
824
758
324
288
86
542
703
389
48
220
807
543
723
196
595
118
544
668
128
619
7
516
595
684
19
57
426
731
522
261
136
755
712
555
830
410
16
116
156
681
283
137
608
432
13
478
392
693
709
384
187
679
56
658
266
539
146
40
789
710
361
63
292
741
645
315
215
454
132
691
529
46
213
293
517
730
543
586
223
123
100
413
394
630
569
40
168
482
530
37
523
502
208
493
332
339
515
277
153
375
584
657
798
487
705
662
294
441
289
281
214
173
539
689
207
446
495
642
178
796
792
399
250
450
293
342
447
693
458
75
141
751
711
343
71
715
101
557
351
476
299
806
786
700
603
693
366
628
455
713
238
74
486
178
63
817
400
412
3
635
681
79
372
35
752
592
751
257
650
815
438
189
571
790
163
318
824
750
236
677
179
471
681
677
509
354
825
548
375
724
235
656
106
78
124
660
353
17
393
597
439
686
783
78
392
433
216
492
754
226
723
412
617
93
427
148
290
493
163
327
589
456
282
49
633
235
576
826
642
593
183
521
570
637
71
182
389
385
791
330
144
684
774
667
638
62
614
55
223
376
577
285
306
792
137
40
381
589
763
359
823
494
64
575
24
105
604
588
328
74
437
352
649
472
664
126
742
778
307
575
692
670
161
78
1
560
11
299
366
48
291
469
585
249
370
121
344
159
674
753
92
352
143
304
194
376
533
155
737
796
120
551
329
806
235
51
612
462
378
64
56
102
21
678
712
676
673
180
329
75
714
410
80
492
595
809
40
529
411
525
637
246
662
325
561
181
515
805
731
425
260
150
334
627
632
430
648
152
64
80
372
796
445
632
566
298
434
250
4
274
273
454
216
57
541
203
250
331
658
545
803
473
103
479
808
317
27
240
342
552
644
389
572
30
623
424
459
370
632
502
144
26
725
574
632
512
288
567
761
113
484
390
177
408
200
343
85
201
729
257
710
99
310
163
754
249
14
322
562
82
56
786
602
114
747
744
510
370
241
350
451
113
177
104
431
544
563
416
361
381
531
475
440
190
614
399
84
209
5
530
239
628
725
25
671
653
769
267
685
705
704
659
145
92
714
626
529
692
267
485
239
537
629
596
586
685
632
551
771
532
173
198
613
369
724
176
816
200
644
774
668
73
188
793
701
408
11
418
381
267
759
403
280
743
40
50
368
30
165
56
411
346
398
571
434
645
210
510
692
120
151
71
559
633
648
679
288
318
111
542
503
780
158
290
823
282
513
564
232
389
759
633
331
131
132
338
793
634
148
719
422
243
281
620
182
775
777
16
63
324
747
363
647
310
21
157
2
735
411
490
723
380
763
46
627
454
317
124
547
471
159
564
781
520
451
549
516
687
398
530
554
443
22
437
537
584
492
467
700
77
504
585
655
353
669
585
301
5
682
598
541
138
562
199
695
751
157
227
614
5
149
506
54
225
612
517
273
636
628
582
519
523
324
346
575
402
148
55
32
409
778
708
87
196
88
248
717
328
265
418
498
803
380
785
387
424
96
546
21
625
532
175
637
454
63
61
728
649
755
597
158
270
530
92
619
625
465
401
556
216
304
520
591
653
464
462
7
639
473
738
219
801
655
441
50
69
444
119
661
591
613
629
600
101
328
210
58
162
261
79
748
95
429
32
495
174
340
241
766
282
792
494
414
135
589
817
316
45
470
483
725
627
513
702
451
429
544
392
41
273
587
765
694
806
395
430
768
28
657
42
284
649
657
425
526
747
520
774
736
546
479
189
193
450
107
296
139
217
674
220
224
49
241
123
51
354
398
192
713
114
645
782
322
586
601
348
689
813
300
75
642
2
426
7
474
372
519
278
828
495
387
549
320
540
389
409
350
781
4
353
715
668
24
411
231
731
322
194
551
391
157
219
144
663
427
718
567
321
80
411
64
294
179
134
461
125
387
312
335
421
494
358
498
669
755
397
691
131
378
39
658
466
462
273
82
591
449
462
721
325
383
323
676
302
671
129
391
323
404
546
715
295
66
192
660
468
676
370
436
529
241
791
603
143
124
231
736
511
169
657
375
703
127
392
347
83
751
207
666
132
166
506
164
2
274
352
608
383
182
432
153
647
294
59
202
400
48
372
66
606
523
63
84
635
554
269
9
422
682
455
815
165
173
387
519
285
182
507
161
201
523
12
702
404
826
713
540
793
754
645
527
76
738
657
145
235
636
532
666
403
299
772
272
707
719
317
252
722
767
357
504
17
498
533
651
410
128
300
584
313
430
433
605
667
249
283
829
155
359
205
158
566
772
145
24
781
393
487
37
172
440
275
228
10
299
411
126
109
797
111
481
759
622
518
410
764
77
510
351
190
42
505
93
484
192
228
101
309
758
278
351
628
364
115
267
472
162
591
827
111
701
337
293
26
377
718
631
612
691
383
571
630
112
614
355
639
490
675
743
304
474
596
532
783
565
829
157
4
39
367
695
710
448
329
220
439
646
182
607
161
535
250
353
747
32
442
345
428
713
302
707
126
627
755
80
826
1
21
643
404
434
665
737
822
17
175
740
330
18
484
57
196
497
546
91
679
467
246
361
347
147
573
352
113
424
345
558
342
719
260
827
801
5
7
446
480
666
62
705
576
236
668
207
483
764
642
599
553
395
546
176
304
662
51
406
119
91
599
185
494
757
644
461
713
92
520
569
506
663
678
543
610
97
745
537
653
672
74
117
459
581
747
591
121
35
732
155
780
160
90
478
527
679
642
157
516
16
199
609
262
669
681
779
759
99
303
23
72
16
810
68
71
230
697
671
273
153
462
137
117
582
673
374
666
100
393
755
129
336
15
241
235
437
829
460
773
705
322
448
589
334
529
689
634
304
216
678
404
824
498
700
422
758
533
380
239
539
667
812
581
190
674
406
417
643
150
742
290
698
86
212
379
30
686
374
70
562
677
247
362
199
335
724
141
280
132
13
461
161
38
304
275
122
221
614
551
560
101
577
736
397
145
218
314
227
601
135
287
413
774
119
290
6
139
284
146
337
245
327
142
345
88
694
108
490
371
512
759
289
95
583
499
253
182
711
368
497
74
606
214
767
492
267
311
813
598
802
522
65
551
84
453
429
334
544
597
384
704
122
666
811
508
638
446
439
243
759
718
108
332
501
84
699
292
143
810
771
192
697
505
691
269
592
42
635
553
336
542
239
783
16
551
180
306
70
684
253
561
408
385
11
637
568
770
150
401
666
283
266
818
213
322
256
71
280
704
268
627
583
349
716
172
632
272
252
716
79
142
442
79
419
708
313
579
134
71
398
625
91
813
683
84
364
662
415
425
214
11
448
436
448
131
378
251
481
270
723
144
669
128
221
530
253
266
25
667
462
768
91
419
779
133
163
609
99
479
669
517
347
381
316
812
218
716
736
636
731
435
494
578
523
282
497
676
177
309
8
102
241
451
219
130
153
635
656
188
198
402
70
181
295
268
555
433
664
275
829
446
13
483
330
341
272
422
781
635
585
760
300
772
221
727
588
295
770
431
795
544
222
505
603
72
325
170
639
236
382
99
122
125
591
83
202
254
468
589
422
150
644
665
737
302
175
393
16
397
399
770
392
53
115
139
206
101
128
358
581
753
484
238
336
234
661
99
812
208
282
466
644
523
168
577
65
533
316
88
343
219
183
743
309
567
206
818
815
393
372
471
826
469
626
749
241
363
524
71
711
25
283
813
541
531
579
336
293
119
72
143
32
452
675
73
236
120
700
437
660
17
236
186
160
79
265
29
774
19
217
661
98
445
420
222
828
809
817
277
699
820
153
97
101
291
779
245
720
706
431
330
599
751
355
650
176
692
110
249
711
193
244
687
485
594
245
12
119
201
395
328
713
786
721
125
712
652
514
796
375
2
336
670
293
795
725
593
290
780
163
636
388
46
609
362
586
551
732
348
38
457
619
536
130
471
422
827
446
398
245
332
539
593
357
525
680
567
107
822
364
313
73
177
800
31
599
767
765
190
449
546
219
666
516
118
95
160
16
66
683
459
258
749
11
226
151
567
10
685
523
505
46
251
334
771
513
241
114
358
563
723
217
402
603
231
1
341
156
216
82
386
200
270
811
222
352
192
437
759
22
1
460
251
201
395
223
175
558
295
566
581
587
519
292
593
284
82
785
715
748
342
219
716
333
124
92
128
545
768
154
275
745
675
218
295
440
211
445
392
663
86
164
416
227
459
88
12
683
416
184
427
470
794
518
488
399
295
69
201
536
728
609
510
615
261
823
438
370
406
657
389
796
597
729
168
376
441
655
514
77
368
468
431
206
822
420
642
33
326
617
304
650
623
119
440
667
140
693
398
266
245
664
358
81
25
71
198
611
809
494
256
45
33
764
191
530
553
801
93
829
730
288
639
328
780
258
304
730
599
242
329
546
75
636
552
25
308
671
689
584
257
445
801
816
71
591
497
281
310
103
481
355
806
681
306
274
694
824
664
377
467
774
132
641
241
552
84
292
744
469
391
821
468
221
662
626
301
58
743
542
714
598
489
607
618
760
174
15
133
384
598
219
464
181
123
94
599
413
106
73
43
473
506
210
615
50
192
790
48
447
199
55
615
479
499
737
637
621
636
442
77
706
170
223
89
649
509
33
751
659
511
722
785
2
464
777
52
128
27
545
335
538
735
62
235
482
352
684
10
368
441
536
32
424
351
702
535
618
418
119
608
593
722
26
796
48
56
43
60
623
300
171
755
582
116
465
607
479
549
405
293
294
750
627
390
613
338
138
385
450
470
591
702
214
154
719
64
196
611
93
538
567
685
243
297
823
557
591
725
490
331
564
278
101
302
736
142
16
203
395
788
751
193
818
788
740
494
180
184
673
206
239
85
227
185
710
27
490
305
775
804
58
436
329
424
63
620
810
268
716
37
230
300
755
302
376
179
204
686
136
717
355
481
453
1
453
232
543
270
321
656
515
173
348
409
239
732
438
157
59
627
47
441
823
53
512
783
39
676
358
230
151
208
2
404
524
213
734
110
446
764
800
31
517
251
721
342
773
648
313
352
69
66
50
799
518
156
107
626
495
649
597
143
727
36
467
631
472
316
641
52
187
174
500
652
821
664
66
690
356
793
184
689
356
37
216
378
804
262
708
476
292
624
567
801
88
261
164
201
756
378
526
275
484
259
28
498
494
162
316
571
137
552
77
105
802
630
330
338
217
111
769
476
562
763
327
215
285
323
568
519
306
138
207
698
529
335
225
53
656
810
227
83
555
206
574
340
379
7
520
159
26
545
726
575
764
274
717
94
598
692
635
591
121
657
673
331
678
537
625
682
656
97
509
550
284
723
55
64
728
475
685
128
807
28
247
750
464
184
286
98
541
174
72
751
23
18
224
554
464
534
381
390
789
188
733
296
379
84
144
158
371
649
48
152
488
166
42
198
667
583
362
797
406
321
790
167
627
820
342
554
18
739
26
406
52
476
675
570
194
733
562
583
378
770
17
670
501
709
782
66
755
140
139
515
570
330
109
732
302
688
82
336
233
10
539
306
512
762
397
207
494
495
69
656
50
48
459
805
207
151
820
223
263
500
39
371
21
597
531
227
340
63
32
689
824
715
740
491
27
617
693
180
408
748
204
515
145
631
652
396
275
730
413
768
103
796
528
543
67
404
222
771
391
782
393
821
726
775
794
303
403
366
607
634
183
710
546
160
209
760
4
311
264
244
591
648
489
558
561
509
679
462
695
168
367
716
740
474
404
100
191
620
96
597
494
771
596
777
571
473
335
802
239
721
505
501
375
605
248
601
70
380
570
677
459
382
311
149
786
620
566
53
106
94
647
187
418
615
825
621
825
99
434
530
459
185
411
561
549
299
536
63
808
727
273
113
229
665
26
795
765
480
731
158
819
145
90
588
68
496
512
609
707
629
828
316
558
304
377
222
192
16
451
830
72
472
200
385
212
687
440
423
193
117
421
138
554
251
239
245
249
405
437
418
104
92
42
379
495
345
340
400
789
241
546
428
605
542
455
25
37
507
30
537
749
714
367
307
673
29
40
39
706
230
823
791
513
44
806
818
562
246
705
99
611
583
680
791
196
371
611
153
421
140
771
19
303
270
635
749
80
482
784
752
111
703
602
509
370
139
760
539
739
545
707
620
15
208
230
658
546
90
337
763
411
684
378
541
808
371
53
686
156
571
753
135
399
144
740
124
177
188
468
660
141
745
642
21
339
102
128
63
410
30
372
550
344
54
271
465
573
700
645
656
576
367
171
282
38
151
509
462
797
109
158
659
490
391
728
758
253
674
377
20
79
658
739
11
361
257
572
368
510
155
773
239
65
54
415
81
188
722
671
270
206
30
452
431
175
428
541
595
214
797
584
94
155
275
424
479
654
124
539
794
793
531
821
780
768
366
260
543
691
363
97
435
141
768
426
683
603
637
230
6
426
110
229
383
199
184
625
39
741
85
584
393
498
535
226
678
213
212
482
314
409
26
148
709
790
185
138
383
693
363
316
49
185
622
738
332
93
153
432
329
427
275
448
59
242
515
635
598
683
416
629
456
654
170
614
128
820
739
56
366
798
67
674
31
760
717
790
111
339
304
572
227
800
90
273
230
514
743
627
163
464
545
693
370
12
462
67
46
213
710
402
441
740
511
467
494
307
566
347
186
40
785
537
104
8
494
470
356
31
120
71
236
95
675
99
580
252
607
119
152
717
214
472
229
400
615
760
688
755
819
767
580
462
492
44
512
283
379
682
155
494
150
601
62
507
469
819
341
353
229
540
10
82
401
720
436
634
479
691
533
503
65
463
64
44
790
24
160
486
477
484
105
771
78
240
245
824
124
81
701
526
646
786
445
805
325
787
242
677
830
354
657
565
769
233
807
302
563
460
509
359
246
423
399
661
543
580
797
784
615
344
147
143
742
383
698
686
420
563
779
143
372
672
658
48
243
747
789
602
554
41
124
744
792
804
374
177
296
412
750
559
801
132
599
740
380
163
168
364
675
762
531
112
534
351
629
33
226
761
234
580
94
275
455
483
366
306
631
818
526
708
180
775
580
729
147
358
647
751
454
180
321
438
523
591
573
778
252
285
275
176
198
734
593
514
223
339
623
515
5
192
380
87
680
9
404
547
782
434
124
252
394
73
556
546
428
808
80
560
456
795
268
351
127
748
710
2
527
372
67
407
819
652
118
397
327
123
488
494
167
41
206
316
67
92
49
129
312
629
454
81
13
760
317
373
637
539
588
787
599
754
376
304
759
683
618
402
797
365
338
641
803
719
585
52
769
57
323
431
292
398
364
413
384
403
144
469
470
71
805
79
472
137
218
654
608
368
486
661
365
665
157
327
559
633
717
239
677
294
566
286
820
276
115
56
763
185
381
467
176
437
644
333
57
460
330
401
665
798
568
260
6
410
814
602
199
564
47
388
228
628
280
436
704
431
94
640
317
300
391
496
59
443
391
628
811
137
434
826
414
126
93
114
6
639
283
727
745
743
252
116
752
510
522
574
671
506
621
103
569
226
366
800
129
400
312
747
130
244
757
745
827
618
95
441
60
680
369
428
810
528
821
440
355
711
324
826
83
485
222
357
231
108
318
89
502
34
298
687
735
409
786
642
318
465
307
328
409
44
585
576
222
754
155
433
646
657
217
346
23
507
809
32
117
494
689
467
671
751
414
423
441
747
754
674
547
449
469
200
52
339
134
718
457
198
455
78
105
652
374
624
670
629
636
618
448
235
539
194
488
121
598
387
92
209
534
455
451
756
557
25
676
521
819
506
787
72
185
659
271
805
629
579
171
349
102
669
553
681
453
445
29
58
394
253
116
825
576
304
707
576
787
733
286
153
240
445
496
635
457
419
302
812
153
332
518
318
13
716
689
330
250
815
70
566
469
12
249
613
815
88
502
580
570
53
524
743
64
504
532
160
133
389
215
700
479
302
632
277
455
297
162
739
819
190
586
560
607
562
503
26
829
452
625
117
729
383
825
650
599
581
179
31
761
543
749
15
815
387
793
669
471
600
682
497
812
349
592
281
114
473
675
639
123
321
620
396
529
794
89
76
653
10
784
53
739
167
347
192
207
803
493
704
448
203
179
201
766
640
483
461
546
822
438
761
291
753
399
750
576
601
567
509
281
201
522
215
426
536
196
633
285
300
719
638
376
423
515
279
113
18
664
722
176
779
569
511
328
110
481
350
335
437
191
154
375
1
437
436
256
161
494
46
355
320
733
405
623
167
589
738
117
190
480
170
1
431
307
399
6
658
551
426
546
508
64
213
511
267
828
36
648
501
556
501
610
688
170
817
811
425
349
162
454
330
566
811
307
558
314
16
615
560
826
9
830
437
433
232
217
522
289
803
653
454
63
720
429
809
724
752
399
23
579
365
707
36
332
525
75
501
781
111
432
622
394
147
813
622
234
84
459
345
131
521
112
407
546
493
811
391
697
776
258
575
143
80
456
242
807
679
215
583
702
22
103
101
505
562
369
512
463
486
432
38
352
699
433
323
787
344
382
238
719
584
159
684
97
154
231
473
581
189
695
188
130
70
701
439
284
760
292
480
415
773
368
560
168
235
730
597
762
348
572
148
700
485
125
46
734
633
90
486
215
535
407
793
519
127
308
46
679
213
534
784
23
685
561
650
771
643
499
672
423
204
100
90
827
493
722
720
555
186
152
167
367
663
797
280
164
71
112
741
243
322
114
663
436
790
720
556
273
255
105
824
103
165
789
17
248
523
497
802
191
652
692
57
358
47
548
827
390
773
566
213
614
460
243
666
15
24
507
186
422
648
196
617
741
194
460
118
125
386
21
397
316
724
700
733
298
424
345
167
137
436
230
621
296
576
598
414
19
513
137
68
123
547
173
776
516
21
87
312
274
502
586
80
828
383
648
71
624
256
449
319
747
387
260
558
284
710
355
146
401
449
34
573
415
398
689
150
292
596
355
574
661
539
717
480
359
100
799
583
177
28
121
361
818
433
769
552
144
578
174
384
228
795
796
660
812
444
733
497
118
96
755
498
210
300
592
782
409
707
303
258
55
632
796
105
349
245
356
394
433
630
783
69
812
405
264
764
444
463
653
560
695
549
121
95
471
558
797
363
557
475
547
286
57
490
94
38
791
192
706
56
740
283
471
30
587
3
596
423
368
344
73
142
464
406
717
351
356
493
283
821
468
370
67
491
459
106
92
455
502
548
507
92
324
594
14
651
563
64
760
170
314
716
93
332
581
200
335
221
419
36
719
586
474
23
322
498
362
195
267
791
286
533
502
117
687
110
579
206
17
138
650
706
303
225
664
106
659
476
192
622
569
679
700
260
119
314
355
491
734
475
753
605
236
448
386
312
284
498
209
188
152
68
219
822
496
191
315
452
611
460
466
439
519
675
98
366
396
511
602
167
44
122
576
703
684
32
74
160
192
63
799
402
583
364
347
588
111
796
91
134
305
192
332
532
464
93
230
713
316
191
767
707
620
559
757
327
34
594
773
284
751
459
594
593
644
101
336
592
437
688
386
403
642
790
110
412
577
556
752
623
280
241
329
217
115
469
784
590
732
321
80
724
254
237
198
204
112
788
136
699
116
214
135
237
188
403
529
419
165
63
281
186
703
612
809
235
61
330
494
553
577
765
771
528
536
791
365
341
633
456
416
616
152
15
489
4
41
480
83
534
758
400
358
699
413
134
538
283
326
126
198
734
653
291
94
164
734
197
598
358
36
592
227
630
352
652
483
539
635
702
96
694
170
240
681
809
27
759
747
349
691
812
345
525
506
142
348
43
115
98
732
72
67
202
427
668
231
122
355
397
513
515
295
565
309
77
71
563
237
334
240
378
109
569
6
30
815
82
290
820
214
9
168
711
255
74
166
187
596
629
127
788
692
67
747
729
731
718
817
36
40
416
682
591
563
135
714
609
48
646
828
21
456
204
814
827
496
758
746
466
100
609
36
355
73
574
716
140
780
746
674
655
539
474
399
503
542
661
38
68
384
824
395
805
733
583
317
737
570
321
207
337
464
456
196
432
359
817
81
616
605
682
618
67
338
249
422
67
603
806
440
232
180
146
350
580
150
525
180
242
408
798
14
300
557
746
370
362
325
710
399
110
300
594
61
79
475
741
73
443
410
262
755
166
190
306
48
245
322
412
440
9
78
626
512
37
701
522
53
479
386
177
448
424
514
177
744
422
86
104
137
114
646
618
132
70
274
46
400
147
817
660
159
733
746
232
613
75
184
37
548
19
103
765
279
189
678
284
244
219
139
627
719
137
340
698
574
31
794
576
641
580
326
53
384
178
32
139
54
820
29
77
652
392
639
792
721
104
609
119
89
264
561
730
769
403
757
781
814
403
532
376
584
117
412
318
78
370
630
685
477
823
713
389
288
564
533
332
782
470
785
53
536
348
537
380
626
114
572
476
278
109
189
174
204
715
420
52
191
130
288
459
410
826
81
192
303
544
22
33
66
791
434
408
804
323
519
762
330
496
155
362
201
459
257
830
213
799
206
746
741
347
389
640
444
82
693
572
11
66
138
217
825
614
748
64
321
623
616
563
402
188
799
418
484
565
106
129
546
470
179
622
708
105
262
622
609
640
509
176
815
291
805
746
576
372
383
775
571
438
73
171
78
271
391
230
497
336
512
604
815
329
160
45
762
579
414
606
565
480
56
398
699
168
49
578
341
31
245
809
258
388
242
56
605
590
587
680
122
576
509
821
329
525
479
119
355
351
298
372
694
476
535
613
495
299
654
533
271
361
697
534
495
575
202
307
541
385
822
640
748
338
810
550
732
168
407
64
469
714
808
727
471
422
777
123
574
508
95
120
795
115
473
225
697
304
94
502
66
614
788
360
437
342
375
563
508
175
633
734
770
592
101
366
573
117
538
225
75
5
387
30
332
722
479
324
658
548
158
436
319
808
400
322
785
369
683
378
428
63
586
299
726
630
506
396
388
262
47
422
144
252
481
48
581
327
610
475
644
201
608
323
162
38
516
166
712
195
113
422
710
555
316
506
217
487
81
795
435
644
34
352
522
522
744
277
571
11
246
584
208
251
675
428
669
228
243
44
314
806
385
798
443
150
250
179
775
252
271
745
828
769
225
609
7
168
801
227
158
533
594
56
223
191
760
275
426
805
705
164
667
193
692
774
107
432
492
647
699
521
401
611
161
824
237
172
475
628
72
623
120
159
602
349
274
421
513
140
537
514
331
220
581
230
9
830
231
621
217
642
278
477
502
622
36
685
582
292
487
628
438
349
525
602
325
53
790
163
580
699
145
468
257
376
420
755
231
274
744
87
267
102
717
205
236
446
622
125
510
439
151
221
490
3
651
703
300
51
587
352
374
620
353
317
657
192
163
91
8
712
392
217
673
660
128
56
110
480
575
58
364
530
750
279
82
420
13
230
700
310
482
208
803
642
336
394
369
211
581
635
2
596
47
408
373
808
120
487
687
147
85
106
316
471
279
555
167
611
602
357
600
760
513
743
208
262
75
662
149
602
480
570
430
223
439
391
444
59
341
377
41
462
104
603
441
194
89
344
625
370
3
546
516
134
316
698
109
300
736
258
706
201
48
253
201
761
665
433
793
170
484
432
207
536
601
503
526
505
222
107
742
184
206
490
590
341
735
723
262
39
223
685
770
360
246
278
93
449
658
122
57
602
133
199
575
508
574
776
429
805
303
102
595
628
156
824
309
617
192
659
154
587
182
29
425
711
317
529
479
470
62
26
599
750
538
742
105
123
175
218
110
47
419
49
692
133
160
294
244
810
750
266
237
771
813
528
96
755
605
744
489
246
537
15
324
221
826
131
611
360
828
545
714
234
572
770
512
23
785
816
418
216
400
213
514
258
154
301
451
355
219
691
752
86
560
502
199
802
724
568
821
61
288
245
143
601
320
357
688
172
51
543
638
552
670
540
693
89
365
575
86
116
365
526
78
20
379
714
90
112
664
16
216
265
185
293
695
345
291
13
549
717
260
556
238
803
702
693
234
554
167
108
343
484
36
301
603
675
99
398
155
548
744
400
727
716
320
357
65
796
597
421
332
90
521
602
51
220
477
403
623
239
754
563
96
15
212
295
482
485
313
662
801
356
75
664
531
28
237
616
57
80
287
421
538
237
459
178
54
603
259
794
243
362
69
466
710
630
224
232
767
823
615
735
92
646
575
221
299
689
141
120
731
260
537
795
733
752
562
824
344
814
667
452
239
768
62
211
769
538
694
29
707
606
622
124
504
487
301
338
754
309
313
62
648
488
246
456
68
76
612
559
195
750
695
332
251
793
286
631
736
382
496
26
104
16
340
45
552
723
158
653
341
420
252
457
221
510
122
370
431
31
482
680
519
21
789
403
570
775
750
474
595
79
269
283
516
354
507
482
409
676
143
287
589
520
751
418
581
131
698
569
630
709
178
332
484
129
433
245
188
549
165
290
526
556
610
123
294
286
308
452
5
361
613
404
424
202
199
148
522
382
813
152
252
480
681
1
647
54
512
452
31
135
247
825
203
185
668
237
260
52
58
246
504
557
565
208
361
32
420
748
23
409
430
465
778
812
357
706
475
460
263
556
661
159
821
253
483
328
547
436
292
285
30
374
688
543
217
699
226
110
155
629
784
321
37
135
718
411
435
702
202
208
580
526
536
715
118
384
740
111
823
760
76
220
694
54
605
150
611
174
210
302
516
322
103
513
779
411
85
74
656
484
40
110
520
372
605
680
783
383
62
184
608
99
561
194
45
353
102
157
257
530
66
799
456
405
392
624
671
673
459
527
780
282
236
805
174
670
38
621
651
722
781
220
326
719
204
455
608
465
801
591
763
40
600
602
162
289
493
125
779
591
399
802
743
220
673
468
665
529
7
283
745
211
346
153
772
629
711
311
351
333
680
27
307
329
692
9
566
194
661
339
346
63
12
498
429
368
525
129
379
464
502
785
112
202
699
212
157
359
461
94
755
220
789
366
396
276
634
108
192
199
217
271
365
675
614
495
763
698
47
340
54
231
260
414
607
497
192
663
615
604
294
156
446
643
168
588
686
185
56
209
131
636
818
454
631
734
274
466
175
159
96
43
295
762
225
336
685
92
592
552
528
476
449
50
717
104
91
359
65
366
360
173
815
776
33
558
127
53
403
24
677
575
316
38
433
521
368
149
207
65
344
28
21
35
13
803
450
471
571
729
747
527
774
451
158
32
607
498
505
202
223
412
239
509
153
597
650
332
56
443
451
289
387
282
458
456
368
217
494
635
203
569
632
67
518
42
534
599
303
86
284
180
392
92
780
289
822
644
627
487
65
210
44
367
346
318
732
177
286
282
197
276
313
193
418
602
729
304
144
80
440
277
154
99
378
32
493
193
711
439
681
76
48
433
203
633
797
430
501
436
454
778
766
809
6
600
554
13
506
437
262
562
500
453
505
434
21
239
465
46
824
489
329
312
671
280
521
567
73
769
448
308
609
715
94
568
826
791
478
351
131
767
251
391
536
40
533
37
21
606
376
767
149
666
793
300
470
773
206
621
474
137
181
447
603
521
368
59
506
172
765
815
161
38
268
55
383
337
201
208
348
556
468
676
718
553
449
317
472
766
95
169
249
778
209
45
14
442
17
25
185
653
371
37
785
132
510
679
524
281
486
5
822
732
693
330
555
758
242
95
593
763
125
238
554
85
458
441
50
485
52
270
715
104
506
223
763
549
321
797
290
735
332
566
271
361
441
395
539
158
39
610
251
470
84
562
167
407
233
635
470
556
654
146
725
74
493
323
602
198
315
658
634
484
458
302
253
326
287
126
662
743
538
489
698
568
157
638
535
573
415
84
528
825
86
185
501
551
110
28
521
672
218
777
753
9
67
487
570
536
130
667
11
755
533
68
705
651
418
802
291
263
465
201
525
213
359
38
93
556
42
731
147
774
493
440
107
453
665
214
502
402
524
11
312
654
250
367
161
229
250
144
486
710
423
261
575
18
283
101
318
731
458
274
145
615
434
332
485
573
729
809
336
387
279
827
569
21
482
110
411
296
130
235
278
424
187
627
768
180
642
386
208
223
355
429
280
548
483
578
622
14
488
28
82
425
656
162
79
814
807
303
26
784
493
340
336
119
779
449
363
792
579
701
784
730
180
152
510
20
512
282
21
495
211
276
167
288
802
800
264
493
728
582
170
349
628
5
347
405
799
775
4
66
108
794
229
37
763
190
138
239
378
603
3
178
154
446
322
337
735
512
241
26
354
230
665
790
323
395
629
557
772
68
258
700
107
750
383
730
73
298
697
15
297
335
344
263
189
138
104
645
174
342
495
630
189
532
248
707
25
197
216
96
274
424
829
593
267
372
34
749
512
321
784
47
654
233
327
619
142
693
513
629
624
286
89
475
333
73
134
823
504
318
568
798
550
277
590
190
636
332
704
96
154
156
126
664
90
669
545
345
817
20
768
509
434
496
122
477
287
787
807
209
659
230
277
39
290
56
406
411
129
670
55
733
754
399
737
235
299
126
30
387
506
815
565
621
695
316
657
377
705
691
443
242
149
698
685
600
703
828
215
33
804
572
578
348
350
706
624
185
821
241
214
677
756
42
588
26
265
219
488
675
826
81
483
283
620
409
597
635
260
337
31
800
817
494
146
177
399
86
496
653
781
247
260
73
535
85
68
570
820
291
56
496
818
67
43
138
634
304
419
722
660
110
482
32
800
821
276
123
236
600
526
602
238
304
523
331
33
372
373
666
275
626
246
776
263
336
517
480
18
588
210
615
19
346
479
780
748
124
19
588
799
801
745
341
638
489
52
382
554
473
23
721
208
93
603
239
46
688
635
586
654
531
595
760
639
787
288
599
554
680
114
524
365
448
98
647
563
380
251
694
808
263
452
307
125
234
713
616
639
529
211
457
81
727
150
655
583
484
692
557
398
227
424
329
414
718
358
652
573
818
504
421
440
546
564
793
372
187
729
795
762
607
565
374
145
229
337
528
302
46
78
367
767
447
781
687
413
623
483
185
816
401
131
580
776
575
6
339
806
260
560
526
574
340
218
399
417
638
810
766
217
3
808
723
738
644
596
194
596
515
734
632
285
199
287
467
111
509
234
368
774
672
726
728
164
212
487
311
790
128
291
653
749
653
455
494
212
534
479
379
235
308
525
230
413
365
20
519
111
229
118
287
96
58
196
194
472
17
456
794
422
327
244
736
100
400
521
669
782
449
813
751
251
693
136
759
363
515
205
437
502
557
795
122
141
288
298
44
531
580
498
261
799
803
200
353
497
828
547
669
652
695
78
457
439
482
637
384
36
727
661
686
544
476
94
612
727
756
263
644
281
395
165
174
674
735
475
134
588
310
640
536
606
597
517
239
316
584
441
105
129
107
208
59
320
529
267
721
578
592
454
479
169
65
241
755
394
352
247
817
582
161
178
790
160
340
476
214
301
415
292
547
479
193
133
627
660
436
184
776
280
703
443
236
225
524
292
800
286
603
28
162
824
795
474
434
619
607
463
404
72
828
415
643
695
482
163
711
629
352
437
642
535
199
340
606
71
388
209
689
473
644
729
92
492
334
354
818
451
523
148
490
673
540
138
229
121
107
671
452
453
559
592
76
4
539
135
476
343
48
149
210
131
462
463
180
194
524
590
246
719
496
411
219
279
690
507
227
241
373
412
292
48
481
311
741
171
340
727
454
198
575
261
7
448
9
186
401
627
655
524
90
773
398
723
265
524
702
791
129
508
173
770
622
730
799
363
523
195
710
255
5
107
584
324
305
794
178
788
223
526
71
414
81
622
40
89
75
788
640
664
268
725
595
178
442
337
165
202
614
640
675
531
128
581
335
11
120
76
771
716
145
234
596
218
332
531
654
50
725
433
257
756
543
814
108
430
228
47
245
461
757
547
578
267
355
86
239
691
1
487
166
332
621
301
812
326
740
312
631
675
718
148
125
4
339
489
540
698
385
140
179
6
628
368
341
425
404
790
414
294
14
269
54
28
439
449
13
453
400
103
606
265
75
675
256
718
545
555
61
141
818
73
477
804
278
381
67
662
93
580
158
128
445
449
611
268
190
756
117
602
358
426
230
247
122
546
520
156
497
564
507
736
508
682
214
805
190
163
201
679
202
573
426
694
543
753
65
560
453
352
267
781
440
117
15
760
614
811
23
415
601
764
562
26
396
492
166
785
237
507
301
128
374
604
176
66
748
564
267
106
569
519
168
68
667
728
11
51
320
242
358
14
684
558
275
580
466
499
206
428
207
752
498
804
106
165
821
578
307
669
601
406
780
374
722
330
39
447
286
345
53
605
814
42
36
189
276
788
526
729
507
173
22
225
269
338
220
228
461
76
554
521
726
325
396
202
802
17
184
426
612
552
304
253
497
701
555
724
426
115
109
550
334
467
828
563
271
505
109
203
739
406
661
359
76
805
814
277
276
582
826
336
645
67
27
226
457
228
385
694
727
18
601
300
163
408
144
126
830
292
157
398
68
202
461
817
614
725
85
72
293
558
557
234
693
151
790
802
223
652
599
365
823
830
367
193
339
230
291
311
503
301
97
101
120
6
344
208
388
752
273
526
627
568
182
711
85
227
673
14
456
579
130
327
269
265
661
514
60
109
241
487
201
74
219
195
25
145
512
802
748
426
175
5
141
37
413
520
640
257
479
795
63
707
205
827
57
157
660
683
609
739
556
310
332
114
616
21
498
824
823
47
76
828
577
274
375
644
244
632
237
85
131
283
453
255
491
692
541
707
216
524
437
701
90
101
61
173
166
396
224
60
241
26
182
624
516
207
595
659
707
777
31
315
99
754
159
122
488
196
645
815
268
720
441
302
150
98
282
150
524
149
196
543
48
522
529
389
558
480
574
671
650
6
103
9
137
716
782
487
170
73
38
431
149
416
507
542
426
544
38
587
292
433
377
634
468
557
550
686
414
800
119
708
700
26
592
362
183
278
500
683
592
30
416
58
164
190
574
532
705
167
53
727
124
48
520
303
367
436
751
480
445
25
320
566
530
70
120
745
484
339
298
81
363
407
725
114
87
491
761
93
773
479
701
196
356
296
455
208
794
630
283
229
668
420
490
233
41
226
411
415
31
290
107
107
333
783
694
97
692
740
289
562
49
321
528
277
17
450
235
415
663
45
629
314
451
729
367
153
273
513
760
242
496
78
49
383
107
101
117
596
8
644
258
117
424
579
69
449
145
533
519
139
704
595
631
97
825
670
366
8
710
783
671
701
172
629
329
541
542
543
107
93
102
643
50
623
753
632
564
526
563
563
750
574
395
82
522
65
625
792
424
283
115
82
522
439
680
131
737
350
805
438
79
61
49
647
224
510
737
302
316
45
227
92
46
123
17
100
254
719
207
559
72
598
696
563
244
520
648
435
371
808
262
603
704
674
62
214
818
538
561
205
101
308
336
336
812
117
219
272
534
421
90
568
14
92
805
596
478
445
262
226
771
770
722
143
388
163
86
235
169
719
410
495
640
780
803
105
40
285
309
173
507
565
592
736
443
84
546
211
679
260
96
290
154
681
13
504
411
61
601
227
777
7
378
265
249
422
274
62
495
476
101
107
174
533
391
681
361
236
229
551
677
538
145
215
269
260
63
566
528
114
28
797
664
753
307
538
825
801
27
481
251
263
240
594
348
639
225
488
159
394
197
173
141
255
391
398
220
500
493
749
379
424
48
237
27
161
467
25
637
16
213
148
606
204
32
370
347
96
665
340
303
653
371
489
735
379
52
168
470
586
584
566
687
443
320
389
476
389
42
597
358
716
610
196
410
318
134
399
772
711
83
800
637
354
207
796
168
476
354
560
88
729
404
133
461
553
385
647
72
256
582
99
207
691
192
672
532
470
707
593
77
61
759
725
241
342
496
523
530
570
388
110
505
530
281
580
271
556
741
799
779
334
105
524
119
242
579
180
713
466
129
552
762
289
98
417
561
409
363
25
805
684
649
121
211
672
293
91
740
137
579
615
420
828
166
308
110
230
385
270
686
663
291
759
252
630
443
483
805
350
830
595
756
261
830
573
807
554
716
268
795
64
680
232
140
130
91
398
215
582
420
376
345
269
379
368
384
86
219
72
164
826
118
723
200
557
800
823
240
821
797
655
314
292
674
465
43
37
780
140
744
433
114
263
188
117
407
708
650
794
648
36
625
609
489
122
601
764
640
620
338
796
296
56
782
358
325
49
523
150
436
295
480
479
60
54
570
24
496
568
130
704
692
70
261
638
572
677
250
672
716
608
809
435
386
804
175
537
781
489
778
404
532
637
441
659
230
459
266
560
805
544
117
469
70
74
299
645
810
241
666
160
765
439
308
374
107
805
158
797
194
499
3
7
35
95
761
695
584
571
286
744
60
2
196
735
447
125
498
371
131
319
399
771
314
608
248
774
689
164
579
434
254
559
508
498
369
584
283
107
61
613
13
665
282
497
384
371
345
700
463
293
126
249
14
680
481
615
587
500
659
266
127
116
118
223
762
629
719
226
29
135
513
509
70
210
509
159
54
272
120
68
466
325
598
16
429
661
417
469
696
450
464
800
683
457
637
551
591
218
261
83
546
177
277
659
5
75
300
498
60
702
559
701
483
53
418
359
23
332
320
709
421
791
40
693
626
250
103
277
45
257
197
575
572
228
426
292
305
516
549
543
143
444
425
6
495
165
361
565
644
548
391
224
176
334
456
70
762
195
627
27
613
332
693
199
599
463
687
65
645
684
604
240
780
255
799
152
613
215
456
238
659
368
78
740
197
611
753
790
215
717
402
406
721
750
376
572
467
700
337
709
122
12
97
184
187
311
581
163
460
698
49
827
591
593
730
816
387
315
234
69
599
756
236
686
563
59
101
346
555
357
376
289
768
797
288
661
531
751
330
224
663
323
337
452
98
721
772
290
694
428
484
616
223
524
184
378
366
169
388
272
717
573
220
611
118
256
795
6
747
516
765
502
779
68
521
587
777
363
158
636
619
488
371
544
409
766
458
398
432
473
658
443
192
320
562
628
123
125
781
344
37
544
303
239
597
437
308
471
759
13
233
597
189
560
196
64
6
27
494
170
29
151
47
25
375
131
595
823
686
404
623
366
64
482
277
646
53
232
191
404
543
345
617
417
281
444
793
402
201
679
644
673
34
392
148
289
796
607
106
298
212
302
86
216
500
636
639
14
7
26
565
814
621
38
298
365
465
773
98
223
187
803
147
354
451
130
703
499
584
77
643
130
49
406
437
133
67
214
547
386
802
223
646
232
508
556
468
263
109
155
535
111
21
126
635
595
14
378
355
396
581
489
20
422
73
529
93
289
628
512
135
512
590
804
319
818
203
4
517
784
457
114
364
757
400
191
641
192
641
154
189
643
45
188
249
90
285
117
555
278
693
288
647
713
372
728
212
566
374
710
199
438
579
589
132
773
567
374
738
604
388
302
355
229
312
653
519
120
304
690
653
215
413
164
483
704
824
396
553
196
278
350
19
263
558
84
410
141
574
139
592
805
636
457
631
96
168
46
700
216
366
81
570
171
485
708
255
206
222
820
329
394
228
810
228
239
790
378
32
270
246
165
52
611
791
398
606
615
51
246
750
630
342
32
303
105
669
500
17
123
236
119
123
160
733
559
546
293
265
184
236
737
32
38
107
511
555
277
291
44
427
23
668
189
329
527
153
504
525
183
35
639
563
255
240
634
90
148
799
84
23
386
299
543
796
151
544
732
379
249
717
571
66
578
760
100
612
744
772
383
107
200
146
468
180
375
221
765
449
545
5
197
794
537
369
697
138
651
87
161
602
638
20
687
647
549
126
747
11
535
334
41
144
242
227
413
452
340
63
451
500
145
192
485
286
128
550
71
784
686
554
342
823
298
109
569
123
25
474
694
664
457
212
532
805
761
375
819
617
519
180
220
564
633
490
455
472
286
5
743
657
716
638
520
383
700
352
244
206
264
189
172
385
114
751
604
162
507
800
687
576
343
769
285
49
49
388
427
413
221
52
238
763
332
258
510
235
579
47
429
300
775
765
469
740
308
440
829
212
23
147
416
407
493
360
425
820
398
433
328
640
423
43
477
181
61
298
224
667
464
362
444
131
647
817
36
462
782
534
461
295
663
11
598
476
150
30
76
768
667
732
118
10
290
627
410
648
328
786
139
365
425
501
337
821
349
27
606
605
80
126
506
402
400
693
435
211
807
578
66
814
89
130
605
670
673
685
461
667
323
341
615
221
813
142
234
9
319
711
165
583
29
699
128
569
109
16
666
713
21
1
291
612
501
830
24
155
233
71
250
704
100
159
550
383
731
321
630
727
798
128
565
197
374
763
265
582
674
415
68
195
145
239
375
423
731
206
651
20
235
563
71
381
35
715
255
676
78
244
737
389
254
762
4
561
325
561
519
460
408
235
170
791
665
346
119
116
372
334
61
672
326
739
814
294
329
778
447
213
217
199
511
593
240
478
165
569
423
63
491
12
265
59
184
646
269
344
270
67
67
370
527
525
682
287
55
654
225
558
486
178
517
4
664
112
467
347
106
151
215
728
228
629
708
288
536
282
673
647
282
763
507
493
502
602
504
5
621
208
94
286
357
216
405
653
513
483
241
540
297
614
579
781
432
813
751
389
595
165
587
762
613
503
76
193
195
423
156
227
4
713
534
106
627
519
59
471
126
493
150
567
68
489
68
9
584
163
92
271
759
805
32
453
382
88
67
137
804
368
205
255
319
735
501
717
758
538
264
150
613
33
740
72
734
579
725
556
814
576
229
238
513
673
62
231
353
712
656
471
792
564
458
631
405
618
232
820
206
758
588
572
380
774
80
692
368
9
240
196
742
443
173
341
239
287
495
549
31
384
321
563
753
28
737
214
660
307
781
337
446
70
233
769
688
522
281
680
489
473
218
218
150
207
395
53
804
825
190
163
678
687
679
684
76
803
235
165
43
314
251
385
134
471
791
683
211
673
756
291
666
694
688
94
212
735
94
291
213
693
675
330
53
600
583
647
164
423
298
481
218
18
330
809
62
145
742
610
409
56
325
113
771
517
148
453
169
677
544
375
450
671
654
825
264
500
630
741
788
367
582
385
304
276
519
335
457
46
573
495
656
58
344
274
570
680
110
747
829
17
792
765
278
633
634
804
459
443
288
740
48
138
449
8
578
758
577
821
798
210
631
411
262
360
205
682
87
380
768
755
286
210
469
339
87
196
635
273
194
782
252
322
520
442
618
662
254
640
480
19
552
90
639
341
276
554
742
614
266
142
469
787
766
215
41
394
195
118
335
545
710
63
392
144
134
657
425
118
650
478
606
454
380
63
482
583
497
50
145
536
81
35
148
577
781
700
41
325
388
391
502
820
396
215
59
766
671
203
574
659
457
307
452
777
721
829
504
39
431
231
786
84
593
477
689
829
823
818
627
32
348
814
804
187
495
568
519
234
641
714
536
598
137
647
174
76
659
363
821
516
113
34
385
232
351
503
22
715
52
234
324
212
288
1
561
515
175
577
371
172
743
438
378
35
744
626
635
627
95
523
189
642
101
825
277
618
606
214
443
664
184
305
623
207
306
792
469
633
697
354
534
630
812
462
410
224
335
320
585
371
258
246
525
650
582
441
175
716
70
522
432
599
430
106
781
178
793
106
37
109
718
487
620
397
730
408
786
691
209
376
459
754
29
92
667
533
81
198
219
53
335
4
509
554
504
616
341
477
530
735
168
693
354
620
159
286
607
797
139
26
264
821
118
422
254
449
68
330
693
267
91
107
698
718
276
712
705
814
267
684
738
161
512
252
370
602
287
818
410
663
177
539
520
460
677
77
471
47
800
214
57
339
279
90
527
317
562
23
360
484
434
366
452
812
500
709
440
434
552
118
386
116
428
780
828
406
821
217
498
48
130
198
829
201
527
654
826
63
501
760
226
42
270
663
609
17
520
264
643
208
68
637
213
229
92
69
171
239
732
344
624
588
391
356
38
712
260
312
64
313
118
289
584
367
500
411
593
582
495
808
168
408
514
584
452
744
640
285
677
783
270
700
403
754
38
476
516
417
550
71
267
12
123
189
412
619
17
113
258
76
153
170
151
213
248
830
475
267
113
101
569
246
155
476
313
546
188
394
359
828
567
429
476
623
210
668
686
234
59
561
418
792
45
80
797
62
275
184
288
570
695
169
263
556
482
488
288
721
785
722
329
334
760
574
110
601
63
292
681
423
721
764
5
317
324
238
462
303
624
517
167
546
2
446
71
339
243
296
807
258
672
383
490
477
806
751
692
443
336
808
592
139
290
689
466
460
433
195
698
213
556
432
115
549
819
317
599
682
427
130
214
516
156
744
341
32
636
631
175
430
241
169
688
464
209
505
10
276
611
439
261
477
491
245
87
155
79
405
729
86
355
776
779
631
7
802
677
85
763
784
758
26
177
3
337
651
307
357
637
466
741
42
176
689
412
522
616
323
262
393
26
671
813
599
648
76
573
231
303
606
35
739
503
301
648
768
776
198
462
301
741
740
357
158
157
711
229
448
149
449
383
388
707
318
443
294
449
222
624
351
477
554
40
781
804
685
763
3
5
127
349
385
195
256
482
444
467
602
257
699
559
341
673
738
681
362
99
386
484
741
312
279
342
156
147
557
77
105
729
751
729
160
246
264
298
737
786
644
287
511
67
644
450
268
439
295
59
627
100
100
614
302
621
660
217
578
82
82
181
551
145
827
123
805
141
764
39
732
91
246
94
279
206
56
524
761
283
723
390
36
607
812
572
264
699
393
107
643
60
361
303
34
709
672
527
14
240
227
75
77
10
728
511
777
19
610
69
384
416
86
568
83
588
103
745
739
301
721
36
365
582
337
46
112
615
339
603
130
489
565
280
152
356
364
554
71
780
290
392
670
736
738
353
536
750
75
768
79
491
188
91
513
765
703
468
2
366
728
575
228
413
340
622
18
234
473
659
20
277
818
694
533
630
801
149
88
331
594
100
313
660
449
147
566
506
91
128
110
192
478
389
54
571
98
771
158
236
133
352
733
451
773
778
499
352
429
24
424
365
424
726
540
468
340
164
404
289
323
490
336
647
498
214
140
347
389
351
787
409
359
815
209
206
465
808
533
476
112
120
643
69
428
631
218
150
774
745
638
787
464
656
56
467
385
772
214
115
732
676
801
789
452
429
159
268
478
84
690
411
572
6
729
281
357
596
580
577
481
537
673
544
255
260
570
29
681
577
208
151
373
567
652
645
14
36
142
619
821
803
541
329
326
467
543
213
107
805
89
477
214
604
424
347
499
426
753
819
471
203
770
208
522
726
66
436
336
133
746
477
330
132
417
828
508
798
438
595
271
120
114
579
263
129
781
830
231
768
84
563
371
34
56
779
168
742
536
402
573
101
743
686
261
457
756
177
12
637
384
81
660
415
93
500
576
266
445
113
621
73
44
304
157
255
790
688
294
180
345
683
649
1
560
19
468
741
222
447
214
768
822
177
589
153
562
460
575
34
585
159
694
812
674
345
4
394
791
403
319
465
413
363
311
726
659
88
502
499
659
385
411
649
603
686
469
249
824
392
642
795
741
736
121
436
715
730
319
812
222
167
237
754
521
560
226
664
536
632
624
447
779
786
400
148
371
442
578
43
694
488
78
778
631
376
130
207
320
499
605
418
126
581
752
429
203
37
337
332
78
347
235
515
383
181
279
695
20
138
359
64
826
183
530
217
245
204
724
774
160
166
475
820
374
348
330
642
707
601
311
749
443
784
188
193
99
154
775
530
17
739
179
113
310
353
697
479
771
95
206
569
59
720
405
243
409
445
567
148
198
767
586
581
171
410
717
620
13
108
219
522
629
618
471
399
796
792
515
94
544
702
561
757
533
251
115
324
565
641
585
823
233
40
256
496
230
188
90
26
126
525
340
486
322
588
642
710
792
811
476
764
785
759
309
703
588
161
721
800
506
340
574
657
93
590
18
766
785
819
701
276
281
359
562
513
381
315
167
371
591
397
370
585
156
306
346
3
484
268
394
731
184
596
436
581
595
763
90
660
549
413
657
412
103
352
255
758
78
812
38
385
229
331
549
177
246
382
471
783
232
15
271
422
529
413
53
320
787
642
804
762
444
342
409
760
135
402
587
788
640
84
534
9
625
802
478
493
166
747
806
199
425
211
70
576
780
815
205
91
804
258
462
20
544
203
12
559
778
407
763
823
791
422
43
646
500
397
305
829
301
562
574
367
570
347
209
665
783
177
788
69
421
40
278
734
244
85
45
207
626
339
282
73
664
741
427
19
355
277
612
585
437
747
707
81
347
39
648
174
256
666
62
625
698
145
341
633
274
120
757
363
27
47
344
9
226
626
277
269
802
380
127
231
358
516
124
401
167
752
360
96
161
615
334
799
367
727
649
458
60
718
15
185
767
342
471
18
297
188
162
605
386
472
622
587
161
746
647
441
756
670
743
784
553
73
680
336
34
695
535
741
565
406
299
420
820
96
767
558
406
484
259
319
308
581
446
574
370
542
815
363
698
285
724
211
585
205
195
587
585
676
777
366
189
756
17
24
334
107
415
206
211
501
524
811
100
323
187
351
196
724
244
809
250
784
294
119
785
658
808
431
384
509
526
696
395
507
15
522
821
386
379
334
389
35
727
322
284
749
344
52
13
93
105
677
433
467
288
795
135
289
38
645
508
599
14
232
422
324
612
610
395
147
293
779
387
482
313
601
366
148
806
569
300
698
714
234
138
521
776
558
552
113
361
765
144
719
253
540
446
604
30
361
361
295
503
753
809
323
512
306
432
740
605
742
586
540
392
379
555
499
295
298
780
552
248
563
59
224
342
127
544
727
152
805
240
199
394
777
497
774
50
56
338
758
728
431
297
281
572
193
440
75
119
419
144
85
279
700
39
592
170
331
579
162
801
7
450
420
142
142
429
351
71
43
824
476
79
560
441
707
719
556
681
777
783
53
255
101
807
727
159
62
725
126
693
153
213
516
498
790
349
581
350
214
171
587
27
449
520
202
257
241
195
463
298
81
544
541
225
559
140
322
486
338
549
730
175
472
361
118
813
808
177
231
649
681
653
300
316
283
590
38
425
739
792
184
493
138
263
224
224
679
98
532
619
115
819
300
518
699
475
225
754
341
455
61
246
58
500
206
482
454
381
744
324
369
759
299
245
44
774
224
11
815
41
563
615
630
75
480
9
59
599
19
369
675
799
656
45
80
132
599
714
34
189
358
178
299
637
779
195
270
125
11
181
470
186
446
540
161
711
777
29
49
388
343
107
522
753
185
466
363
577
474
427
310
274
446
710
19
229
766
408
566
674
288
229
88
709
560
525
115
357
756
357
333
226
626
240
49
68
609
560
169
48
553
54
499
240
773
138
135
5
683
301
578
652
319
747
760
791
389
118
308
590
67
799
628
449
422
765
346
458
493
680
531
449
516
190
193
827
695
401
712
453
179
322
72
505
486
155
363
330
259
404
645
438
690
111
103
815
98
223
589
381
183
573
435
384
768
688
225
518
736
344
341
572
584
19
745
807
539
244
464
136
638
280
301
339
656
323
606
81
736
70
692
388
223
468
643
698
555
331
714
460
244
477
196
258
585
790
53
32
586
37
767
84
127
772
660
608
57
824
366
94
717
357
495
265
786
655
790
700
19
558
63
800
765
616
498
314
323
593
5
365
772
568
786
2
339
407
581
68
13
533
21
810
206
200
601
404
777
213
463
363
165
214
699
647
395
685
95
734
529
65
23
360
230
653
495
710
285
396
105
766
375
224
552
699
226
162
594
419
680
57
507
324
720
60
197
491
254
599
699
268
412
137
575
710
136
147
42
560
730
372
497
356
394
1
304
830
173
517
555
829
655
709
825
604
249
112
438
700
11
730
141
27
385
111
153
154
295
331
178
1
308
824
13
283
39
669
350
512
578
521
302
561
140
784
426
208
574
217
626
825
529
339
124
324
686
656
35
206
631
310
691
261
406
797
698
575
564
369
352
388
423
359
484
801
441
597
22
380
691
132
447
555
730
349
772
620
564
445
623
92
226
317
127
438
25
470
219
337
626
814
575
227
338
769
42
724
573
522
810
279
741
55
226
55
601
290
790
525
182
539
448
779
362
678
361
626
341
31
324
206
82
553
698
508
360
493
603
39
60
634
503
607
117
417
220
53
814
296
135
290
407
277
675
522
507
214
591
297
382
688
567
519
792
374
824
591
86
523
551
702
498
272
202
118
109
51
796
231
364
251
129
665
163
397
753
405
679
133
238
778
344
76
758
8
11
805
712
326
343
501
209
235
189
367
158
628
381
804
387
690
446
283
759
181
809
482
507
186
689
570
132
747
271
640
625
267
158
395
447
435
387
183
237
567
348
27
428
272
730
490
117
302
697
464
810
195
506
515
660
642
663
764
199
265
57
191
268
364
517
720
195
300
315
472
546
645
670
203
503
116
766
488
649
179
681
681
739
800
809
585
213
536
709
620
780
777
428
170
694
778
819
106
829
76
514
748
167
581
35
294
308
582
17
303
599
538
444
103
555
487
170
219
828
565
367
195
672
549
637
532
412
331
132
302
535
801
185
490
453
661
285
119
375
19
554
157
432
182
687
378
234
176
277
108
171
666
86
784
800
552
176
767
282
114
566
527
461
271
596
472
64
141
829
62
647
449
33
326
517
216
104
654
69
262
524
442
129
63
631
94
102
428
770
212
643
345
746
702
179
332
32
336
497
296
507
649
129
409
569
139
743
370
256
604
640
198
45
471
692
781
27
511
801
821
11
69
812
676
118
774
334
562
381
819
197
22
714
433
198
265
76
766
294
756
675
112
346
434
754
718
529
697
487
639
682
526
192
576
663
402
334
431
181
160
735
580
484
262
736
509
59
357
405
813
531
110
77
573
673
738
443
766
621
528
585
243
284
435
177
484
215
186
216
94
391
212
447
317
449
701
494
182
81
686
205
498
521
596
417
33
814
642
514
468
477
748
81
280
598
287
307
52
701
827
705
692
264
192
743
329
184
468
440
565
624
71
427
744
570
154
9
550
523
783
298
157
557
180
680
117
759
652
122
397
29
443
391
272
758
646
287
592
665
622
277
44
531
337
159
716
351
481
760
190
411
315
242
404
70
129
495
746
335
172
675
334
543
127
106
489
371
720
80
15
657
154
278
431
749
774
154
379
124
639
363
817
808
635
627
319
567
510
318
667
412
183
198
456
298
84
187
516
508
207
803
541
736
342
687
625
657
685
184
233
553
775
730
733
635
335
392
693
443
365
302
236
139
362
23
459
135
173
62
359
453
1
459
241
434
157
568
555
420
595
88
461
515
63
190
337
298
449
403
281
650
54
443
34
3
347
35
79
589
241
526
160
16
175
278
539
754
762
353
425
54
273
100
63
104
566
750
595
534
391
311
277
359
131
46
354
566
109
199
50
335
266
295
780
136
788
46
129
534
393
666
349
535
761
797
258
126
34
491
759
465
74
687
557
377
224
494
45
244
534
149
270
265
663
563
137
298
307
825
737
775
805
218
198
819
296
142
491
608
233
789
221
829
530
568
556
261
217
196
194
600
533
507
444
280
555
350
104
490
770
443
486
406
471
781
462
1
258
523
418
386
82
146
468
815
613
45
217
260
340
345
230
284
225
220
315
488
342
540
347
415
192
460
537
519
568
829
27
247
81
1
40
538
333
699
451
109
384
799
251
168
449
291
91
250
22
253
287
108
221
184
309
813
343
765
151
435
618
783
344
167
451
47
226
480
117
305
484
756
353
265
286
250
400
261
15
193
626
43
550
464
285
316
232
821
198
297
772
67
423
184
90
77
71
786
452
559
812
268
717
547
50
219
20
78
686
497
713
135
624
817
43
347
209
325
6
372
119
624
732
296
617
316
812
163
174
571
787
443
828
358
132
85
593
276
228
459
688
686
824
328
271
441
173
329
571
394
108
699
740
759
293
498
373
93
712
615
178
647
127
227
487
394
158
390
304
33
194
820
782
647
4
412
382
488
101
368
419
438
191
376
429
563
293
117
698
532
273
182
670
780
530
545
243
358
648
649
25
410
74
328
795
131
829
166
669
473
742
434
453
659
348
559
424
529
641
167
229
729
12
767
112
672
239
259
78
24
454
26
805
363
81
571
446
323
52
431
752
520
378
397
236
271
666
591
381
788
371
225
531
267
77
785
721
305
337
744
806
586
418
385
3
463
643
399
720
176
361
698
520
392
629
43
132
820
26
362
399
16
822
298
462
243
399
425
254
443
676
811
243
236
571
767
85
540
208
679
807
460
19
745
571
463
572
636
497
679
530
16
690
319
382
254
801
162
563
495
735
534
104
770
742
288
65
620
757
78
544
276
191
771
807
82
498
814
64
208
502
580
636
688
567
387
408
97
269
698
684
826
638
337
519
592
85
652
552
227
233
807
396
400
595
719
459
513
443
263
409
818
516
641
230
82
522
583
357
487
516
715
43
363
87
594
116
332
368
679
217
394
762
828
166
68
620
79
658
106
399
24
518
512
692
396
312
145
339
78
617
726
443
713
57
127
636
501
138
211
393
824
452
309
56
454
672
469
510
799
510
51
110
440
297
519
390
482
328
502
418
208
692
795
462
406
254
611
281
734
725
201
554
611
347
209
238
265
25
397
348
745
648
787
652
241
103
472
589
589
539
113
459
552
716
569
78
593
415
562
70
673
679
739
298
120
152
325
38
282
290
436
288
750
803
254
736
700
494
605
666
570
127
649
778
625
211
825
54
128
232
586
79
718
384
227
28
54
540
135
723
565
667
131
786
495
487
378
146
47
230
608
785
703
744
180
537
716
339
45
530
602
761
419
721
5
118
400
629
504
634
13
764
830
3
252
782
146
606
687
428
142
679
529
308
83
232
595
315
51
101
10
114
597
508
581
662
318
655
274
684
115
18
668
630
51
577
68
700
428
424
731
306
232
645
349
422
552
756
678
279
184
271
265
4
557
68
429
249
502
492
70
179
750
741
787
401
829
814
624
425
145
756
618
273
91
317
826
452
808
194
380
604
4
244
477
84
391
117
435
661
206
754
590
389
318
720
221
706
23
622
559
221
645
816
544
503
271
465
239
226
481
233
523
733
393
442
116
7
243
343
785
444
175
538
185
425
343
55
523
337
781
288
553
767
69
36
760
222
704
752
121
16
109
632
26
452
168
753
515
49
342
21
352
16
772
795
536
488
317
769
665
290
122
352
80
81
751
816
750
320
184
154
443
459
310
135
389
540
120
380
711
369
70
187
96
118
633
365
328
62
606
298
613
247
238
768
331
199
189
238
207
270
300
648
406
24
511
560
175
449
534
544
464
633
205
658
415
653
86
159
339
423
189
92
171
729
647
344
187
801
690
305
299
178
14
57
450
589
210
298
570
527
181
395
223
611
78
658
773
277
543
228
647
48
748
211
136
465
573
370
741
419
86
139
5
197
574
434
283
14
379
291
45
348
407
719
710
688
211
135
349
485
490
166
344
316
273
42
370
138
498
15
215
140
352
164
296
582
685
681
111
370
335
679
380
579
253
552
97
216
33
57
592
795
810
105
297
122
730
119
64
120
449
778
507
129
663
3
790
522
148
518
332
152
121
507
682
446
414
801
746
69
720
143
289
291
436
606
488
263
634
242
169
154
624
534
683
39
231
36
343
780
435
589
418
690
745
182
20
702
335
792
356
382
672
606
383
309
801
271
346
221
437
404
676
679
427
15
627
589
748
656
705
375
348
281
147
245
85
36
611
368
626
429
728
812
90
267
442
322
289
25
132
339
592
58
19
464
754
371
407
434
50
426
460
391
137
438
524
827
166
112
82
776
7
429
550
498
375
605
819
266
759
118
208
554
504
763
470
787
60
356
437
477
533
746
407
822
117
136
604
711
591
612
121
634
177
163
531
810
354
391
166
94
67
465
286
743
693
712
455
421
388
754
478
44
363
126
517
677
624
245
667
606
463
474
26
738
580
749
371
151
509
633
507
439
25
447
572
713
802
512
190
474
254
5
451
823
97
468
93
149
676
251
38
427
613
585
786
117
246
530
118
332
4
686
191
421
433
323
80
523
744
664
128
824
685
672
156
649
264
587
469
421
17
724
234
349
814
585
804
602
174
116
351
476
302
527
649
247
730
3
589
778
484
605
47
72
356
297
604
679
425
116
795
563
332
798
356
411
390
523
648
664
360
101
344
591
779
800
239
277
554
139
449
32
462
510
697
645
181
378
550
203
680
116
347
624
673
802
669
665
516
575
277
622
289
204
484
788
196
383
576
804
518
37
19
67
720
98
697
191
425
599
225
75
186
580
629
812
43
768
439
250
128
528
783
486
515
324
67
23
291
613
343
324
366
26
769
732
787
811
534
613
61
550
286
359
166
295
283
91
119
329
652
681
501
109
74
130
602
163
73
538
508
101
780
406
592
63
534
130
181
628
323
671
554
751
682
463
397
68
743
720
796
323
327
63
551
97
126
812
659
736
393
119
167
416
253
340
305
261
627
761
527
766
388
94
195
521
771
557
240
121
819
410
287
516
312
573
14
553
655
38
183
62
422
238
426
250
655
662
653
539
606
222
680
280
514
507
3
630
437
715
755
601
251
64
662
593
507
69
401
427
591
212
549
281
346
379
773
600
563
259
367
523
372
539
261
367
739
779
132
612
659
426
602
334
735
179
46
383
198
411
55
784
456
481
414
164
810
447
702
435
104
430
158
469
2
193
329
380
414
631
642
628
314
205
436
652
686
227
502
613
422
401
829
391
125
657
280
384
695
612
244
702
295
284
13
743
105
32
361
135
255
155
628
556
530
213
644
158
730
564
592
412
235
619
636
774
77
126
163
828
263
188
627
828
464
121
150
31
673
53
101
732
499
170
605
68
210
39
662
13
255
236
187
202
656
62
432
3
300
581
691
821
10
527
22
172
283
261
65
467
3
815
523
648
383
633
387
602
790
9
692
63
321
807
601
149
219
36
800
384
135
339
525
571
702
671
504
633
315
707
357
260
277
265
736
749
777
808
490
590
156
333
301
585
24
34
403
141
480
704
252
431
175
681
186
615
440
773
46
774
313
668
98
89
367
632
401
803
73
679
433
437
180
432
177
465
482
458
518
43
470
388
480
268
700
821
170
512
638
640
659
322
58
536
652
504
357
548
239
693
520
93
763
114
128
204
426
65
826
268
535
675
166
696
33
723
657
46
716
160
522
126
360
574
434
225
213
2
298
592
424
638
471
455
96
531
470
687
68
367
689
182
640
213
538
17
809
693
25
696
286
641
550
418
317
805
217
373
765
665
484
304
451
256
589
168
295
368
295
767
315
391
734
69
535
645
647
800
338
280
761
424
604
701
21
180
535
552
454
552
774
699
68
194
530
233
101
525
111
126
559
326
759
362
351
487
501
753
592
11
106
227
338
60
140
363
282
554
355
523
277
643
195
486
367
514
109
797
204
672
170
357
145
154
335
747
581
583
656
808
16
566
116
35
486
634
701
437
100
104
474
824
277
679
178
234
92
68
60
461
664
195
210
713
492
369
234
538
239
397
687
140
300
242
113
192
503
174
385
820
154
277
745
275
319
341
449
713
64
401
507
238
470
779
108
10
784
687
703
293
520
398
153
594
533
784
721
668
431
747
808
8
748
614
681
19
623
327
83
515
268
279
202
295
50
228
356
237
475
457
307
16
54
161
603
615
51
8
48
196
109
298
280
777
39
516
415
345
682
511
112
197
715
816
222
517
496
196
251
683
513
532
333
369
182
481
438
587
664
734
575
234
414
609
802
63
153
644
734
468
800
425
465
396
153
348
781
560
768
388
755
587
498
32
704
303
534
473
729
659
122
555
576
784
225
244
83
21
770
811
286
47
364
73
811
175
350
28
651
89
145
315
310
247
671
806
449
263
503
71
303
717
658
167
486
719
73
702
492
150
676
262
733
755
816
60
256
671
545
823
136
805
162
688
29
209
359
582
394
347
379
401
45
62
533
259
369
361
641
558
279
125
745
121
354
78
617
159
825
222
349
405
322
343
750
595
77
759
53
311
308
217
654
153
249
325
164
72
725
315
206
791
473
520
231
386
127
530
301
202
644
67
599
789
189
537
366
798
362
662
764
86
512
35
609
719
765
611
259
458
497
672
65
507
629
533
248
334
761
615
493
12
143
102
56
813
49
339
559
796
293
712
485
465
20
324
177
591
457
578
772
286
745
417
613
420
453
517
424
280
139
743
478
238
802
823
473
773
248
460
386
232
440
639
609
405
535
533
759
30
707
251
199
506
103
724
304
804
562
677
171
778
366
643
622
456
808
621
84
117
260
244
105
1
291
797
448
493
30
162
36
244
3
692
606
142
168
163
322
818
333
138
196
578
388
387
100
600
545
229
698
545
717
756
131
170
445
502
801
177
107
532
40
392
434
276
742
208
267
436
45
398
805
223
511
490
119
53
573
414
266
159
314
454
373
322
350
713
91
48
518
803
144
541
711
146
687
688
141
178
745
351
439
248
642
239
163
752
456
187
582
245
159
65
214
484
380
386
731
96
153
154
788
550
111
714
347
228
722
168
508
648
370
196
469
619
135
209
486
481
624
711
326
612
533
58
64
815
649
496
745
674
788
358
653
658
412
603
518
182
19
252
803
419
195
75
752
544
501
482
335
665
341
93
679
532
3
505
360
345
381
408
555
214
550
286
227
328
823
616
2
703
704
574
503
244
680
54
637
825
717
402
717
103
725
628
324
82
134
740
217
218
56
530
554
574
489
689
406
767
741
380
499
311
826
7
244
369
369
414
735
448
681
168
569
264
472
82
714
410
415
523
62
709
14
247
52
525
182
513
557
730
215
505
310
417
275
462
306
747
652
657
268
604
9
778
227
680
524
560
321
478
26
772
53
134
769
413
170
778
18
373
611
526
422
577
552
404
609
708
41
240
381
712
106
403
648
507
809
316
14
146
472
208
639
381
712
295
649
784
657
122
257
752
733
310
518
555
617
29
410
779
359
670
515
452
432
715
156
4
257
71
103
158
9
282
355
597
761
304
169
93
474
640
382
186
651
451
119
51
698
180
718
401
189
723
824
96
385
223
126
668
361
806
272
460
183
165
159
324
638
785
455
808
782
37
563
700
137
543
51
116
786
795
2
744
237
648
297
219
109
363
89
504
771
107
502
19
720
453
146
745
742
433
636
373
656
551
29
116
553
135
380
655
152
620
359
426
497
575
54
688
337
753
800
577
755
32
646
649
539
159
784
269
603
523
274
316
629
607
679
469
642
406
84
63
740
608
545
262
369
748
225
407
423
538
234
564
217
378
101
777
621
509
111
610
86
739
497
794
281
635
418
494
474
119
339
432
348
218
631
634
96
228
680
263
715
637
25
401
776
606
360
272
738
399
109
279
104
8
366
521
621
715
491
642
532
36
129
798
717
684
82
274
253
117
507
828
620
323
729
372
775
525
179
230
543
638
261
456
399
80
425
593
10
184
477
544
803
656
630
811
22
258
585
469
280
660
49
534
621
118
371
34
454
331
481
506
133
616
54
353
374
303
386
289
795
183
319
441
797
1
44
120
818
250
291
774
357
4
617
531
344
734
501
736
562
314
38
667
116
823
265
586
415
684
772
684
636
767
121
683
240
36
213
795
628
692
83
206
14
425
16
316
572
758
721
605
110
208
225
112
704
155
533
744
517
692
196
422
385
774
533
672
92
820
538
75
198
434
180
576
38
17
572
533
232
396
473
748
287
47
237
348
453
761
423
827
123
468
525
689
492
596
710
552
225
102
622
454
752
153
358
147
572
372
260
666
315
27
526
736
777
408
224
647
242
423
592
423
62
28
190
207
744
31
294
466
605
373
779
309
778
550
485
735
489
466
111
658
696
155
828
316
524
248
773
671
296
237
420
377
618
199
336
824
313
335
530
686
689
234
345
781
656
370
629
287
668
396
474
145
226
555
607
36
407
528
473
569
745
810
534
21
592
615
701
358
378
430
793
470
720
144
399
597
447
476
426
665
471
442
816
647
691
435
800
391
629
491
321
34
294
683
325
314
5
293
766
538
526
380
509
556
262
255
220
394
507
603
423
574
138
453
589
296
352
740
702
643
333
203
619
488
293
501
32
527
591
120
780
161
167
490
450
172
445
452
33
711
20
508
732
248
360
116
339
300
633
687
61
203
412
612
458
483
456
821
382
558
417
813
175
815
548
464
216
111
606
652
752
106
6
459
431
440
578
143
730
48
187
760
181
556
509
792
408
800
617
517
199
463
552
131
106
473
779
824
764
550
169
273
702
465
791
726
99
184
701
431
153
769
551
408
155
354
605
712
60
89
451
72
288
681
183
681
426
671
74
141
561
640
801
717
624
393
806
177
158
18
111
392
753
370
312
147
157
712
570
699
162
462
548
13
273
407
657
120
395
595
446
650
120
302
496
568
716
289
3
534
718
736
79
474
490
220
309
476
487
289
745
810
761
768
19
747
618
484
65
585
683
285
475
610
357
359
520
828
357
407
286
300
99
615
224
199
770
744
510
464
418
337
30
639
506
805
525
254
261
623
646
250
125
347
737
146
535
576
160
166
740
291
635
486
499
83
72
298
780
356
55
21
332
671
296
132
535
184
177
277
114
448
46
678
765
22
434
170
204
823
738
393
489
632
553
496
232
752
676
338
302
767
481
538
515
161
602
422
138
683
815
543
92
354
635
774
350
580
300
778
711
510
31
712
130
274
615
24
767
632
265
547
405
422
272
362
254
757
669
675
308
716
822
407
124
825
114
94
764
537
552
143
664
704
20
116
489
403
166
309
342
19
782
513
716
665
39
822
263
677
514
621
568
751
735
352
22
561
483
116
352
731
114
344
777
256
370
106
799
598
58
251
731
68
76
402
395
601
86
282
184
13
304
305
677
555
604
671
246
488
771
716
119
158
237
374
487
51
820
646
647
16
468
588
125
84
42
636
237
202
533
368
520
790
260
35
701
643
230
819
736
604
332
525
329
162
679
75
553
328
636
562
133
247
829
108
138
298
292
448
512
207
33
238
778
590
789
471
196
176
253
774
319
270
371
339
254
6
594
87
270
98
818
625
62
392
722
164
24
656
335
330
394
418
72
501
448
406
744
1
96
450
6
95
235
564
292
716
697
512
311
320
512
50
94
49
590
188
805
828
816
603
745
644
129
587
14
816
424
479
63
547
186
773
752
631
820
191
420
511
290
292
148
580
265
357
752
453
276
393
616
55
93
685
312
463
775
111
108
12
342
791
823
246
491
546
797
339
156
267
222
312
829
451
539
14
212
369
672
645
346
739
149
537
370
772
201
649
515
660
393
714
710
582
511
657
656
724
685
616
523
256
467
790
249
507
733
247
367
159
134
158
488
267
607
169
771
143
697
179
617
181
577
127
40
333
411
99
420
626
466
274
613
523
55
220
480
54
599
357
731
9
371
364
611
331
362
428
199
818
130
228
87
810
579
179
32
411
828
804
82
335
271
176
609
460
430
289
615
615
223
708
690
504
328
41
547
477
553
618
394
643
507
779
327
360
334
770
150
576
155
511
413
710
4
714
575
68
349
260
612
289
328
67
729
542
254
577
456
55
537
119
750
54
812
515
589
367
125
619
630
451
733
499
531
559
778
361
702
605
10
63
605
342
429
345
638
47
456
662
293
509
418
98
465
10
368
622
80
290
604
599
381
149
305
208
175
501
168
727
362
669
195
2
605
610
559
723
488
553
359
576
272
487
817
439
736
753
620
92
732
118
430
208
688
71
811
825
231
399
114
434
773
296
807
578
286
6
70
223
251
223
597
830
108
467
286
669
654
512
218
248
590
384
204
297
209
434
94
208
493
659
255
294
397
47
101
728
648
334
790
437
202
216
738
4
84
632
800
662
744
327
584
490
255
193
138
822
39
595
257
376
70
531
127
740
97
340
748
386
668
148
364
383
22
103
581
233
209
489
630
273
57
749
743
770
511
515
746
14
454
736
555
454
323
488
27
668
688
159
418
507
35
208
234
111
800
579
271
528
211
27
306
819
127
518
184
405
791
194
413
112
31
99
342
629
672
815
386
440
116
63
404
667
510
99
18
544
445
177
324
639
827
498
536
830
292
497
261
402
820
251
377
691
371
481
153
599
471
619
390
716
278
14
553
207
623
808
416
21
253
280
743
157
730
132
489
565
525
459
1
315
555
41
483
597
325
649
316
313
355
151
814
458
299
223
489
527
223
670
249
782
151
156
513
91
362
681
743
422
656
802
426
122
335
778
276
712
284
498
746
236
335
202
750
206
157
521
425
109
287
132
694
298
177
300
456
280
704
42
423
256
475
47
782
577
666
349
548
387
577
355
703
247
175
794
463
60
630
372
679
162
324
685
86
468
436
556
293
680
289
790
628
551
476
786
2
679
223
562
80
806
156
131
45
424
828
753
782
622
654
411
583
168
213
190
246
217
591
48
812
370
727
227
433
442
516
673
628
667
684
463
608
469
372
648
793
257
7
563
715
131
283
305
305
756
803
680
822
167
442
498
272
390
712
316
790
338
366
609
655
71
114
395
331
6
361
364
47
393
479
476
138
715
401
777
644
586
107
795
11
122
98
376
616
447
473
522
749
333
90
797
588
413
316
177
749
497
163
518
168
421
486
5
384
20
157
592
556
810
373
378
387
656
663
235
551
88
253
161
360
100
33
322
666
447
520
556
420
791
3
355
20
405
726
65
126
50
815
558
390
604
293
699
395
458
7
386
137
380
786
454
202
17
543
363
46
40
237
303
509
590
570
788
739
36
735
824
728
188
545
770
635
577
666
826
164
730
234
657
357
363
322
633
204
223
540
735
478
58
822
81
237
709
294
96
201
405
435
482
152
714
763
688
334
475
162
143
745
793
202
435
689
691
217
824
153
752
371
287
31
421
325
79
745
747
4
715
325
623
561
253
218
666
779
396
810
71
74
508
648
783
88
103
359
100
624
351
437
216
670
210
219
608
645
241
633
178
125
491
392
394
181
57
184
195
716
705
184
537
282
653
444
408
176
202
722
485
409
275
638
456
33
423
563
530
287
432
145
344
829
667
800
505
66
156
103
291
293
284
592
151
611
460
243
675
697
76
211
469
522
754
111
404
819
207
582
728
785
308
332
112
402
492
273
204
188
339
351
312
824
588
402
745
189
643
374
58
499
305
244
781
73
647
714
418
508
677
789
613
283
442
439
813
798
323
355
664
45
543
703
493
715
47
389
275
619
798
278
573
559
194
182
282
384
711
159
732
213
66
21
310
310
787
564
585
108
756
271
95
652
35
435
69
223
641
69
48
268
614
411
644
743
733
777
67
390
542
365
126
204
221
513
544
56
38
547
748
429
610
397
724
760
138
10
179
490
87
315
507
204
769
21
709
77
762
177
379
513
550
468
17
332
73
13
75
135
819
48
604
440
540
231
738
120
98
648
528
198
92
355
666
510
33
727
504
788
824
282
7
271
87
469
432
249
608
210
427
427
302
486
810
61
249
680
178
623
98
813
214
87
486
582
287
344
487
517
106
481
381
325
577
323
543
670
387
373
561
442
244
550
137
599
823
176
478
527
172
405
457
701
588
784
203
111
243
383
772
192
545
10
180
333
733
125
381
504
436
330
134
320
487
603
185
549
669
537
435
637
384
342
592
430
261
693
579
195
553
95
32
148
105
761
725
165
213
827
794
453
120
203
331
271
193
67
759
356
371
548
695
619
472
25
125
525
554
779
168
761
8
765
50
331
75
657
98
730
722
719
690
259
563
365
211
671
117
508
207
90
581
361
651
294
735
439
70
750
829
759
641
184
49
46
133
234
693
452
265
193
268
698
414
512
760
86
474
385
707
603
390
737
417
349
722
791
273
496
597
213
193
185
554
366
290
115
784
291
74
643
485
466
519
13
335
789
463
669
784
17
489
687
804
236
801
628
199
519
408
307
174
574
300
464
655
8
650
79
372
434
469
338
726
791
637
127
707
439
271
36
137
108
475
251
692
646
315
737
800
205
211
780
489
711
729
755
456
801
823
169
378
827
739
90
243
652
822
218
342
56
773
336
735
335
494
244
460
459
245
799
31
94
30
394
625
634
548
315
375
314
234
103
730
374
757
309
378
145
434
212
76
231
512
365
56
292
529
620
789
104
601
208
393
488
384
496
599
220
456
295
254
450
350
777
720
707
784
792
327
13
104
426
336
374
455
517
148
547
162
780
149
562
644
517
559
708
78
208
125
576
673
247
430
591
274
509
226
452
794
10
341
521
234
276
106
94
227
293
29
432
727
478
493
407
257
70
118
669
256
536
760
287
753
731
422
766
438
624
91
647
541
189
146
570
141
329
444
686
666
198
667
417
744
271
649
616
43
327
799
155
57
171
794
28
574
544
608
401
718
638
9
277
745
131
808
231
113
124
294
768
58
140
586
274
718
383
360
50
121
636
320
656
561
432
372
241
688
342
60
207
454
21
795
100
100
403
460
366
671
576
679
693
157
228
300
545
781
646
142
555
439
553
673
222
474
674
612
746
728
622
777
203
274
559
425
709
672
451
806
489
255
516
655
562
323
647
41
113
151
429
542
501
595
292
719
377
704
36
664
447
73
723
81
291
583
349
144
737
570
362
621
763
362
39
18
553
301
589
589
634
382
700
288
765
741
331
705
20
152
279
282
58
521
674
17
330
704
711
430
357
260
712
382
102
234
411
619
703
236
559
61
317
499
462
433
466
293
496
164
823
722
455
625
699
605
555
695
405
666
583
640
737
653
797
792
291
679
792
784
160
152
526
331
176
440
640
732
453
67
162
268
268
287
341
483
413
70
441
379
31
300
823
268
719
437
75
436
395
555
44
727
736
514
370
55
772
237
666
555
501
393
825
544
750
141
44
214
242
235
807
314
53
715
194
149
126
482
226
170
77
289
4
32
668
622
2
762
303
501
348
208
5
319
732
450
397
654
177
157
772
448
255
53
803
606
65
609
203
493
701
315
601
61
769
283
792
753
171
483
219
211
406
790
481
461
359
61
753
12
313
385
668
65
771
349
296
765
400
253
636
28
748
616
405
716
304
26
35
551
539
401
150
709
701
428
270
516
607
187
451
255
810
514
770
682
792
31
411
535
447
568
84
9
488
525
388
421
61
330
89
1
233
244
821
460
822
170
812
142
297
31
93
336
409
568
458
450
480
169
749
370
735
402
629
34
661
587
650
492
426
289
609
546
379
514
117
361
368
84
691
94
662
396
683
721
19
664
382
553
106
362
121
723
513
29
718
62
602
822
582
28
566
458
322
723
82
449
287
370
242
544
82
482
285
324
585
399
334
221
319
706
169
74
721
332
540
550
330
111
714
772
427
242
757
565
336
421
656
19
760
563
110
387
509
477
99
666
782
499
412
172
411
427
268
296
657
320
691
230
432
248
303
566
245
102
138
27
214
9
765
102
254
750
143
403
493
444
122
100
715
809
638
193
404
188
554
102
739
604
585
610
558
209
309
244
246
198
427
535
673
42
10
312
31
770
187
659
691
40
124
234
140
608
566
238
337
243
509
53
322
2
522
634
109
155
375
381
159
72
113
641
71
63
72
331
430
615
779
680
135
357
152
301
538
394
637
510
762
759
444
667
701
759
722
161
292
470
554
434
365
490
64
792
20
789
128
108
217
64
350
544
395
494
781
568
218
51
15
560
221
763
33
667
587
284
500
782
793
719
104
467
390
387
812
273
251
624
434
73
753
788
248
137
546
111
59
684
211
787
673
300
295
301
112
305
580
288
543
637
269
656
100
443
329
408
236
369
359
441
68
766
206
492
14
244
138
480
810
503
329
13
85
277
260
708
203
532
255
129
120
99
701
346
282
72
819
448
485
388
297
571
36
515
466
516
39
732
777
199
681
28
333
689
383
613
686
793
764
155
125
526
485
629
532
725
203
568
165
461
378
809
204
748
519
153
201
215
63
12
469
90
751
212
163
506
660
366
464
360
85
576
68
500
535
759
200
145
411
427
295
476
473
658
382
822
241
560
518
309
799
292
466
394
633
122
385
408
384
714
724
365
379
694
556
642
651
337
636
372
7
207
464
521
567
760
69
394
687
431
824
97
392
282
118
588
528
461
730
22
176
25
210
605
757
540
737
596
254
481
449
348
53
254
287
178
544
718
592
42
440
626
164
309
599
189
674
551
114
408
818
744
287
656
259
112
63
313
187
59
411
616
651
724
602
717
583
80
408
527
286
489
152
795
576
563
80
185
528
371
688
818
515
530
558
534
199
458
291
182
386
417
383
255
288
771
90
762
166
540
116
596
638
220
589
271
655
343
272
351
718
301
308
58
362
646
579
198
399
327
320
59
643
659
712
212
73
616
106
408
782
367
667
226
395
728
807
296
691
290
629
795
288
662
546
266
259
66
677
111
830
528
702
298
799
80
534
522
119
49
526
747
631
240
623
538
4
486
633
488
142
529
73
23
340
462
384
466
670
633
725
330
810
228
224
275
489
646
540
682
207
92
535
43
788
326
449
134
475
477
20
320
565
35
154
12
806
131
736
203
555
759
582
131
461
760
188
227
562
18
575
463
408
69
765
540
829
369
157
252
450
255
665
712
278
194
767
20
237
229
386
397
511
57
386
556
56
638
329
333
46
204
411
532
587
104
638
567
212
725
721
315
170
378
246
755
770
736
506
66
249
217
12
219
700
249
618
347
729
89
740
593
817
142
30
651
174
567
61
706
462
76
547
674
374
336
507
530
652
52
120
321
468
148
630
54
399
760
404
469
201
784
506
16
666
562
569
303
176
520
772
222
577
351
25
439
445
98
57
534
259
434
807
180
744
614
184
45
698
223
250
105
658
445
607
647
306
160
64
579
295
151
718
820
411
103
587
183
786
174
735
190
465
259
733
245
218
719
182
281
694
381
483
287
482
274
136
134
401
325
579
190
191
383
258
1
349
33
633
422
647
115
3
601
414
274
53
307
727
259
17
102
618
814
55
500
230
190
448
474
111
88
216
268
320
192
114
537
72
370
762
353
575
640
344
535
513
546
477
673
637
706
512
460
147
332
477
525
631
826
47
554
524
495
28
155
613
578
19
704
286
555
304
713
485
649
116
564
268
594
515
671
457
380
655
405
351
780
627
746
580
115
375
531
226
817
445
214
558
458
769
332
587
722
176
6
228
534
147
85
494
525
689
184
200
626
713
107
11
204
767
71
622
663
329
206
768
493
222
297
171
617
806
157
668
749
673
696
314
199
762
815
623
255
429
126
607
305
162
707
418
795
16
668
205
703
118
604
211
74
14
513
43
477
449
412
612
74
447
774
468
300
781
266
148
1
135
385
692
785
714
516
359
238
762
782
189
336
312
361
297
323
253
800
279
212
317
289
485
613
280
297
283
14
55
494
172
200
819
737
388
589
275
698
355
575
705
56
34
642
675
378
689
693
357
793
380
134
730
593
794
778
212
181
668
129
315
351
322
98
516
563
637
230
629
489
824
123
290
138
701
95
15
548
244
156
765
559
106
273
59
568
470
206
245
434
289
256
176
765
312
630
100
444
58
157
161
677
56
352
729
145
360
393
259
687
781
140
754
124
755
9
369
791
250
635
667
647
556
179
533
560
703
718
505
597
668
285
394
358
717
100
41
377
385
221
735
501
3
220
645
469
50
563
827
599
125
683
133
185
234
286
816
603
582
463
116
266
644
803
72
7
767
190
746
730
382
444
429
591
286
63
212
357
24
99
551
463
811
704
597
799
232
373
752
336
783
641
759
795
689
103
514
604
451
258
608
699
486
755
536
153
389
464
676
522
454
286
514
1
826
817
341
550
527
825
513
244
537
437
704
310
190
619
271
98
300
61
257
475
61
630
482
45
743
736
487
608
284
603
278
318
59
619
612
430
755
127
675
408
287
420
697
195
428
113
190
445
336
795
414
298
532
321
148
754
69
483
292
145
236
227
48
120
375
436
667
179
145
418
390
403
629
232
147
384
327
395
422
324
585
624
101
282
719
40
813
492
669
608
591
679
789
267
316
205
19
683
92
80
820
255
255
314
789
263
99
732
244
325
256
779
323
661
140
597
363
28
173
442
298
316
190
216
196
263
156
468
69
214
332
771
628
541
774
256
691
345
411
310
289
564
502
380
234
261
59
761
407
129
256
299
490
174
356
340
231
162
228
580
105
757
367
406
394
432
419
717
112
20
583
403
653
623
237
741
572
370
201
231
518
359
819
330
33
319
556
91
347
576
376
639
263
232
695
571
155
207
812
765
16
266
139
175
448
95
790
225
455
51
219
643
653
78
304
104
334
32
403
551
329
743
425
257
5
52
75
563
417
626
458
653
37
673
43
825
786
161
7
376
79
352
747
126
346
777
239
464
808
656
473
92
282
772
206
644
24
796
562
664
524
80
155
322
26
324
568
766
240
667
54
756
68
658
120
659
272
125
326
604
823
4
755
128
437
706
361
499
292
535
178
758
333
642
248
53
562
280
490
497
168
154
499
241
307
115
204
648
38
21
329
365
533
60
42
551
787
152
230
802
373
364
429
213
10
601
46
720
762
628
312
463
771
590
595
723
699
490
368
377
110
752
281
326
272
449
710
375
253
284
432
247
33
69
380
690
260
681
531
708
559
238
391
321
543
561
707
87
382
207
661
209
356
727
557
44
49
770
341
759
105
572
683
499
59
68
804
816
192
210
607
35
656
235
755
397
603
104
556
50
559
100
69
100
596
807
820
719
186
733
782
488
239
382
397
102
259
124
743
333
514
635
427
138
461
548
415
254
204
269
45
551
755
432
286
256
143
153
57
639
552
253
68
376
46
180
249
251
652
688
438
588
349
643
355
217
127
784
36
465
225
102
625
773
695
721
239
14
104
479
552
279
318
772
643
538
28
60
811
242
309
203
292
465
224
493
634
524
164
75
802
700
14
669
308
527
480
658
253
773
576
380
758
91
222
428
445
763
392
446
763
486
565
57
543
235
574
243
124
122
503
653
172
524
362
611
689
719
611
214
205
808
560
684
207
624
830
537
92
666
765
392
537
137
667
253
654
597
162
413
461
283
695
670
814
637
434
815
145
425
383
680
461
215
33
283
327
414
285
326
415
408
73
335
624
347
578
539
413
825
532
253
430
371
289
254
39
538
69
370
286
179
173
762
106
612
432
276
552
467
678
35
683
24
796
51
257
224
251
256
348
193
72
407
213
612
556
789
705
153
551
755
233
669
429
124
717
39
255
281
9
226
133
388
755
256
8
386
10
145
681
166
372
147
393
678
586
329
771
590
739
593
246
510
591
815
139
556
3
176
406
712
66
631
550
789
694
303
604
726
531
642
796
457
382
600
32
728
163
485
826
318
435
728
275
495
62
431
531
257
603
770
323
635
524
419
556
771
413
217
652
263
33
119
395
798
176
813
148
280
408
206
636
627
490
210
302
262
611
105
791
656
475
576
605
518
394
33
516
80
188
165
572
239
87
141
473
811
639
390
77
348
1
218
701
583
531
225
52
575
12
578
719
253
393
170
636
766
168
754
654
652
725
310
14
488
18
65
448
567
66
159
387
433
558
540
131
480
687
222
167
724
296
479
642
320
72
693
21
707
533
295
556
228
596
335
633
300
829
397
437
175
7
68
9
315
140
627
565
765
50
810
669
674
87
681
51
577
315
293
557
304
614
253
333
360
729
240
711
564
256
123
618
231
828
462
663
584
606
453
760
38
332
326
139
316
179
172
348
24
353
136
89
480
785
779
797
369
506
50
522
41
496
685
814
1
25
386
135
367
699
53
720
438
10
663
816
22
124
71
554
305
577
483
405
53
221
174
25
473
446
154
407
562
713
323
511
281
91
730
324
747
175
225
386
716
427
357
277
505
331
255
116
787
138
645
717
271
487
570
798
111
688
484
715
291
225
54
335
538
512
809
657
484
348
356
357
441
320
126
804
367
245
476
433
567
481
535
652
704
226
436
822
418
582
9
825
650
477
669
45
302
330
820
675
202
293
177
445
131
278
422
627
94
551
227
442
801
110
97
437
161
127
383
510
110
611
363
52
614
494
36
419
380
563
552
638
230
173
744
685
60
251
686
259
772
499
127
287
570
626
726
57
124
499
110
155
162
476
801
638
769
244
825
650
429
387
406
148
356
263
347
30
107
343
90
419
153
604
249
377
252
572
777
430
378
609
329
178
309
253
263
360
2
765
188
715
761
656
635
512
420
406
371
24
617
615
248
43
538
37
585
19
521
23
553
586
146
240
796
314
155
706
223
595
263
55
654
573
676
764
399
355
678
740
101
164
775
57
413
601
11
91
178
97
139
235
166
720
545
678
432
434
499
484
716
626
724
325
652
342
238
588
661
10
202
376
261
420
443
671
526
717
575
213
581
310
816
315
528
555
821
127
223
233
279
114
122
474
29
60
6
717
565
564
429
559
92
649
200
572
605
272
334
315
624
290
614
325
829
112
803
349
109
417
195
628
744
829
128
808
163
700
397
435
101
786
302
255
221
121
379
272
554
218
455
8
118
538
222
775
424
513
121
757
223
215
708
162
668
329
332
347
602
342
424
306
780
261
111
147
712
95
822
710
140
711
563
493
280
112
121
466
562
448
690
567
503
195
698
663
341
817
425
185
312
82
407
172
622
600
136
284
23
491
143
27
339
308
88
521
736
190
814
578
75
332
522
274
286
510
694
797
75
420
558
526
813
237
595
276
308
512
146
620
505
552
720
529
156
664
275
598
68
135
545
789
435
285
715
549
418
21
669
748
554
44
598
427
554
510
682
557
409
399
285
202
353
378
425
377
463
773
664
810
645
321
244
829
70
119
660
525
121
146
552
432
154
385
402
362
549
253
570
581
321
429
757
618
655
576
292
311
701
693
168
811
173
564
218
494
359
553
125
764
68
732
124
498
20
702
670
432
504
276
12
731
177
489
24
357
36
670
34
403
94
758
592
405
745
51
270
483
453
94
697
531
52
204
751
335
125
84
714
404
601
645
57
11
268
263
519
48
479
766
660
593
212
410
200
655
115
738
300
771
626
491
651
550
192
302
512
763
375
739
675
826
442
700
283
801
490
640
446
156
126
457
337
208
155
334
621
554
279
492
730
152
149
134
314
568
6
823
830
637
57
395
624
164
149
432
340
652
172
742
386
501
6
601
11
98
641
375
4
48
192
356
587
470
120
514
465
131
40
730
420
94
703
413
345
160
342
692
818
331
422
244
243
278
190
607
240
767
298
207
470
289
639
10
204
383
666
656
232
373
540
362
482
797
768
458
417
560
255
164
630
277
279
429
811
436
253
627
78
2
426
525
151
732
433
308
417
563
75
663
169
119
820
688
357
679
794
481
496
440
96
42
472
681
436
324
100
113
53
191
730
488
4
565
540
693
549
379
309
134
547
364
795
819
461
283
741
386
380
443
596
302
276
622
504
683
241
762
635
665
758
788
27
278
92
48
115
241
673
811
354
119
693
610
621
147
602
608
268
786
173
13
164
327
746
112
66
580
633
175
684
666
305
467
225
27
829
358
461
285
642
648
145
56
62
72
663
69
515
547
315
276
735
758
177
607
43
237
729
753
469
26
524
450
459
589
240
111
591
768
743
350
463
578
502
288
655
231
94
51
787
708
771
22
603
577
667
458
783
355
723
48
829
240
709
357
509
217
247
442
566
259
749
430
120
518
196
290
573
717
683
57
806
496
276
605
293
790
248
201
301
283
195
129
628
556
393
130
164
539
12
822
607
321
345
21
88
197
748
397
186
549
469
739
284
123
197
798
251
783
180
246
498
286
186
683
411
528
61
805
624
742
397
726
637
803
8
220
423
402
652
764
562
435
194
744
574
609
475
416
107
753
803
501
41
618
441
611
708
778
291
764
574
804
391
189
98
781
445
156
79
563
730
30
59
3
580
555
242
383
470
784
702
607
682
759
493
789
193
608
128
624
193
655
385
69
139
543
521
23
267
758
32
49
796
17
489
189
516
765
67
7
801
27
97
592
408
711
248
741
731
97
352
164
140
463
513
16
487
321
592
151
270
563
590
115
707
664
433
501
12
219
493
302
41
684
237
155
99
730
100
220
49
763
598
460
349
662
765
314
301
347
414
311
170
599
760
66
14
222
236
177
53
822
348
172
769
89
151
390
149
434
510
133
606
557
643
20
156
583
501
160
136
123
543
222
9
346
725
187
512
60
477
591
608
59
561
710
229
228
435
593
733
345
546
804
383
23
52
488
501
14
733
547
33
490
733
630
596
146
138
808
41
648
471
541
513
308
389
238
180
221
695
353
522
189
598
680
249
723
552
72
810
215
827
327
43
690
248
368
624
233
626
796
478
378
201
714
206
15
169
724
642
273
195
750
127
455
68
596
498
211
636
679
231
770
363
184
79
550
667
139
283
295
826
150
491
430
251
289
523
396
725
349
133
596
799
393
13
264
730
76
544
445
693
552
764
470
550
478
515
816
431
521
671
826
646
44
218
728
292
233
290
341
236
724
557
211
158
248
773
257
168
421
714
432
246
533
549
753
406
51
394
389
384
753
42
441
253
487
3
373
773
481
43
320
91
345
280
357
409
499
699
493
340
135
167
213
750
57
205
472
105
219
366
71
309
525
200
626
785
347
341
427
612
95
373
421
214
688
248
140
689
682
401
470
223
758
146
488
165
446
36
408
759
142
790
195
5
273
358
344
57
195
466
113
793
455
205
575
138
205
563
202
297
426
383
269
319
251
761
406
826
502
255
786
464
137
825
692
539
78
356
326
487
824
594
265
810
627
447
449
600
526
770
594
492
164
218
661
173
1
693
284
632
371
466
193
155
237
377
498
323
349
830
803
363
137
16
703
618
667
80
353
255
299
633
94
269
814
478
829
95
216
152
399
453
826
509
204
434
792
721
353
33
392
244
430
506
537
656
351
236
556
130
30
225
462
459
446
635
508
680
373
345
654
700
154
394
751
101
681
378
753
370
125
385
27
711
662
352
309
789
295
562
25
743
148
257
802
336
151
599
119
350
391
31
692
372
746
364
77
492
417
400
665
602
588
557
67
45
155
536
492
702
22
111
596
137
771
787
466
551
64
219
780
287
455
156
578
55
629
427
746
101
679
191
142
725
721
59
745
484
638
268
467
617
338
147
264
44
61
699
812
738
65
391
815
153
763
774
241
279
197
41
539
661
488
417
222
705
646
127
268
757
173
626
190
214
179
305
801
379
222
302
88
442
356
620
767
604
266
508
579
511
576
655
136
308
818
810
527
754
591
418
92
419
200
203
6
796
316
60
805
362
80
417
759
731
42
541
449
302
671
571
709
17
16
299
623
806
193
245
122
111
113
739
516
301
267
450
351
77
583
285
765
670
466
369
286
519
444
437
242
274
496
62
746
696
601
617
477
59
346
786
534
645
615
208
64
798
454
54
397
368
142
315
691
349
281
725
692
641
265
76
44
629
444
542
67
225
229
498
132
340
374
357
284
508
76
686
91
294
203
120
765
315
605
164
516
527
431
741
167
655
607
452
541
69
473
72
557
199
700
677
114
354
690
209
743
184
245
478
272
722
496
127
402
143
433
376
607
71
366
161
211
813
336
270
626
790
586
680
728
236
355
473
501
534
550
808
743
307
350
665
690
557
724
800
182
131
315
287
121
505
437
259
149
457
31
662
7
103
427
214
282
351
542
764
453
456
703
723
389
187
819
408
75
811
37
369
469
193
558
291
332
271
504
242
447
239
541
713
525
776
283
37
405
344
411
145
581
778
618
777
587
706
596
186
356
494
382
493
147
151
110
393
327
280
396
535
776
790
626
146
724
435
209
622
250
197
477
824
435
389
185
634
772
403
554
531
506
166
450
6
476
477
719
27
249
455
737
443
232
293
679
149
504
526
723
695
426
47
479
40
120
746
718
7
228
818
212
192
205
53
150
797
35
584
317
489
229
287
536
726
351
680
610
400
406
520
491
691
299
66
270
543
584
648
569
99
670
767
749
383
214
117
563
246
607
608
447
408
43
82
447
252
292
565
3
399
589
828
114
526
161
748
257
45
585
276
697
724
743
666
33
760
728
537
821
562
810
613
710
16
471
136
764
710
619
150
655
657
263
498
525
586
84
335
499
135
342
482
336
36
577
48
375
162
805
555
545
532
504
567
9
724
454
100
269
800
503
676
619
185
777
772
352
112
47
486
452
492
694
645
322
526
148
186
327
435
242
622
569
569
600
350
153
476
289
711
559
229
648
593
272
323
244
519
441
32
41
278
159
67
93
364
512
293
17
178
695
809
461
442
230
424
659
203
805
91
30
752
453
757
232
82
147
636
657
495
455
730
639
270
216
766
150
355
780
793
198
351
151
168
240
247
796
474
762
207
111
260
573
400
98
59
15
641
569
500
10
497
276
31
659
804
475
729
113
649
396
468
288
711
211
497
575
266
356
656
767
131
602
703
521
113
577
471
396
1
90
762
523
496
631
613
480
437
359
216
438
458
484
507
663
591
634
578
559
698
342
536
571
712
110
180
825
404
296
614
646
544
711
66
368
560
555
506
353
462
710
553
168
696
341
64
400
326
395
313
491
605
326
614
736
438
363
89
61
232
403
324
318
663
316
121
703
124
565
807
669
136
792
290
622
511
822
764
43
565
658
337
712
678
106
528
504
797
525
234
98
736
199
620
255
97
328
70
516
619
706
40
478
502
158
281
527
334
750
271
409
340
14
741
424
786
474
20
127
627
475
337
770
167
718
333
796
32
197
590
754
823
165
249
378
484
401
565
36
645
598
124
80
823
146
236
34
206
416
180
18
561
468
822
460
480
225
128
696
558
39
103
726
357
279
315
449
172
28
281
619
574
142
810
92
804
238
58
704
325
792
486
277
250
785
611
250
629
96
437
421
521
776
155
335
828
792
505
578
412
224
48
525
189
35
580
175
232
186
12
428
101
677
490
155
827
722
531
231
476
115
167
34
301
247
352
718
166
824
226
642
386
169
732
197
122
536
569
315
79
669
407
51
814
425
546
297
592
530
214
11
1
703
521
58
50
771
352
16
411
299
636
411
720
102
168
799
825
76
692
671
114
7
211
481
436
420
26
397
398
31
631
16
496
11
584
281
608
370
309
671
481
63
785
459
440
607
166
400
121
528
358
305
711
610
56
514
449
178
309
356
502
650
468
343
192
45
537
826
243
771
425
512
405
141
653
460
650
657
468
613
234
705
610
450
778
39
583
305
218
487
695
504
453
237
799
808
280
260
561
410
166
706
204
614
689
825
344
627
827
90
363
631
411
89
559
156
431
717
799
429
352
363
549
224
342
327
553
222
156
149
356
118
433
615
1
725
387
184
610
444
36
181
508
606
404
311
172
770
24
459
289
180
474
419
251
657
107
229
317
131
779
313
703
570
265
220
151
749
312
363
647
731
352
313
191
579
386
285
624
255
21
481
444
520
118
275
805
139
540
249
169
597
424
153
362
165
604
47
715
357
695
324
440
602
127
198
295
233
161
702
587
195
707
431
35
239
494
512
115
202
5
153
112
582
121
694
794
548
78
138
341
530
305
658
316
592
45
118
496
635
304
567
478
404
4
741
707
828
609
451
96
627
427
366
404
819
607
511
802
106
639
626
319
309
371
820
508
807
537
716
362
74
566
676
166
312
240
222
386
61
640
216
158
455
148
772
500
212
613
781
218
560
306
206
398
656
557
794
432
99
520
167
284
154
684
801
747
616
99
575
690
130
58
615
649
519
682
355
21
807
179
281
335
717
688
557
93
466
274
818
454
664
117
482
762
40
189
760
664
550
512
640
64
683
420
181
586
325
3
791
285
734
33
689
731
644
96
479
575
268
341
297
632
353
742
331
337
799
677
442
85
80
804
394
159
345
484
727
155
111
36
435
162
653
195
196
782
584
264
792
116
120
129
89
581
320
16
84
298
813
796
137
644
18
513
508
676
472
772
249
762
713
42
36
224
24
701
500
524
287
386
195
264
191
389
353
483
681
411
452
587
611
487
646
176
338
87
338
563
816
667
530
812
659
444
582
215
261
551
17
140
366
470
623
701
338
656
506
163
619
714
37
823
478
431
614
709
526
214
548
655
407
552
465
244
748
72
636
795
5
767
24
156
100
110
257
814
438
453
80
536
682
679
753
475
719
742
379
481
533
211
247
736
825
641
27
731
283
546
244
825
302
557
14
417
819
438
487
601
618
136
495
680
495
686
354
770
649
392
806
550
164
266
512
421
601
432
737
447
141
296
673
690
810
715
646
223
458
747
137
345
684
337
26
749
25
462
793
351
807
130
254
391
54
179
234
749
219
6
232
588
108
141
430
514
425
686
795
442
340
168
743
260
254
446
199
719
215
615
177
611
324
98
318
59
418
356
181
180
722
535
252
316
261
204
766
802
514
84
133
365
807
327
600
200
354
339
754
567
291
476
100
634
344
230
488
404
49
768
455
515
123
331
487
768
649
293
222
211
637
525
178
14
683
308
734
830
576
441
143
311
396
270
3
307
268
380
818
786
274
373
537
502
243
697
205
421
237
326
464
684
799
717
8
343
423
116
294
299
154
26
766
642
432
395
131
283
362
291
114
465
258
562
116
3
297
211
604
706
251
151
129
267
378
647
288
520
150
279
427
744
371
642
564
680
575
485
288
679
643
642
169
83
179
138
164
757
665
98
440
65
350
620
437
255
711
146
115
233
110
714
81
816
701
394
34
26
69
73
793
508
39
200
438
36
800
322
352
790
661
187
609
456
823
801
342
199
519
334
8
764
64
349
234
382
161
593
107
381
477
387
702
826
646
185
8
353
354
734
718
250
464
221
149
732
719
566
251
683
629
373
548
696
492
94
230
118
239
493
630
594
362
828
469
38
423
380
464
622
763
536
689
676
18
561
67
666
351
825
113
493
432
56
554
20
736
304
387
790
744
460
543
526
409
680
39
798
317
326
467
782
242
486
324
162
300
638
430
644
218
573
403
380
245
565
372
162
757
383
111
266
396
499
248
693
265
10
800
452
297
365
367
571
455
285
96
387
311
240
559
9
734
685
393
769
544
27
302
114
821
52
97
618
62
82
637
168
438
271
404
345
622
719
301
685
278
341
32
129
560
592
774
501
96
670
170
310
87
452
396
703
347
805
377
300
165
630
84
522
76
88
827
656
315
107
575
25
772
822
671
264
724
310
746
71
522
359
751
650
498
646
466
750
184
161
815
403
142
645
184
305
84
383
275
610
168
299
562
483
726
680
165
739
365
458
573
673
488
100
4
476
775
670
619
154
52
399
735
795
822
531
821
827
338
662
786
258
330
716
560
133
43
419
291
403
336
687
239
804
351
608
625
734
715
87
364
431
426
414
348
492
365
676
406
174
419
491
551
536
461
662
827
86
772
780
396
299
16
59
65
416
257
671
320
296
778
774
53
713
166
552
349
393
48
675
411
186
554
650
781
110
574
581
305
667
404
118
390
577
758
735
137
158
525
781
176
700
712
763
393
147
777
24
17
441
500
248
664
390
415
10
255
680
497
110
231
601
135
683
165
627
260
465
370
692
214
303
527
135
266
109
47
498
82
484
291
141
395
713
447
663
400
604
219
258
351
344
257
823
571
349
244
265
530
785
541
262
256
512
72
31
20
254
42
435
74
460
543
30
96
718
590
53
32
296
101
301
782
763
100
308
391
307
536
155
405
154
73
732
396
441
203
545
288
489
333
321
534
631
641
591
185
532
28
522
154
711
363
357
794
635
33
162
711
150
246
562
587
806
76
48
683
57
110
9
602
502
637
360
511
94
346
755
26
794
759
675
697
726
33
152
303
422
358
757
593
257
650
665
171
425
454
773
146
356
807
76
199
429
706
182
318
86
682
740
610
55
481
36
75
764
526
229
397
602
73
294
568
101
274
500
798
401
394
677
622
180
444
216
377
27
605
441
24
199
387
782
426
724
158
757
528
82
568
675
287
113
111
685
192
443
467
644
278
538
186
508
365
105
87
808
238
112
224
470
752
467
754
365
778
388
33
391
466
78
100
629
438
205
486
615
58
110
20
428
225
699
636
676
801
498
435
744
743
742
287
668
379
30
134
460
438
188
164
162
545
165
303
613
624
38
346
401
500
364
284
779
619
422
492
700
674
766
286
670
473
351
664
804
670
196
272
751
337
635
19
2
643
248
171
508
360
111
61
577
357
723
682
314
803
9
326
744
169
238
8
418
51
278
98
77
360
183
367
68
63
429
220
746
701
10
340
636
499
664
264
241
107
44
412
483
626
584
380
398
18
689
166
107
243
784
190
687
612
687
149
460
364
293
747
813
416
672
41
68
394
722
285
784
539
127
51
598
101
60
276
91
199
541
205
758
632
6
812
624
539
658
302
514
53
741
674
655
601
20
121
585
337
273
550
342
266
225
433
436
344
703
317
46
738
107
351
37
578
87
183
825
227
568
92
157
398
349
228
169
639
740
476
51
508
35
520
427
566
381
348
260
643
788
630
465
742
600
105
739
587
437
704
224
568
70
16
722
194
438
125
444
398
524
808
773
25
638
346
91
40
81
748
369
632
651
291
27
15
410
305
306
610
234
414
746
800
105
82
429
551
124
164
691
10
412
94
705
507
259
384
36
773
199
770
534
135
626
601
628
212
594
2
298
197
614
435
167
373
737
99
495
379
117
85
122
812
364
471
58
180
120
329
438
27
353
38
83
257
796
562
65
76
395
666
494
424
795
466
425
52
398
406
444
64
550
554
667
618
445
75
240
252
566
89
305
324
379
742
703
520
37
653
54
807
514
680
53
160
141
209
750
606
447
272
44
181
125
397
697
298
781
823
752
362
453
295
93
544
399
268
744
82
559
411
313
315
583
530
38
520
168
809
819
9
212
373
431
561
577
226
675
181
682
383
715
160
135
731
321
408
329
415
385
651
394
774
638
493
75
590
588
430
784
68
105
828
635
62
6
5
725
613
497
703
721
360
293
186
116
63
202
300
127
454
133
316
138
766
62
332
557
484
274
309
141
648
55
783
135
633
186
438
176
337
786
651
497
418
74
603
343
222
355
117
498
125
381
579
563
687
312
487
48
429
107
649
244
181
236
315
381
19
517
397
536
800
541
172
593
89
371
583
155
195
792
583
261
230
789
370
697
232
16
299
438
812
159
295
311
66
402
158
240
144
314
29
435
50
699
180
456
459
203
65
368
164
16
584
1
630
43
598
135
653
750
311
69
739
547
527
168
421
600
443
731
580
2
314
209
789
408
682
202
638
782
259
3
394
359
744
328
677
357
689
562
415
506
187
396
568
509
540
249
537
542
319
674
202
269
112
404
814
216
434
57
158
386
341
516
446
311
487
118
15
751
344
497
622
383
242
203
253
643
276
296
12
481
560
241
265
103
118
273
135
552
21
659
739
668
519
65
425
153
560
433
254
168
68
477
457
401
548
826
318
611
75
709
426
357
19
343
778
569
764
524
18
572
738
749
171
36
59
703
742
282
229
628
298
109
539
443
293
706
698
365
111
674
401
708
77
105
750
523
536
152
287
274
470
593
364
353
30
235
700
664
739
699
30
610
115
486
329
392
661
681
212
293
333
258
21
585
746
641
233
772
545
415
484
565
635
81
304
350
623
817
732
763
718
377
504
160
523
337
186
430
295
464
375
12
155
329
727
536
118
372
651
8
829
277
522
703
548
183
227
125
195
752
87
217
223
111
666
111
717
315
257
544
319
489
337
827
163
210
174
692
155
336
293
669
212
629
40
286
213
810
763
29
748
209
615
134
23
757
806
297
522
397
712
139
383
808
678
624
693
792
543
601
273
144
508
194
524
548
42
628
500
494
596
733
174
713
344
266
323
498
596
662
39
423
289
315
119
723
134
180
394
826
392
335
241
78
402
186
44
3
10
590
756
801
185
31
185
436
499
196
638
533
257
376
169
385
409
330
75
615
237
641
735
520
590
507
35
458
132
63
723
418
58
435
90
228
504
589
510
673
418
693
391
123
545
12
9
328
554
747
153
714
179
784
374
754
77
450
66
721
358
608
476
328
784
530
232
15
676
568
517
470
769
462
402
394
501
250
43
659
384
726
704
158
459
325
631
296
64
829
590
764
435
333
61
752
325
681
448
91
245
138
617
678
193
807
99
338
79
167
559
83
818
60
46
280
606
94
163
20
544
121
372
342
575
427
556
632
415
753
130
125
718
514
746
291
117
211
216
609
532
776
414
403
182
370
411
756
493
342
527
13
114
270
795
191
812
251
580
43
395
535
721
610
98
560
587
244
119
722
444
650
463
274
559
591
97
287
30
721
670
707
698
394
647
816
69
33
672
420
515
499
169
40
415
298
159
82
681
389
152
639
448
625
531
42
237
756
803
480
339
598
588
483
276
326
702
467
111
172
790
776
713
747
718
236
314
242
638
374
391
17
731
433
772
472
775
667
722
548
534
764
470
818
637
602
750
83
698
416
401
169
209
124
209
310
411
172
584
332
560
647
80
382
459
369
377
89
526
577
181
404
42
374
399
296
824
284
679
714
502
535
769
397
525
742
663
84
503
134
206
118
739
801
493
621
748
603
792
313
627
583
330
606
510
29
161
748
808
409
340
24
728
434
384
595
295
268
680
757
153
614
724
413
756
230
759
795
161
612
177
78
616
470
185
548
723
70
435
231
219
478
790
624
643
658
256
350
293
539
571
28
252
782
529
476
453
307
35
692
735
813
65
658
67
801
650
323
758
458
766
745
296
348
393
244
167
450
608
306
693
156
548
488
537
386
466
210
642
280
3
163
85
712
160
579
444
177
470
97
223
410
704
733
87
330
653
565
482
25
137
6
473
765
394
421
494
322
797
87
265
456
340
253
655
153
186
108
563
157
227
291
647
60
376
171
450
410
803
509
42
503
412
485
708
589
662
563
5
760
176
327
355
428
68
28
706
30
131
786
36
370
226
225
277
257
52
11
421
544
213
364
641
353
70
223
70
708
364
553
766
473
111
111
685
444
88
119
388
311
14
615
701
80
469
57
753
94
587
535
154
341
636
104
455
224
1
221
555
540
436
453
574
682
785
349
735
202
279
734
341
539
602
627
516
335
649
765
728
748
749
764
450
309
527
87
550
388
696
366
155
151
613
493
90
748
594
699
751
428
602
266
370
802
547
449
283
712
507
371
9
458
778
179
807
655
717
515
702
587
236
137
471
751
610
154
787
271
130
523
395
547
776
300
98
138
103
337
769
215
486
507
275
174
244
30
337
290
166
659
540
422
405
417
372
321
77
23
100
285
385
443
522
341
235
523
135
187
703
775
771
340
584
65
793
154
345
435
102
382
522
149
399
577
315
741
531
70
324
732
295
781
477
411
697
449
390
74
754
449
286
603
661
185
504
498
325
77
696
430
797
659
72
328
127
36
123
550
795
791
694
127
471
323
662
603
592
234
480
52
49
589
708
329
143
616
117
522
733
702
610
456
453
332
753
1
81
81
661
270
651
722
325
484
471
724
312
714
647
805
347
413
22
49
348
276
366
380
78
255
108
664
127
10
523
494
820
570
487
51
463
213
282
341
405
584
588
78
554
370
767
437
429
814
178
380
2
367
384
289
355
491
45
705
366
182
697
268
731
160
760
724
187
536
792
232
752
743
548
43
26
340
139
81
649
141
456
758
474
152
112
784
461
193
40
6
264
818
248
72
178
327
642
482
189
566
212
799
383
610
154
150
387
264
498
456
812
79
471
754
89
677
583
16
244
526
275
333
531
538
718
646
582
749
604
128
511
695
649
678
44
783
740
379
333
601
544
319
765
526
800
452
595
561
729
2
373
183
244
459
86
568
372
498
537
728
94
214
765
667
160
4
446
752
769
550
532
703
546
203
335
504
101
104
692
680
347
827
204
611
66
716
468
366
771
749
584
768
321
159
682
292
555
304
81
38
359
446
597
547
754
708
86
45
703
311
694
738
81
630
411
38
283
788
413
481
470
44
607
110
655
475
79
388
271
227
760
606
107
169
820
304
496
725
39
212
829
672
809
435
775
183
740
443
605
780
46
97
273
634
603
242
81
206
608
638
631
596
377
802
827
68
458
394
771
778
807
146
378
58
590
594
79
4
596
447
428
341
39
642
356
819
411
105
14
250
696
569
443
438
418
62
244
42
712
610
88
142
368
769
524
808
768
721
828
690
159
548
95
770
507
733
643
759
631
602
698
799
771
782
803
167
106
287
74
263
222
800
408
686
129
93
177
235
55
197
493
660
181
444
398
491
268
649
85
607
821
148
775
329
710
195
112
399
425
37
617
458
469
444
302
187
222
163
294
13
776
147
518
589
614
295
234
811
529
126
135
676
33
85
540
529
148
264
750
522
584
377
768
151
598
285
364
816
95
456
240
189
601
398
338
59
337
660
772
245
267
289
183
34
629
406
587
383
44
711
124
289
663
471
163
281
211
73
195
193
827
63
331
97
136
3
429
176
181
707
662
284
80
445
596
11
810
56
419
651
798
426
491
407
85
480
433
751
713
512
373
125
65
818
325
427
642
688
451
656
269
757
673
420
617
542
488
598
356
650
405
747
524
733
408
334
78
25
85
372
207
697
273
588
35
798
473
608
639
419
25
272
61
643
456
517
266
118
29
607
622
3
517
302
60
136
6
592
424
577
370
775
414
138
395
62
141
329
581
242
274
421
484
461
9
54
652
308
284
355
804
170
398
390
689
192
126
190
139
141
95
473
365
493
646
658
194
224
779
657
649
275
778
428
6
705
106
78
591
258
267
397
48
770
290
715
512
259
421
369
577
369
130
107
643
650
417
543
285
808
120
373
308
366
498
643
378
246
634
90
813
572
782
694
235
160
544
805
400
25
416
198
508
300
453
141
297
546
302
785
708
426
114
707
260
691
263
543
819
209
310
564
303
326
239
130
765
516
335
562
257
644
32
182
590
756
182
424
440
478
202
722
738
351
375
354
757
322
703
526
479
215
596
392
9
808
752
822
243
73
207
20
577
788
30
320
390
447
739
146
245
796
757
96
786
225
464
710
277
769
152
255
176
804
528
572
684
356
547
64
281
703
146
184
296
261
765
5
755
265
487
573
24
487
2
573
581
613
474
304
718
292
222
378
392
456
556
315
589
753
310
633
225
444
536
470
398
73
530
72
215
377
332
200
758
468
531
701
296
254
246
92
810
387
790
442
670
584
514
324
579
183
492
811
535
229
789
54
130
673
630
784
505
634
805
599
730
169
358
44
248
100
576
659
660
255
84
139
748
689
553
242
33
122
561
444
664
297
49
559
736
729
57
465
598
367
273
515
638
193
261
709
176
603
593
325
155
539
653
747
439
387
821
691
205
318
250
617
309
560
134
614
199
143
128
77
267
160
625
586
133
481
234
472
254
479
95
723
339
211
671
534
221
43
698
825
488
25
436
402
589
217
368
73
540
741
63
588
231
602
238
458
819
291
610
787
7
691
7
644
147
685
450
701
502
223
258
808
184
797
811
72
84
338
288
60
607
334
133
632
504
438
127
431
253
351
692
92
246
49
531
500
722
632
346
185
729
358
213
21
812
73
216
31
445
332
661
675
44
536
221
718
759
422
533
723
234
759
426
393
301
639
83
243
474
785
4
142
55
525
81
59
808
501
147
830
268
493
341
454
277
42
332
23
609
706
158
768
301
373
794
392
49
763
485
252
408
679
137
659
284
478
640
114
54
422
396
176
441
528
804
478
222
631
503
115
589
136
760
658
713
679
203
585
681
407
532
638
726
575
563
118
656
805
234
506
115
175
387
134
282
475
368
617
141
713
687
452
3
57
127
802
623
514
79
465
540
133
700
793
721
357
706
764
356
698
819
251
152
203
108
620
418
75
11
103
447
460
86
662
417
634
647
263
440
564
475
192
805
462
418
311
76
206
672
587
83
240
53
678
589
219
56
369
24
379
23
384
75
247
77
272
653
198
423
305
395
700
7
693
772
600
551
603
735
778
157
98
343
79
514
399
178
369
189
102
193
806
376
609
550
755
642
265
763
138
821
574
263
548
61
432
374
96
545
766
109
148
96
35
696
706
433
708
319
559
86
429
698
292
253
791
285
576
487
512
104
470
818
416
229
387
373
205
430
99
773
773
725
211
516
206
819
595
178
7
640
467
770
15
63
651
568
484
676
91
391
426
44
593
346
473
406
220
820
59
410
823
495
783
789
544
809
595
207
623
812
250
320
675
511
433
794
440
132
167
446
241
41
233
466
361
462
740
235
427
508
443
524
686
243
529
820
12
711
49
402
305
406
187
181
828
802
262
133
73
640
471
125
317
165
273
372
20
247
516
91
99
772
475
294
90
313
732
673
394
814
417
630
412
233
290
620
696
458
525
748
94
691
440
48
772
247
310
243
217
697
473
121
309
549
706
768
617
814
40
785
19
810
244
440
82
483
381
821
311
451
537
606
604
604
814
100
173
675
401
800
480
113
812
265
731
757
605
117
573
541
373
800
122
540
410
28
395
730
113
130
628
684
273
638
740
122
322
310
380
345
145
641
776
71
21
326
229
680
337
823
465
379
609
111
205
618
24
483
155
731
294
624
732
292
407
556
204
208
612
596
411
667
330
457
182
21
524
450
551
309
555
429
196
780
535
428
139
705
604
2
666
418
805
777
60
648
726
40
649
487
220
683
774
449
814
295
639
804
338
372
9
791
148
604
520
31
195
379
212
14
392
644
688
429
537
52
333
246
817
475
625
369
818
588
756
529
766
640
404
703
8
275
36
358
639
52
679
329
678
678
43
436
782
390
232
583
283
687
197
188
417
517
228
602
543
707
469
612
486
799
786
183
642
627
707
364
712
593
601
550
626
659
17
188
420
397
27
187
579
28
489
517
614
434
108
421
667
603
707
308
366
708
349
814
362
99
236
755
385
735
408
817
140
692
779
23
177
512
291
644
608
295
247
381
388
194
242
261
658
226
321
743
665
791
333
531
726
212
407
353
496
106
581
610
7
666
158
312
603
738
611
351
785
170
383
432
809
620
357
89
256
767
384
267
467
447
685
207
735
663
768
819
401
665
759
248
341
126
342
513
357
670
643
26
450
616
748
664
495
537
775
607
560
772
451
639
517
397
388
421
581
114
252
259
436
566
304
43
4
334
596
577
42
787
230
765
223
544
821
635
697
316
408
360
58
333
18
715
90
562
787
206
105
368
648
171
734
396
492
366
303
137
118
734
476
448
452
506
33
495
123
36
629
3
466
352
208
569
626
521
727
240
169
296
592
325
244
224
761
93
246
633
807
647
762
102
3
431
593
525
212
270
780
364
314
155
205
22
260
44
583
544
167
788
774
735
102
117
280
656
759
117
91
465
421
803
827
667
139
806
665
333
746
561
473
680
437
273
771
534
47
9
9
543
149
561
133
804
285
438
683
285
269
155
180
142
778
96
800
554
125
274
700
136
240
569
632
472
393
642
7
42
348
36
304
266
91
379
57
721
262
299
185
496
291
523
197
649
99
186
568
760
202
791
265
451
289
520
241
382
518
25
308
638
697
452
615
45
450
552
697
738
152
101
730
560
555
690
769
617
261
445
797
434
2
638
337
300
738
552
431
117
621
520
608
749
633
203
319
231
101
97
713
257
561
152
23
818
275
416
566
122
575
709
85
268
143
589
341
337
188
115
705
17
116
238
160
783
814
402
512
792
467
296
22
73
284
505
28
114
21
469
123
183
423
185
795
242
78
556
505
417
746
111
475
93
804
22
693
557
67
449
219
214
17
367
771
559
817
469
462
738
812
107
530
734
411
592
333
514
385
44
404
269
688
252
198
137
366
81
343
202
355
491
106
405
583
173
628
674
696
694
796
654
145
103
828
270
297
232
310
443
62
791
767
454
437
817
185
677
551
135
46
641
440
732
534
179
477
606
607
761
747
700
326
412
485
262
386
630
58
237
318
304
418
49
367
288
424
400
87
262
652
221
535
727
615
703
327
321
35
558
763
390
455
372
113
199
724
403
37
116
393
556
225
64
398
232
561
403
508
702
130
788
210
422
755
293
736
534
592
830
546
311
739
488
301
763
585
686
508
171
73
811
23
732
49
534
455
340
14
46
175
784
213
109
569
642
429
412
184
53
492
728
553
62
139
18
763
182
397
765
823
360
569
130
326
120
440
684
315
749
517
450
512
182
500
452
189
443
517
160
418
245
89
821
802
821
149
407
266
566
28
488
311
502
476
225
251
548
510
672
291
434
665
767
250
266
191
160
109
132
769
335
356
677
348
168
715
302
205
430
439
807
238
71
74
423
438
759
391
803
481
176
445
89
265
222
658
163
150
256
557
331
523
431
425
607
287
624
217
625
481
363
243
537
309
776
790
242
816
269
436
650
141
517
720
87
307
586
805
160
217
389
149
160
187
164
257
318
530
486
101
452
628
227
791
290
709
383
88
63
160
210
513
584
400
371
686
561
115
23
609
437
280
286
556
652
448
798
647
326
386
636
454
619
238
64
733
792
139
427
789
274
442
490
425
333
117
121
111
300
426
236
550
50
557
206
582
69
486
134
136
192
823
150
141
702
216
497
827
74
524
271
558
738
146
681
301
508
318
819
525
574
43
377
384
602
210
709
416
269
175
350
622
816
476
703
412
313
687
474
644
231
102
114
230
135
8
408
393
804
390
732
76
735
754
291
161
14
20
694
171
671
460
534
35
193
383
70
173
703
349
728
310
678
29
257
801
502
442
335
319
700
130
514
435
482
534
278
54
628
102
485
326
200
323
456
266
263
562
445
557
66
611
294
219
607
114
417
669
562
780
794
779
755
501
453
401
537
764
580
572
365
33
222
158
103
735
132
327
602
290
326
630
453
186
617
685
470
590
312
17
587
275
479
467
402
679
316
404
410
267
470
631
335
77
250
720
195
340
623
282
84
265
57
560
337
546
291
486
219
617
372
368
418
774
503
372
711
214
675
518
54
723
80
222
353
344
81
8
547
566
157
415
604
72
711
526
710
216
229
299
446
276
449
589
413
780
622
799
346
153
27
388
696
643
34
673
279
106
706
627
526
614
804
348
452
375
790
723
300
225
56
420
289
754
288
375
58
139
562
132
823
766
794
12
660
671
683
723
787
416
687
455
161
602
768
811
204
297
120
699
620
547
296
242
603
229
468
252
603
56
47
83
666
58
734
18
36
748
675
31
173
296
63
272
624
627
53
115
512
810
27
799
341
435
265
101
586
286
700
155
324
652
650
585
729
602
317
217
96
740
151
606
275
153
277
388
392
62
579
112
50
249
184
26
684
366
76
143
205
144
817
457
759
282
795
203
62
704
177
796
79
390
309
690
655
36
570
463
132
349
530
283
629
756
493
587
170
28
634
207
636
627
652
69
804
651
249
270
592
168
389
141
276
114
615
647
630
245
7
203
721
522
809
369
377
554
20
203
273
679
594
653
140
614
102
244
211
634
261
352
12
523
508
336
594
755
499
158
554
822
244
536
680
330
140
262
750
451
447
524
341
330
108
589
14
384
470
428
174
347
504
760
252
712
417
613
572
274
580
440
122
71
411
792
476
37
501
326
730
390
280
322
464
224
562
264
82
811
698
573
32
522
814
99
760
144
462
190
7
710
826
742
42
550
72
543
100
329
695
103
201
696
142
152
705
398
168
213
369
413
266
537
577
486
672
205
452
214
802
695
696
556
742
291
523
70
557
200
500
295
789
565
720
3
93
274
167
625
162
221
114
386
454
48
220
578
185
440
631
171
7
167
64
190
38
48
333
85
10
808
104
454
640
312
715
631
829
814
497
344
342
711
485
572
545
488
629
470
25
186
349
665
165
288
116
457
273
314
704
154
107
557
631
795
638
703
815
132
76
142
224
442
139
763
597
242
363
660
194
116
717
230
61
732
487
740
565
166
193
407
432
110
29
445
338
627
608
551
606
96
583
724
318
218
636
563
173
629
452
468
137
370
770
399
580
581
164
776
258
303
483
234
237
596
254
778
76
403
520
556
678
175
517
367
301
815
615
564
4
431
579
540
824
344
566
727
19
467
39
721
480
57
212
368
345
566
717
10
470
636
63
471
559
206
369
17
820
514
307
289
168
631
693
117
348
314
455
593
489
284
727
504
146
30
401
229
330
802
216
627
607
822
544
770
544
343
137
349
448
575
136
606
435
358
22
196
25
260
64
540
499
18
275
695
825
499
428
676
559
256
217
8
208
285
551
670
41
615
494
517
113
761
789
390
717
783
538
349
210
825
583
613
224
449
247
294
591
574
818
821
273
108
801
56
211
117
82
108
768
338
207
349
30
641
512
18
605
8
576
479
336
378
302
524
787
179
543
802
278
517
239
414
530
51
656
497
9
482
482
311
291
284
512
548
150
661
357
159
643
725
679
344
124
207
566
470
364
91
167
781
342
50
305
597
125
518
646
260
461
561
55
233
409
322
109
683
167
242
360
547
275
246
272
137
76
78
711
385
697
613
5
236
303
713
200
140
372
138
403
657
544
64
435
240
197
754
762
159
118
507
333
799
557
531
280
653
41
248
797
60
140
94
77
441
378
30
49
43
83
506
241
174
102
85
235
274
529
480
525
196
127
434
211
615
769
41
819
659
303
269
251
572
707
580
80
440
322
329
571
288
218
179
30
480
395
821
120
296
272
815
143
808
144
92
621
210
822
338
746
643
105
111
492
709
181
31
550
551
487
377
815
122
470
273
48
528
783
695
646
414
319
17
409
6
798
200
622
369
27
61
745
649
238
363
116
315
730
197
116
318
127
661
92
768
425
11
559
514
725
694
288
303
788
757
536
685
571
215
220
402
267
829
134
558
670
241
148
112
89
806
235
175
562
564
480
534
63
21
628
566
114
177
231
165
547
265
735
353
357
130
773
323
456
172
123
407
739
195
442
190
114
650
356
317
205
777
572
657
366
760
716
247
376
555
375
399
330
333
649
392
547
616
817
398
709
19
724
805
207
31
337
420
222
460
396
270
604
6
809
786
414
484
740
785
606
759
791
131
821
371
676
441
225
196
466
93
574
463
644
342
70
801
84
745
483
660
514
51
471
11
515
685
652
181
365
428
133
823
17
713
67
566
765
631
380
744
140
288
780
346
617
593
9
35
818
496
251
785
344
826
488
321
374
824
174
225
469
353
531
593
278
536
594
466
602
379
620
512
702
377
131
68
755
358
636
675
797
701
199
775
542
95
395
722
292
50
793
349
222
413
535
687
361
25
77
180
594
170
550
541
824
501
228
614
645
74
827
684
105
381
92
505
106
99
236
650
210
653
381
583
756
353
667
447
177
659
259
611
456
687
544
409
800
528
142
657
270
578
632
565
290
423
184
237
639
714
396
261
16
765
605
485
515
101
411
323
588
370
337
432
401
300
110
624
429
388
161
127
618
406
419
438
21
716
445
10
621
285
684
633
479
783
33
232
802
620
220
55
358
555
246
172
117
507
426
342
726
683
723
201
492
341
438
635
264
700
263
53
262
363
242
366
809
609
295
616
2
251
744
549
734
400
309
206
797
104
383
125
787
495
544
370
483
165
244
765
777
300
48
58
252
605
192
823
321
257
513
748
247
446
552
489
563
191
190
488
94
283
557
441
486
713
162
494
238
670
580
303
313
433
770
92
340
207
658
694
105
267
60
145
223
436
150
374
54
186
143
155
234
510
261
271
618
106
428
803
484
595
76
638
733
165
578
69
616
644
388
486
551
829
814
249
802
91
444
478
8
322
56
726
6
193
370
205
25
493
204
339
204
298
728
136
63
327
305
515
272
164
613
315
60
680
493
171
219
512
152
287
366
619
252
66
38
117
19
285
359
702
515
156
638
427
186
388
131
148
1
432
422
152
661
475
616
440
770
419
530
434
663
110
758
599
384
319
237
509
207
380
815
132
822
37
290
430
68
723
145
291
651
260
389
562
705
627
40
215
421
544
652
15
400
525
746
730
617
592
458
483
705
295
573
730
643
661
454
250
314
390
718
196
67
624
721
518
250
339
421
434
565
804
149
618
450
677
431
656
94
382
411
710
492
455
79
685
124
125
97
437
269
756
430
624
797
171
74
156
209
172
758
540
798
349
226
743
261
622
722
227
521
272
34
700
337
311
705
653
339
331
177
186
699
733
238
440
532
460
775
436
203
569
564
67
471
729
297
185
67
220
360
708
196
342
38
362
201
676
210
769
674
3
65
517
813
606
208
41
398
195
391
349
577
105
645
208
527
474
487
653
235
389
223
200
415
55
432
710
516
580
621
143
367
663
169
134
396
557
639
543
698
753
407
692
792
119
423
447
133
694
560
390
386
573
540
135
54
496
565
408
22
830
596
37
749
247
171
564
617
726
97
827
61
482
242
31
69
229
282
351
543
184
751
715
66
36
108
301
320
607
226
778
790
122
218
623
71
347
772
45
452
538
619
764
648
707
40
421
130
684
71
50
412
396
314
774
265
164
251
766
122
464
811
301
361
247
257
509
799
783
713
66
72
294
501
269
812
131
818
508
542
214
289
271
318
262
102
730
226
473
498
692
283
95
118
799
495
270
306
663
714
685
817
185
365
751
685
457
189
134
403
439
602
94
711
300
449
534
118
636
788
784
756
548
768
745
333
194
541
295
461
440
282
439
777
600
267
401
364
492
219
86
486
744
201
561
416
53
798
607
289
591
125
750
442
118
781
24
43
819
806
692
641
576
659
498
760
92
654
686
130
3
12
162
18
656
285
674
403
555
283
412
518
472
136
123
778
219
179
252
760
160
555
116
751
174
571
569
714
321
104
414
667
312
136
593
632
378
35
807
664
549
162
426
239
31
174
210
508
551
765
379
529
295
44
431
453
273
474
353
283
430
337
285
628
532
728
641
577
501
336
52
19
52
384
559
148
785
550
425
809
654
337
752
411
535
723
716
230
650
86
289
627
183
455
641
756
369
536
424
495
671
403
20
531
106
351
820
213
592
68
300
218
440
186
552
251
798
409
379
211
433
90
716
429
502
423
740
717
104
475
351
795
632
130
73
32
700
763
144
58
132
175
618
562
813
253
244
490
23
475
162
631
149
22
183
151
266
448
810
744
608
132
385
508
699
761
747
11
644
356
32
792
810
255
605
724
370
246
127
498
581
756
653
180
364
627
726
787
599
701
424
584
121
173
501
364
271
768
46
25
371
561
3
177
122
482
1
361
773
201
111
47
693
55
491
84
661
227
17
121
530
768
254
129
273
24
426
240
347
814
829
208
448
595
740
604
565
468
498
227
606
669
588
44
76
420
149
397
510
481
661
167
7
200
775
79
555
705
729
268
488
752
549
772
18
771
780
165
524
468
211
31
65
368
347
758
258
516
761
701
258
47
133
619
249
374
266
112
115
773
787
347
718
317
580
775
105
376
286
228
36
240
607
687
207
811
462
181
619
194
696
758
15
697
576
325
14
201
670
14
44
710
246
773
259
558
289
598
700
614
20
442
676
258
778
123
428
618
119
69
487
585
250
529
147
710
17
203
828
728
69
180
116
462
807
665
231
219
30
473
289
298
70
39
42
133
223
70
619
390
93
377
722
166
309
370
660
717
17
328
688
88
341
615
431
594
481
53
517
344
90
153
478
76
420
403
827
204
8
649
340
479
304
75
637
803
679
583
753
720
347
95
223
432
676
708
767
141
591
526
68
775
646
383
771
628
546
330
416
228
778
132
150
107
671
762
815
69
628
596
308
427
657
120
574
216
470
676
360
490
808
717
595
19
7
348
625
673
271
89
561
512
131
425
368
180
95
366
634
90
205
675
640
409
237
541
140
479
554
103
410
448
752
643
405
787
598
393
788
386
801
635
481
348
342
418
201
667
276
208
362
483
681
196
101
701
197
365
7
110
752
552
218
191
293
193
529
811
672
587
177
445
92
805
432
200
695
708
501
300
352
292
404
470
429
266
645
545
250
96
414
378
334
144
621
7
414
231
136
789
371
512
523
762
618
770
579
829
645
539
772
258
296
460
653
396
179
565
501
689
351
176
781
315
206
500
315
616
227
708
101
444
411
487
687
298
638
76
809
646
48
744
394
224
664
164
542
9
461
255
197
515
283
479
248
523
762
613
514
429
723
336
564
784
582
391
536
25
640
779
382
272
253
190
604
40
100
493
307
482
569
805
427
769
729
50
303
651
512
328
815
413
202
393
47
193
293
665
72
742
175
556
521
85
811
377
635
800
695
77
411
146
132
641
439
191
801
521
358
58
150
246
280
751
391
672
411
153
415
395
678
364
212
96
587
89
373
490
149
340
735
403
659
805
83
310
62
723
439
479
493
578
176
70
279
84
753
694
78
679
24
270
333
491
727
68
580
125
554
167
388
740
495
377
623
518
410
39
331
422
693
366
736
249
600
410
34
499
790
582
544
304
497
199
271
232
403
747
414
660
557
599
460
16
96
433
60
736
315
332
515
226
408
568
790
506
383
14
91
67
653
162
189
264
792
128
419
436
331
462
244
515
208
829
330
816
443
100
238
109
480
110
148
51
176
235
240
654
121
627
357
795
794
551
513
56
374
44
210
104
175
343
220
133
57
319
242
676
797
8
483
322
66
586
207
536
679
723
735
588
724
817
260
772
484
178
107
633
520
692
83
680
399
700
164
462
642
391
805
557
599
617
213
482
219
827
464
112
785
524
46
459
521
825
36
787
231
138
336
342
578
292
402
703
342
360
148
494
539
340
620
294
148
515
759
820
626
503
801
310
780
632
341
830
105
215
810
427
821
785
70
305
752
124
721
553
452
150
261
316
300
387
168
503
587
661
318
741
830
636
283
683
84
99
489
114
490
634
627
23
726
498
371
393
412
143
558
268
570
456
519
473
828
433
131
402
792
316
395
88
498
706
679
238
7
56
601
16
766
541
416
195
117
129
33
684
821
147
729
699
278
538
285
85
417
135
443
225
692
26
394
69
578
826
337
89
292
815
509
82
30
530
599
155
685
615
46
223
528
12
246
639
449
780
82
150
828
471
736
459
143
162
140
419
514
194
518
382
573
673
116
194
779
428
252
704
633
413
275
527
127
778
766
753
526
594
472
439
768
508
527
291
605
232
757
38
371
4
375
667
178
828
666
340
173
77
504
775
405
634
147
377
812
76
197
310
475
330
59
72
629
459
271
803
337
463
636
4
612
631
520
55
598
689
547
653
684
470
771
513
575
201
121
743
399
487
66
590
376
432
512
100
760
356
318
418
4
487
491
334
514
370
807
405
784
560
428
583
182
275
763
675
1
647
801
53
686
88
93
369
510
81
435
557
682
528
378
62
44
197
303
25
649
463
377
311
152
714
762
258
500
350
570
361
209
81
608
85
821
383
168
745
498
675
140
68
787
302
259
233
424
66
194
344
93
536
713
820
16
339
226
340
72
591
173
593
44
154
660
53
212
181
825
266
482
652
465
712
760
443
660
153
60
524
694
707
628
547
628
683
664
262
689
587
661
126
491
479
779
54
508
438
616
815
578
211
169
802
532
775
209
562
297
715
249
674
104
798
653
402
444
314
338
808
791
157
607
257
620
353
578
727
541
757
478
638
449
22
288
595
343
478
212
336
773
498
2
330
803
644
159
342
76
130
447
691
531
84
297
672
499
44
319
587
332
390
545
717
368
181
371
550
196
410
100
193
812
502
208
494
54
503
696
264
145
565
636
45
349
350
781
754
772
501
128
296
33
61
118
678
313
291
733
495
8
503
628
496
598
592
477
715
398
476
667
757
68
707
153
700
65
371
211
287
121
299
685
513
89
487
553
278
620
236
395
398
412
208
522
666
167
534
97
537
384
687
568
720
284
532
603
668
735
310
510
313
362
178
346
112
335
536
162
451
691
567
139
21
191
101
96
414
721
264
738
3
333
827
130
608
472
681
295
478
335
115
93
332
91
294
451
84
447
800
367
495
590
477
458
619
141
202
345
202
533
645
676
258
192
4
59
594
284
127
646
156
440
357
703
305
432
695
521
619
765
93
399
41
48
443
408
574
404
353
507
424
240
207
254
285
722
431
44
338
616
255
540
546
591
425
12
99
116
344
655
354
410
35
92
499
348
696
30
528
257
419
751
562
427
657
688
453
321
43
54
757
227
642
536
538
399
42
237
177
20
311
510
43
707
642
163
227
700
474
598
437
532
518
428
725
209
621
430
641
164
471
800
312
545
627
409
201
218
221
36
721
29
312
822
88
760
246
234
750
711
145
346
269
273
79
531
256
349
717
666
474
83
466
86
113
513
568
645
499
481
101
201
660
234
379
35
232
117
558
591
534
331
563
512
194
800
140
146
301
384
450
226
733
812
332
199
185
508
387
730
574
516
498
805
566
253
310
762
802
665
713
653
446
728
596
356
830
251
373
76
156
353
147
166
348
440
587
103
804
599
212
261
267
299
496
393
313
641
51
487
789
279
72
313
567
38
434
623
507
511
437
166
517
719
716
168
487
437
313
680
648
702
365
506
572
149
670
139
571
231
611
678
468
273
216
285
405
129
42
358
75
789
206
119
266
129
369
14
781
118
803
513
528
782
615
313
317
159
290
723
216
106
772
265
374
379
646
60
656
558
541
189
695
765
651
600
386
624
659
211
718
416
511
80
50
643
273
45
758
568
346
513
250
677
739
443
778
95
790
182
802
92
496
649
175
380
234
490
716
309
81
16
704
13
24
398
198
796
490
765
576
39
24
770
475
495
399
220
395
510
830
51
114
439
8
157
802
654
435
24
573
350
290
455
596
562
633
290
348
595
697
400
758
296
704
360
607
576
802
402
6
162
386
106
276
722
756
233
461
152
681
388
617
227
276
701
738
97
757
737
586
509
361
473
101
727
707
615
809
103
53
444
768
33
546
100
198
823
635
626
60
6
687
93
184
503
116
273
552
211
430
651
488
462
732
760
192
429
418
24
312
656
121
254
530
288
620
306
516
727
128
262
300
432
641
498
24
292
586
121
284
144
13
196
191
332
59
726
430
524
459
2
54
7
738
429
90
468
676
333
678
796
581
466
524
627
222
576
445
219
50
547
121
264
34
753
778
186
228
286
829
420
655
770
800
209
745
510
229
570
693
621
98
433
47
694
491
429
420
543
380
44
360
817
427
739
189
306
379
11
490
28
329
651
616
815
567
629
411
805
364
271
688
769
106
218
741
650
65
677
650
112
210
543
160
419
81
708
685
538
800
311
63
182
632
591
732
604
736
317
156
314
668
154
694
664
121
35
446
497
321
148
366
73
628
76
43
772
161
454
682
204
55
777
447
86
706
677
314
231
252
401
202
113
416
682
230
361
425
195
788
693
269
382
663
91
213
514
803
813
293
645
562
446
199
55
58
494
636
531
755
773
206
38
550
194
316
343
3
225
362
665
126
668
761
517
676
306
308
72
584
467
822
392
501
99
626
159
320
498
459
406
750
643
751
159
251
688
19
371
663
245
372
539
210
382
770
441
230
376
181
528
701
660
227
578
757
251
587
261
318
90
542
760
574
720
170
110
301
29
666
151
456
102
393
795
75
324
388
494
613
643
597
319
147
97
301
477
579
564
763
719
69
227
278
161
135
94
527
585
176
109
270
386
20
179
155
567
790
616
271
51
173
383
553
664
290
745
596
243
344
315
31
202
671
282
815
467
403
708
467
119
331
222
600
788
803
704
415
530
704
485
819
231
261
710
476
803
640
128
755
813
72
500
201
122
457
94
172
201
111
726
544
14
34
496
297
97
175
766
232
121
817
451
418
79
156
703
766
173
665
156
238
745
506
613
440
290
294
773
205
816
379
749
522
648
42
573
750
754
461
803
159
775
165
443
700
389
585
130
396
631
561
479
522
427
165
585
135
695
513
505
363
366
518
747
630
677
827
764
67
66
624
89
516
400
191
830
523
654
580
604
376
81
290
569
300
322
73
808
366
316
656
134
290
319
140
830
555
350
722
453
592
277
566
173
438
61
39
589
390
647
399
26
183
299
551
125
89
138
602
544
771
151
661
171
599
296
30
225
141
471
580
125
260
586
782
117
435
476
570
184
523
87
145
546
592
459
738
117
199
435
694
522
191
745
283
602
174
817
163
305
546
171
566
639
319
402
313
476
209
788
620
687
426
544
411
532
373
756
638
830
361
344
310
52
822
355
560
339
561
95
442
569
198
68
633
162
589
90
370
623
168
523
94
567
343
321
202
466
687
109
407
380
742
531
561
109
783
86
521
791
812
827
799
160
213
770
21
139
34
24
714
212
84
267
383
298
449
488
779
194
267
21
274
110
163
607
164
11
721
590
96
410
385
617
319
153
265
56
36
795
324
266
643
700
571
541
403
665
556
78
799
673
745
136
37
616
619
15
113
472
701
438
150
104
591
615
208
372
278
681
340
641
624
523
773
106
608
172
73
825
776
682
311
537
35
465
249
767
406
623
32
593
82
449
713
429
563
648
26
51
554
310
600
738
816
10
451
246
409
576
611
351
260
498
271
651
759
79
43
682
551
289
185
664
76
738
590
381
611
588
380
96
483
253
205
419
377
511
680
593
508
813
549
465
541
17
396
217
681
484
399
393
816
710
149
161
448
150
455
225
817
771
377
490
339
499
168
110
658
383
619
479
427
217
654
671
373
295
12
594
165
124
394
310
130
739
117
533
164
242
427
753
274
448
142
678
713
55
591
70
190
621
457
434
102
783
498
10
182
686
612
217
268
634
577
436
381
711
485
356
30
811
514
180
83
762
409
528
123
380
140
551
734
1
339
282
311
633
600
786
654
718
597
505
785
316
615
571
298
540
554
771
424
57
762
57
694
330
592
106
626
715
363
205
10
591
393
522
264
656
87
575
426
795
569
31
668
662
732
43
589
751
232
714
469
54
34
608
13
52
182
412
298
313
375
241
193
435
446
429
405
741
544
373
230
435
675
472
553
389
376
491
317
735
782
369
396
42
384
645
376
150
343
780
90
118
273
799
410
147
672
392
415
564
573
704
405
426
637
200
62
127
441
153
360
822
801
794
761
21
547
487
54
736
591
452
306
109
120
740
698
534
656
457
772
25
532
513
611
331
697
244
200
629
372
159
37
316
761
373
193
455
539
688
312
632
256
503
736
64
280
185
253
685
218
578
810
600
109
711
542
692
759
402
595
154
438
771
12
144
227
402
668
105
296
715
761
25
496
303
268
643
772
376
690
744
234
802
125
448
406
123
402
607
168
400
25
204
233
609
829
324
343
585
463
115
592
746
418
765
122
476
4
245
294
695
420
164
33
533
180
697
703
19
286
81
131
638
49
225
357
238
651
451
645
397
6
445
320
303
228
663
455
708
35
657
582
569
550
496
330
213
142
105
314
654
642
28
408
405
76
159
557
515
213
452
364
393
456
497
362
207
553
9
108
204
450
504
78
188
508
89
58
588
768
706
382
13
722
515
616
716
160
715
274
246
785
787
135
46
333
598
610
341
559
141
559
384
61
295
330
721
116
548
612
583
776
627
400
779
34
34
76
559
733
723
342
6
827
261
365
541
544
68
101
65
27
159
407
80
117
695
706
27
151
23
349
118
619
93
818
60
743
674
777
600
817
374
692
350
772
554
191
12
667
592
53
554
112
583
718
89
265
473
800
276
523
496
669
440
567
800
371
488
324
240
174
154
148
763
425
142
158
762
754
602
664
367
171
152
393
376
469
219
291
540
424
568
482
471
464
535
444
624
786
273
79
298
83
737
271
243
505
113
205
301
597
598
86
78
643
31
153
190
703
290
741
794
127
280
592
826
169
337
376
8
697
77
293
310
808
434
648
621
84
310
683
322
229
629
329
630
130
298
258
291
412
587
401
338
194
357
21
457
618
572
244
781
741
651
458
390
291
687
379
466
717
339
717
813
726
649
466
509
134
701
802
405
743
307
275
787
397
800
159
321
508
789
485
199
194
560
211
132
194
114
623
225
563
468
315
593
147
367
733
164
90
163
300
4
825
225
3
734
373
111
582
795
466
356
784
495
9
138
427
738
522
389
649
720
520
35
103
589
44
727
483
444
204
317
281
266
132
704
511
436
175
463
426
550
813
293
187
639
544
537
220
367
371
529
584
16
505
421
617
499
611
793
15
627
346
528
7
345
683
734
53
197
178
300
588
46
681
648
369
211
411
462
688
345
313
192
252
473
447
602
764
780
460
720
519
706
110
311
660
134
254
409
357
227
783
206
104
540
105
501
56
810
732
819
414
571
801
539
815
706
361
540
748
474
276
501
622
624
599
739
529
524
128
484
343
817
575
345
533
269
283
62
529
440
583
324
264
359
348
481
152
395
144
522
502
469
813
227
342
541
542
126
613
592
147
704
244
618
393
328
359
800
361
566
118
318
823
331
796
657
205
284
528
136
584
220
483
558
643
148
159
684
802
677
326
565
730
541
452
141
799
343
409
211
401
617
743
491
237
530
819
830
264
799
425
524
627
616
746
66
426
30
414
458
623
776
630
34
662
678
714
454
725
165
383
122
73
288
401
463
260
400
573
586
223
749
10
615
85
303
357
569
745
269
642
613
224
540
798
169
261
162
739
453
730
361
499
818
283
431
106
477
183
618
87
184
88
296
247
50
815
720
731
612
507
248
84
829
581
260
769
10
464
177
241
90
783
16
278
325
535
519
8
611
739
169
168
781
99
562
376
803
314
810
582
645
326
163
723
638
206
91
415
197
499
512
189
813
721
33
250
476
686
176
458
691
460
272
416
700
757
528
497
341
579
713
310
26
34
43
362
429
543
792
582
489
153
773
330
770
483
368
289
8
430
185
313
532
25
626
632
336
808
411
742
677
56
318
268
242
818
762
782
784
482
498
653
822
654
747
426
641
173
680
400
127
51
162
334
465
635
312
43
411
343
796
733
42
698
692
698
159
194
378
351
372
680
800
106
61
366
573
210
483
553
760
53
453
228
532
544
58
277
403
529
356
72
671
87
802
312
214
532
620
37
627
269
347
337
598
27
731
38
596
32
187
338
180
797
645
647
710
374
205
778
807
785
375
278
481
8
649
788
762
469
211
96
365
509
342
220
790
206
580
172
544
565
244
399
783
715
610
212
32
33
773
44
192
67
448
381
516
170
404
801
182
814
256
357
149
620
710
102
411
181
3
606
812
49
734
694
116
103
721
215
252
735
742
625
361
54
374
358
257
291
138
535
778
111
415
518
473
157
519
137
765
89
102
105
800
409
41
658
564
71
576
524
640
815
246
24
278
275
617
813
768
236
778
708
115
319
275
446
621
9
291
158
133
581
397
645
535
127
224
164
176
551
177
636
623
176
102
561
157
430
140
683
809
828
712
471
56
547
760
503
484
428
518
510
77
376
512
399
109
688
187
475
792
384
647
693
402
293
778
664
558
126
503
146
137
394
146
184
323
488
597
698
68
415
694
86
15
393
7
168
148
592
753
140
820
653
360
341
172
356
83
243
451
819
177
149
242
451
93
799
476
211
143
481
453
246
436
85
691
435
701
355
31
249
448
359
79
389
702
253
807
774
112
483
702
4
213
241
610
595
402
303
267
696
227
187
46
721
154
469
100
391
254
139
332
173
57
619
74
144
392
316
360
582
251
777
518
473
186
445
8
61
526
290
292
146
756
692
471
629
169
388
221
716
394
607
385
14
798
172
678
693
793
646
563
599
430
495
826
798
16
229
680
684
595
678
263
249
427
96
251
51
363
380
771
693
334
388
667
97
801
60
722
418
449
688
308
594
648
246
787
753
804
115
817
546
89
445
422
719
96
163
765
521
311
427
67
725
477
186
789
682
228
213
684
176
717
522
544
390
649
2
439
255
315
524
299
356
258
65
488
83
734
393
98
660
571
503
1
367
756
562
258
123
187
237
56
55
602
808
413
177
812
59
338
659
740
205
659
560
652
50
723
367
111
739
271
40
654
502
219
409
516
332
268
339
463
237
375
830
392
538
145
551
26
11
520
383
240
137
204
179
516
457
777
120
673
604
589
633
531
465
624
317
348
780
5
148
91
427
46
611
749
234
543
134
278
161
58
740
629
745
474
617
140
79
428
100
348
23
671
539
88
19
807
536
287
754
823
759
456
24
788
12
373
202
492
401
567
812
89
603
232
46
207
467
657
678
60
99
337
541
482
215
457
600
345
123
15
390
363
276
63
666
475
308
20
86
728
330
437
235
748
102
331
572
291
6
650
576
476
349
368
311
165
340
151
271
183
409
792
673
422
298
267
407
786
19
266
394
403
368
826
38
382
210
202
779
70
551
319
700
402
617
590
288
464
246
419
451
5
375
755
161
366
637
386
95
1
73
678
34
730
645
480
144
647
182
348
124
458
107
219
445
818
688
137
403
117
552
58
682
513
561
618
33
690
533
587
124
61
656
55
75
170
592
385
697
208
127
537
629
184
77
563
802
784
69
776
524
631
545
284
449
780
543
241
694
749
451
492
227
410
217
565
565
92
387
195
673
33
269
152
407
147
756
236
251
545
45
322
671
610
645
390
599
445
200
284
58
335
30
26
440
739
510
225
345
767
455
228
471
315
651
191
713
732
779
509
54
188
628
190
333
592
671
673
58
282
335
384
806
588
259
489
24
561
259
184
492
152
590
242
824
648
667
375
515
423
796
212
91
590
770
678
787
392
420
320
819
644
348
235
576
233
335
503
821
16
123
253
600
194
533
35
406
488
753
620
342
595
123
695
597
705
786
606
198
385
171
193
143
639
765
711
354
376
820
710
599
48
140
141
347
101
157
556
12
693
526
769
412
68
577
147
236
29
589
757
682
723
641
768
224
279
602
739
750
152
73
307
210
58
22
263
624
320
567
192
503
624
395
622
604
257
663
34
803
363
160
38
558
603
753
52
677
267
799
9
801
600
531
657
777
790
152
559
581
364
623
221
201
244
459
712
806
362
516
484
729
532
304
521
757
158
748
140
139
1
693
423
372
221
756
275
515
391
475
634
533
312
263
418
20
422
696
578
729
389
422
319
795
357
3
523
341
814
247
200
806
549
586
214
180
452
38
92
370
733
268
227
134
225
830
132
167
688
663
768
170
30
76
88
52
608
297
453
259
247
109
594
550
6
801
771
685
657
368
476
628
35
807
749
286
35
167
220
274
662
578
464
544
819
386
17
373
448
578
557
281
695
716
460
488
62
346
109
460
243
116
525
332
581
172
120
583
357
31
779
622
812
795
130
709
388
737
805
657
633
639
9
273
694
498
367
170
378
440
143
573
84
496
704
228
565
744
786
166
635
354
289
774
356
330
214
186
483
813
389
537
725
616
527
313
270
240
612
824
715
181
776
456
482
383
279
766
595
365
822
760
541
492
674
128
341
329
755
392
579
557
811
138
27
304
313
250
670
805
157
396
453
331
474
482
773
209
124
819
776
114
594
750
146
152
578
167
331
498
609
94
394
532
56
442
486
758
18
63
670
692
543
339
109
740
44
253
301
521
374
646
185
293
332
805
264
607
584
388
484
627
517
455
259
278
157
117
600
647
231
607
371
272
391
22
601
818
563
124
67
305
619
299
804
123
482
493
822
41
545
719
34
277
257
214
148
451
339
558
315
478
250
591
219
58
195
542
485
277
362
24
73
93
614
678
518
732
689
96
323
420
798
287
381
184
531
58
152
729
762
606
391
785
173
539
592
102
515
393
430
240
769
157
802
792
240
761
507
120
193
379
600
74
470
135
680
432
84
189
625
367
5
142
627
704
317
149
121
88
165
715
804
5
36
509
718
748
240
809
800
531
393
609
390
663
367
615
506
98
724
704
637
141
144
74
639
321
584
583
367
483
402
791
606
331
806
100
192
393
32
736
574
270
475
226
161
430
170
515
230
211
403
467
9
136
270
765
228
587
351
178
638
367
666
112
704
484
291
615
29
570
49
770
337
605
819
16
353
733
614
509
169
429
777
590
288
192
185
819
65
374
39
322
697
334
590
702
393
92
78
662
637
332
658
49
543
605
137
506
88
509
828
399
615
31
293
106
169
362
804
570
502
202
730
671
486
295
87
275
443
108
111
424
13
719
387
326
227
395
632
298
213
249
173
227
196
109
319
252
81
755
439
177
434
770
683
637
195
370
556
694
421
312
304
718
472
103
593
284
329
591
283
93
9
440
206
102
610
778
121
654
595
339
160
548
112
374
816
583
350
272
65
50
149
632
507
162
557
103
6
679
723
283
579
626
216
272
284
803
480
198
160
786
304
561
494
671
365
337
84
559
89
95
498
246
365
131
819
174
170
485
439
74
545
297
563
313
327
487
450
449
80
482
97
150
325
586
173
408
561
328
259
22
650
790
712
475
303
230
280
168
309
773
292
568
286
828
31
745
388
189
384
213
748
679
210
14
245
664
85
713
603
656
617
556
30
512
830
509
14
26
469
128
287
447
66
768
409
440
648
149
368
673
10
598
313
468
278
656
700
821
461
74
825
656
482
191
186
727
351
618
415
308
799
300
154
258
81
516
426
517
75
640
375
713
587
470
749
107
769
643
664
821
422
663
162
719
381
467
217
231
639
148
125
202
450
645
656
242
691
167
792
644
610
368
335
134
789
80
581
236
329
484
676
410
73
711
309
519
614
175
544
355
574
416
1
604
205
102
749
400
581
639
182
116
438
828
612
64
45
718
215
84
597
7
503
476
691
780
486
701
494
132
228
712
410
417
74
758
112
114
147
500
284
407
161
300
516
663
208
158
368
756
664
728
464
369
68
720
501
698
25
74
442
643
586
777
717
417
458
695
463
264
710
15
283
158
537
237
252
190
52
552
308
743
96
258
156
72
522
801
37
45
478
419
20
761
53
515
488
562
610
298
709
347
803
411
237
194
201
485
25
812
298
581
18
48
5
782
354
740
136
109
538
733
732
409
28
718
417
677
700
467
20
276
779
166
676
583
393
135
688
138
466
370
766
6
438
236
441
140
709
284
85
216
550
118
683
116
456
694
550
454
756
500
649
497
445
9
668
190
693
482
269
264
243
127
13
491
86
16
493
441
348
228
429
437
587
642
435
645
559
155
605
539
592
693
488
116
716
132
211
510
307
759
168
827
105
685
165
294
128
201
107
287
583
235
499
530
329
680
356
819
812
466
681
85
633
118
243
676
594
173
146
289
60
270
218
599
363
354
31
506
128
539
241
388
677
514
426
804
388
794
679
59
733
369
510
320
323
14
159
226
496
130
246
59
642
572
363
466
301
464
504
173
368
558
80
279
210
337
85
89
804
352
512
603
67
83
286
456
19
419
196
632
636
107
666
131
20
192
483
167
643
754
761
399
2
97
552
437
400
721
372
233
58
614
665
701
524
625
545
370
819
156
482
670
737
83
674
81
824
577
627
26
678
459
653
799
283
458
599
725
314
659
79
190
2
401
654
282
139
686
324
620
151
551
113
335
225
134
95
457
650
43
351
33
307
462
70
380
623
22
350
379
773
775
325
127
183
559
707
30
765
91
258
133
688
374
829
102
530
492
589
120
357
42
278
243
704
169
85
171
810
106
110
491
303
464
54
521
672
743
190
691
237
24
544
94
398
402
445
284
412
276
87
51
335
207
187
609
354
577
484
674
103
633
699
641
757
429
646
671
625
144
252
699
807
427
261
202
650
12
499
530
121
790
803
784
763
349
728
479
156
569
172
677
198
196
82
481
462
765
799
287
816
492
635
575
498
261
484
623
490
109
31
227
26
581
421
802
442
26
792
507
445
365
693
607
541
10
352
608
24
588
535
240
203
537
624
467
701
337
437
92
170
355
341
395
318
509
245
529
773
255
369
119
223
450
85
10
685
493
631
814
275
252
812
706
552
234
510
526
350
770
586
490
490
823
739
235
14
216
646
64
518
140
223
345
439
820
124
589
713
109
425
242
690
206
334
432
143
342
355
392
645
261
171
76
30
620
268
403
823
398
672
495
512
692
664
351
682
249
20
103
275
614
620
218
500
806
747
122
386
683
412
791
488
646
389
794
219
636
498
589
353
28
447
595
296
99
71
26
129
5
324
625
320
55
634
774
7
237
576
644
570
450
536
300
527
481
810
241
126
146
515
6
811
53
760
274
162
9
488
529
689
570
388
163
520
439
574
522
100
642
502
610
786
673
523
594
632
749
510
662
81
348
248
818
312
445
200
459
271
412
801
424
28
338
60
122
16
156
97
15
605
53
300
536
232
7
660
440
602
180
554
735
253
170
652
154
494
267
734
434
468
216
813
597
350
551
537
466
612
446
72
762
653
287
472
650
712
246
809
579
138
53
60
360
702
629
400
148
691
208
86
434
277
500
54
13
232
357
412
353
620
323
523
820
669
717
146
364
143
143
521
295
736
805
511
595
152
291
618
158
758
69
66
661
595
249
140
513
726
625
396
89
685
618
211
244
697
499
62
532
65
485
466
680
463
612
73
506
616
228
557
689
796
57
8
129
496
673
500
132
615
14
81
629
133
595
821
429
747
497
209
160
533
85
298
660
448
68
595
669
503
682
317
12
171
38
310
310
188
607
57
140
768
805
756
106
212
218
156
417
17
223
598
336
382
428
724
83
546
821
620
416
452
506
657
564
504
371
764
51
671
420
804
763
145
167
662
637
418
829
366
149
228
341
562
321
464
393
637
204
39
199
669
365
22
203
426
252
335
740
561
329
370
423
182
282
499
752
450
684
115
215
481
21
561
227
517
674
442
276
234
274
581
799
192
700
601
678
562
290
29
621
318
767
230
82
260
669
409
144
677
164
304
360
353
540
829
184
710
715
14
752
446
315
487
355
342
771
133
119
610
191
582
399
287
444
346
230
103
258
664
746
506
85
160
105
611
59
732
328
408
336
137
724
288
795
560
814
101
612
822
689
465
793
291
715
329
746
312
820
81
398
586
347
360
515
658
826
373
61
636
564
308
69
113
224
579
556
117
342
321
806
602
68
134
457
70
23
780
399
207
225
658
1
215
605
421
771
372
399
503
618
330
484
557
97
174
633
438
479
546
784
94
635
748
289
28
508
336
711
404
136
737
663
316
52
269
122
290
511
719
266
56
387
212
197
193
230
656
775
516
492
559
1
480
347
264
322
114
173
594
728
264
588
248
302
101
215
804
322
71
708
172
460
253
714
673
185
631
402
106
685
366
496
258
52
520
525
259
364
803
51
446
339
80
267
159
410
766
517
118
128
286
768
495
469
774
308
644
286
477
764
335
119
58
371
117
453
426
436
518
604
779
270
62
533
81
289
628
545
460
752
428
310
422
393
285
65
774
411
284
754
385
547
22
789
246
682
698
275
120
280
187
255
191
395
60
740
261
204
193
108
383
702
574
456
401
730
797
400
780
154
700
205
110
229
733
529
485
127
168
397
570
426
192
750
248
164
173
776
263
601
406
809
610
417
468
304
329
637
745
689
369
665
72
394
781
211
369
639
680
408
384
495
616
264
362
338
2
218
778
817
810
377
317
668
481
73
103
156
800
147
205
629
551
297
261
624
269
666
807
195
140
554
198
671
629
614
173
689
555
450
757
242
741
554
221
668
777
596
444
84
253
763
435
296
90
64
436
727
371
202
414
643
409
361
634
220
17
164
632
397
79
395
121
507
824
95
797
721
460
432
572
774
178
25
426
55
229
798
644
146
790
468
120
113
487
205
392
254
360
536
358
750
234
409
81
210
321
626
142
9
625
216
739
64
789
577
674
277
229
158
804
749
240
98
227
376
312
221
398
800
365
776
712
579
606
142
309
562
352
427
187
400
252
223
218
446
529
300
736
449
794
33
432
392
802
60
508
695
581
77
722
655
488
818
556
619
668
738
228
211
438
213
214
287
232
695
729
726
522
211
211
468
368
601
168
29
219
75
517
447
133
807
536
295
534
373
85
746
375
484
133
148
692
659
174
210
166
86
487
365
31
462
762
226
294
526
332
60
827
159
359
382
595
726
60
169
65
138
98
280
353
105
649
244
418
656
376
752
779
310
772
312
754
242
351
325
104
195
698
36
783
561
478
97
549
403
415
804
369
771
557
572
140
439
44
523
138
158
569
806
454
126
179
10
435
425
445
703
181
464
41
21
239
557
23
304
134
68
713
361
322
6
634
495
81
351
414
599
473
781
350
574
373
290
347
195
449
106
558
396
720
399
452
790
419
215
243
472
642
59
217
428
518
61
583
742
101
196
89
123
3
792
174
658
742
368
223
315
665
795
563
527
244
306
577
697
54
763
323
168
627
19
61
456
230
105
132
197
781
521
177
332
104
83
174
393
732
670
396
396
194
779
445
735
55
687
685
277
337
97
434
365
792
279
195
762
50
493
263
311
189
732
611
346
447
205
519
8
244
762
429
226
743
537
707
255
417
306
152
595
482
320
67
28
152
821
360
65
728
201
91
154
530
371
408
95
461
419
432
266
463
230
61
685
772
692
361
293
107
729
224
227
708
213
719
428
405
544
615
684
450
656
607
761
480
445
780
605
537
344
359
734
629
298
287
762
233
689
819
214
214
728
469
507
455
599
697
604
661
441
404
606
152
529
68
733
716
678
434
234
8
753
305
643
787
568
606
291
330
784
728
71
125
156
640
748
156
271
632
163
390
244
819
513
500
193
652
275
76
382
596
792
128
552
327
547
532
202
308
552
373
752
435
826
40
59
769
446
185
107
42
61
380
806
587
198
60
596
735
287
481
141
366
489
275
447
466
341
503
241
237
162
89
726
383
336
274
355
565
227
259
776
396
647
483
616
426
726
629
448
688
678
503
427
801
330
532
816
761
283
40
21
420
286
477
559
407
100
162
40
154
259
727
72
322
801
812
321
20
746
395
223
349
706
108
228
387
85
807
506
794
313
597
10
699
735
709
427
556
344
506
724
516
264
60
397
515
224
495
782
310
558
610
798
587
500
725
266
657
291
785
203
15
242
376
237
270
249
278
270
321
559
41
696
622
293
357
383
162
743
276
575
243
70
33
150
557
560
511
192
311
349
294
388
671
83
437
798
476
745
550
339
66
637
488
117
278
717
271
19
313
713
154
500
67
738
272
444
347
95
309
267
269
760
739
338
563
475
596
660
577
7
806
170
414
652
739
735
403
3
539
85
40
79
656
566
749
807
418
520
645
52
613
30
125
655
565
46
106
237
411
42
670
826
108
142
119
291
623
611
699
265
199
216
316
506
98
812
477
64
90
652
387
367
520
579
223
688
619
133
724
477
301
137
20
248
158
333
293
780
562
461
368
88
170
44
284
262
43
588
223
753
235
291
385
160
62
739
696
360
731
313
278
632
616
244
273
512
255
569
792
107
268
723
723
212
385
223
614
800
433
515
645
323
690
246
755
603
368
761
36
286
507
327
549
665
694
136
569
151
215
480
318
351
798
793
620
163
348
271
234
381
236
317
208
182
728
86
409
268
17
304
511
313
581
101
251
393
99
136
288
669
762
599
828
753
291
517
595
304
188
685
651
720
79
742
427
494
779
781
167
736
126
545
323
139
429
173
730
194
737
620
2
285
745
503
411
813
484
728
800
824
238
617
688
20
640
275
608
158
605
705
351
288
552
123
285
603
341
281
601
804
156
770
758
488
704
544
618
278
658
463
821
679
439
375
326
515
713
641
185
209
162
773
373
103
696
329
4
763
659
351
635
709
255
719
382
345
236
122
167
145
80
750
262
247
712
447
295
636
648
702
785
293
593
291
682
146
608
500
435
60
354
523
31
44
175
486
187
124
299
13
352
583
372
433
89
515
310
261
453
220
381
492
420
681
715
428
334
339
212
191
810
707
365
51
798
600
68
585
487
344
290
482
294
582
816
240
205
331
809
451
384
702
222
694
809
200
465
159
780
138
236
704
599
69
594
372
704
369
355
20
371
147
113
757
712
327
509
20
454
808
428
506
469
273
821
485
775
511
79
627
182
154
535
191
816
452
336
587
626
167
650
82
88
412
377
314
200
165
262
381
552
624
207
223
460
542
601
263
103
714
347
314
417
631
135
145
120
136
730
62
230
77
550
384
550
811
781
668
426
130
538
744
481
602
288
739
463
481
24
736
64
765
655
156
95
737
445
556
692
219
86
160
828
369
344
594
302
535
11
571
618
636
221
248
511
713
263
488
608
778
157
747
772
359
1
336
43
172
527
791
505
336
525
57
776
577
78
420
563
160
111
704
451
597
726
289
259
279
238
493
662
282
422
16
407
511
412
286
530
814
316
667
489
371
243
830
318
648
191
340
374
687
632
495
228
26
104
533
515
608
232
616
96
211
459
351
414
281
333
525
745
217
248
87
736
24
173
6
127
2
127
253
262
576
635
40
123
649
50
731
117
643
251
808
416
677
827
302
517
273
711
240
450
17
778
461
231
39
597
199
188
223
43
39
813
380
480
445
448
398
10
210
10
830
405
753
443
713
823
338
509
198
709
436
367
585
785
674
630
170
606
328
676
637
348
411
525
530
647
365
666
597
443
463
783
455
477
361
81
32
295
547
187
638
92
510
193
172
772
14
380
332
88
703
270
220
42
828
799
200
754
654
655
716
577
821
191
251
548
56
711
84
205
326
336
288
672
644
549
62
680
365
705
184
209
572
510
701
48
512
570
179
360
762
531
607
709
22
515
29
645
717
740
228
367
829
800
651
256
525
208
353
790
123
277
825
639
448
419
92
447
718
376
773
23
799
105
161
748
188
260
772
303
586
747
521
410
17
256
658
455
652
68
8
366
188
231
252
664
743
300
511
493
313
400
134
150
102
627
789
143
301
532
357
190
702
677
10
542
699
710
17
276
728
723
756
351
355
280
255
542
277
393
443
54
612
483
663
485
817
259
661
794
391
436
166
169
587
567
162
557
406
278
22
404
108
430
749
764
412
627
260
33
329
712
391
115
373
652
260
141
360
702
699
60
587
755
582
486
259
72
541
805
136
781
533
202
369
122
781
732
229
280
456
207
248
735
753
564
614
744
591
767
760
732
303
704
380
52
250
459
138
632
263
164
805
603
287
774
823
370
763
768
179
232
36
580
186
161
687
95
193
92
646
538
532
444
530
749
494
214
479
118
644
282
404
292
454
642
151
336
65
703
172
103
322
132
420
424
521
498
343
250
798
652
220
377
477
422
776
772
717
468
256
742
441
50
554
587
494
549
77
198
215
597
656
306
717
376
556
784
546
155
324
734
475
143
716
357
572
685
786
5
676
174
458
220
815
525
425
608
713
701
499
791
771
60
40
571
786
799
563
691
195
88
547
153
737
263
732
190
276
463
13
259
807
262
208
311
615
367
51
53
9
474
496
510
437
123
632
392
806
250
437
51
253
577
442
91
54
179
15
601
230
528
354
176
190
65
581
510
705
669
471
575
138
37
563
180
755
585
411
792
419
762
117
585
706
65
463
595
61
738
663
728
527
197
370
187
187
703
133
431
750
715
8
476
146
740
808
91
50
405
685
228
319
397
110
557
829
810
18
461
604
687
33
3
152
770
122
800
318
93
292
563
522
352
217
290
176
251
594
539
369
505
795
489
597
749
512
603
772
743
465
60
394
171
528
238
591
183
163
49
630
261
178
827
393
56
238
211
816
90
692
806
407
174
227
253
645
552
705
671
570
86
259
510
810
647
318
646
706
69
492
489
117
510
139
406
738
223
562
460
81
206
516
318
33
259
19
148
354
773
791
764
669
247
413
234
288
761
568
241
162
450
794
762
269
777
674
771
316
635
372
805
647
703
351
205
830
171
423
104
427
233
2
456
702
792
472
461
187
268
299
775
118
286
128
698
655
725
57
499
559
268
83
737
716
659
495
398
173
511
827
685
292
773
781
140
385
473
508
645
285
675
149
785
796
270
531
44
280
184
256
455
54
318
113
285
311
410
219
137
297
779
31
96
173
399
655
558
251
637
290
409
102
363
706
124
241
171
578
168
26
41
87
67
227
355
385
197
516
391
358
124
733
315
138
104
507
249
409
626
706
74
64
760
442
537
497
484
219
707
585
79
139
319
532
736
444
544
183
409
421
738
810
772
37
768
600
73
398
238
322
598
671
194
86
791
469
619
214
808
154
5
665
223
137
387
441
634
147
29
359
443
716
640
160
801
52
286
700
188
604
368
617
186
606
753
725
306
644
454
794
340
302
369
146
534
59
452
29
550
681
584
727
477
365
6
441
459
130
140
786
45
181
115
127
360
491
87
247
591
681
393
764
713
139
721
268
105
143
292
74
228
540
171
444
250
818
407
438
43
68
210
783
161
111
753
165
598
401
230
13
61
306
148
62
657
425
651
277
222
304
223
491
469
296
405
67
786
32
31
708
143
460
551
785
76
67
113
440
104
12
746
447
549
85
109
342
107
153
506
667
153
24
563
107
133
419
419
454
373
404
473
269
687
244
108
349
180
427
376
458
589
407
308
521
554
100
822
351
308
261
526
524
634
244
671
779
524
527
673
800
412
535
622
324
572
591
20
428
793
72
791
114
158
515
157
368
223
521
414
142
322
353
134
67
429
96
658
411
340
317
467
694
825
177
374
299
117
356
434
828
583
347
223
726
505
185
115
371
189
436
610
794
748
214
588
585
238
626
69
828
293
580
18
130
383
97
744
354
474
694
391
782
397
37
570
301
146
16
364
647
114
90
589
32
124
97
33
446
201
416
40
735
685
110
532
165
788
181
828
438
90
159
767
721
274
818
704
814
605
754
459
611
353
466
462
149
192
806
373
318
46
649
250
126
415
453
374
758
722
108
429
776
413
604
5
13
786
158
357
407
227
787
428
617
280
604
245
4
368
168
781
629
571
179
803
674
214
45
655
87
255
422
749
378
236
326
202
444
640
246
438
620
401
760
745
748
157
527
215
186
393
742
451
644
204
70
443
180
32
817
580
510
12
618
143
269
21
338
780
34
532
578
363
167
213
409
781
501
196
200
74
149
801
112
685
762
621
626
332
241
733
724
683
52
658
745
735
724
375
261
645
155
628
639
570
528
364
426
387
250
465
563
633
537
718
11
35
139
65
342
627
668
433
209
125
75
590
189
178
132
611
192
589
320
125
466
63
306
23
769
394
515
760
393
463
457
194
243
696
670
529
496
61
513
157
412
818
371
175
672
125
433
357
156
69
62
153
117
338
390
456
123
535
7
658
227
172
402
826
795
45
653
614
65
91
778
552
534
206
479
118
677
528
426
354
641
112
218
543
438
710
7
297
626
390
420
121
474
362
5
146
311
55
367
209
296
658
222
559
400
218
681
155
481
388
557
226
526
290
100
239
830
749
8
633
736
658
458
534
555
495
118
408
489
282
366
226
235
825
245
367
715
534
528
35
707
460
122
446
30
650
590
264
330
3
405
579
519
525
630
312
625
799
440
331
325
122
533
585
169
429
170
469
351
714
57
71
386
61
556
710
809
359
262
273
430
750
761
97
663
531
510
204
715
150
415
756
530
785
516
773
271
446
302
55
55
533
817
732
136
476
399
807
303
418
353
443
571
282
359
772
824
46
465
367
670
473
581
427
495
495
184
631
149
466
306
18
310
502
218
477
119
255
136
485
112
361
575
469
740
734
408
518
383
687
509
126
106
825
509
605
185
55
480
714
588
585
410
577
666
109
568
636
774
584
106
615
247
403
346
113
655
42
513
48
105
3
277
128
492
552
493
500
291
605
422
325
66
147
790
506
287
701
496
74
316
775
190
696
197
99
227
788
259
815
462
337
308
120
656
365
795
55
40
322
330
462
579
196
538
24
800
442
757
455
432
23
655
420
611
138
456
466
805
183
691
648
277
736
607
569
322
821
640
509
598
695
472
391
153
257
68
146
49
382
823
75
489
212
656
59
662
630
71
513
771
234
623
72
7
691
603
529
818
251
425
121
180
35
416
319
309
480
549
350
284
209
65
703
329
79
140
759
732
183
66
817
298
213
163
624
811
618
97
705
763
799
601
584
725
411
67
172
767
173
339
378
422
344
725
118
815
444
673
588
786
773
158
654
135
749
85
756
218
794
530
266
671
565
90
257
778
585
191
47
772
590
221
210
253
330
448
185
651
194
575
674
232
279
701
257
757
443
641
791
49
259
692
46
796
733
409
544
250
165
283
164
187
808
174
797
739
24
362
652
217
356
237
548
757
791
40
140
199
66
541
130
747
376
71
108
272
177
543
655
50
330
516
755
1
288
284
205
15
707
473
636
758
630
28
283
19
47
369
823
449
182
219
406
545
8
697
516
496
116
551
305
722
330
455
257
399
500
399
615
286
333
261
293
462
729
749
341
149
238
251
329
542
157
272
226
23
752
560
826
761
680
695
462
275
354
654
352
641
373
88
395
188
400
166
371
89
571
197
212
621
454
46
415
794
244
62
295
438
177
590
777
681
625
778
4
348
396
766
657
759
761
297
71
130
334
289
471
11
281
266
305
117
620
781
826
750
123
749
776
792
735
353
624
511
21
189
127
789
78
670
628
584
444
578
552
489
529
812
582
291
48
345
791
223
20
133
595
422
756
267
607
733
235
718
246
486
667
656
13
678
169
660
24
496
578
334
376
516
255
669
194
371
569
430
220
140
215
771
397
626
442
573
78
135
606
827
547
775
819
352
792
523
641
351
289
726
270
781
739
664
781
119
139
267
205
296
656
174
219
53
723
738
760
476
765
731
825
147
173
458
766
218
469
716
746
326
68
363
506
637
588
127
512
444
28
126
416
220
101
651
768
346
561
621
174
489
518
111
681
715
237
512
51
80
451
755
310
600
47
411
205
815
89
577
713
600
510
224
354
260
69
215
35
229
157
619
142
39
447
545
664
201
221
96
714
355
309
580
612
31
169
257
183
344
9
466
670
358
611
773
324
461
560
400
591
381
718
263
162
52
515
493
218
610
84
347
187
762
675
9
310
540
512
293
731
424
283
693
11
414
212
204
607
188
819
557
320
479
377
734
568
390
529
553
413
212
348
414
407
702
122
207
467
734
178
607
355
754
800
743
693
433
222
289
8
112
698
688
282
258
581
134
772
202
341
385
179
698
744
746
133
75
538
32
407
59
75
428
622
45
529
268
699
464
54
668
505
801
4
666
365
216
327
122
561
596
277
129
565
333
737
482
686
316
402
484
270
666
787
9
278
516
693
373
207
119
206
155
766
529
731
675
287
51
763
476
575
694
305
501
287
239
705
688
235
329
234
612
695
361
503
66
49
9
321
665
409
111
697
210
564
374
755
671
564
434
112
801
540
731
392
453
372
322
270
514
406
337
708
633
115
295
335
396
606
714
716
580
727
311
481
64
237
283
438
594
401
79
571
609
613
526
35
40
250
35
172
708
268
91
603
285
746
51
321
65
407
62
679
182
658
712
212
150
233
573
649
93
46
163
414
792
549
397
690
387
777
208
746
270
30
371
97
62
332
147
539
373
723
598
828
217
683
168
26
515
681
461
707
213
331
270
101
801
458
654
681
303
183
733
689
267
43
666
785
541
356
368
82
272
511
639
761
669
699
508
417
774
538
559
564
139
69
384
491
78
813
795
695
596
629
340
557
749
679
283
399
378
277
28
728
392
229
120
469
601
284
457
638
91
372
746
741
338
719
821
808
303
793
346
706
18
582
360
644
789
289
573
700
365
556
126
195
485
466
674
217
380
339
415
696
803
565
252
353
711
40
136
209
204
496
605
216
497
745
242
600
817
585
536
51
167
830
807
452
340
551
683
404
595
734
417
592
45
248
41
554
536
512
493
439
96
507
808
591
668
370
764
532
824
652
338
732
541
675
120
343
592
154
331
101
529
396
468
41
215
479
216
424
285
340
35
488
320
576
536
244
624
711
217
754
636
523
365
441
744
232
426
288
202
379
739
676
429
665
4
677
144
141
549
38
604
754
203
789
787
394
74
320
24
527
225
630
312
4
599
566
305
87
97
276
404
244
74
575
488
425
431
407
417
762
33
230
122
640
777
539
760
456
627
334
549
500
668
546
492
533
351
107
425
641
318
320
400
303
335
724
697
682
323
443
60
483
616
752
330
47
153
702
807
223
537
469
371
219
469
390
162
428
461
739
471
582
521
815
655
709
719
307
651
37
745
254
124
409
587
143
476
234
585
704
45
725
489
45
807
91
572
776
345
742
783
540
533
571
88
765
375
92
278
100
646
717
217
441
341
772
288
417
18
212
623
804
601
805
248
200
722
440
30
295
219
675
785
441
215
470
714
397
52
824
157
695
51
340
453
615
672
268
312
685
350
499
116
94
676
717
7
400
469
24
411
438
197
202
478
454
367
678
542
810
239
807
440
501
829
725
245
789
594
295
329
7
713
351
278
819
198
815
733
284
430
66
507
425
751
402
213
55
307
702
372
209
231
565
315
253
304
705
25
46
776
129
55
668
497
762
11
710
811
387
394
567
692
564
420
438
2
481
138
726
568
353
325
212
677
251
95
587
154
157
707
727
711
58
583
604
427
594
384
60
371
185
399
786
412
197
334
607
144
460
123
624
310
634
97
251
13
829
733
296
114
412
39
504
148
677
505
709
255
555
343
219
141
281
266
606
400
467
15
335
25
483
519
734
4
567
764
798
552
641
261
505
779
195
522
490
53
34
528
451
478
680
536
744
384
80
309
25
792
770
424
91
109
40
227
421
551
29
808
613
167
285
376
623
799
775
29
248
364
8
289
41
25
406
222
187
111
581
354
695
213
663
65
269
420
287
147
611
502
557
125
5
462
495
30
828
731
536
388
267
346
159
215
452
742
76
365
325
174
300
420
731
128
279
457
458
172
41
58
773
578
510
692
58
92
208
284
332
729
487
461
498
564
704
448
136
638
590
191
702
815
295
511
705
170
280
719
627
671
537
423
60
61
210
671
269
812
728
459
272
317
606
3
792
670
473
138
60
735
823
439
280
295
226
594
77
707
529
109
311
345
703
287
306
616
110
646
681
456
353
446
102
290
783
650
505
92
64
89
399
306
782
697
553
763
134
356
262
539
327
460
223
546
342
209
596
771
139
323
283
483
555
370
268
798
277
641
574
289
370
45
191
335
230
591
666
721
105
214
3
535
519
262
29
425
233
306
615
81
578
522
86
113
76
780
613
74
756
87
686
180
680
210
630
500
586
454
535
359
731
167
764
427
197
266
236
240
788
147
23
623
433
623
608
547
65
728
416
116
573
521
181
480
424
27
402
804
683
251
76
153
767
642
777
489
646
403
94
224
385
361
530
606
768
775
103
423
425
299
19
214
523
244
228
636
188
222
244
396
733
785
309
590
549
539
570
347
271
282
183
611
215
426
315
333
436
588
80
44
96
664
18
199
82
321
543
295
223
461
692
132
722
495
54
200
637
393
220
295
158
74
74
118
731
195
476
300
604
257
27
231
393
214
548
418
550
676
379
336
294
265
371
75
641
555
151
350
601
779
763
299
129
261
647
582
491
574
260
644
278
604
233
713
495
771
392
1
92
733
200
99
359
137
90
808
379
198
773
587
331
348
304
710
466
348
274
632
101
481
510
431
592
121
606
678
230
448
683
671
669
121
297
222
704
286
360
160
671
6
10
107
599
811
728
693
521
563
232
634
808
264
541
613
232
590
94
644
180
433
247
642
733
83
731
378
480
360
284
152
119
537
615
263
120
57
160
675
88
476
312
492
318
711
96
826
99
478
443
594
185
228
721
486
573
582
108
442
804
544
788
418
748
347
494
320
503
142
637
537
371
656
199
171
140
576
221
745
522
58
275
749
236
710
667
822
231
500
367
181
296
408
559
758
727
629
813
433
470
181
775
611
397
617
219
270
563
51
812
529
359
425
786
35
464
341
37
400
694
615
415
110
584
17
485
650
166
733
16
785
680
3
665
546
405
815
532
198
401
416
430
357
643
324
822
117
387
416
766
134
727
493
349
133
246
447
46
83
317
197
719
98
284
35
67
397
314
280
228
365
720
495
326
168
618
489
227
438
692
321
155
820
516
64
28
377
791
137
77
695
535
94
535
255
654
749
391
414
413
311
470
71
89
53
446
373
289
249
26
133
484
318
258
343
603
343
705
604
497
333
312
243
298
701
643
231
162
7
79
488
353
805
114
3
70
435
371
51
584
487
348
509
492
553
795
2
457
277
229
379
256
742
27
409
99
712
597
325
104
304
149
184
311
358
171
405
25
485
198
367
181
349
581
545
600
532
440
818
817
85
473
553
314
324
53
539
290
170
738
193
579
641
410
126
247
71
205
109
624
357
228
546
568
102
453
147
791
785
186
505
505
324
255
111
556
736
511
721
598
538
680
495
588
693
228
609
138
591
42
218
104
29
95
371
790
136
70
619
801
431
693
749
813
487
208
292
412
583
684
22
138
227
459
298
616
672
830
715
9
422
483
595
822
731
367
177
542
565
457
310
215
123
367
228
391
687
828
486
685
509
409
120
358
496
311
640
469
506
217
277
788
655
236
398
728
84
632
95
755
707
648
497
812
414
355
770
329
737
506
521
532
475
389
313
166
432
145
279
202
234
564
574
400
278
97
587
272
435
127
112
96
653
568
292
278
356
550
822
475
261
420
462
798
152
549
827
216
76
39
536
779
215
689
454
171
353
521
84
275
171
99
423
653
698
698
741
716
491
594
611
20
124
765
209
487
727
504
374
11
80
455
571
164
432
162
640
462
672
162
769
612
692
347
60
579
756
459
195
42
524
80
827
268
796
641
486
51
752
675
415
240
660
473
485
502
25
492
38
711
311
793
762
796
67
714
699
639
354
397
766
210
109
747
117
217
58
699
141
662
769
516
717
474
25
117
209
198
213
10
390
735
357
155
247
748
402
710
217
423
612
184
60
326
406
525
629
454
532
434
370
474
307
218
430
708
456
622
490
76
214
641
2
455
663
550
149
147
494
618
628
310
679
30
719
750
226
714
23
115
521
182
683
365
753
352
227
331
354
759
449
42
84
757
790
382
356
400
313
417
90
600
540
29
385
762
675
209
822
324
269
312
232
757
708
478
52
642
722
473
391
587
385
193
249
182
197
50
73
586
397
706
668
691
717
776
758
221
703
239
360
462
402
257
559
59
326
31
417
304
479
84
505
5
354
756
532
71
425
766
740
235
371
820
53
510
176
624
381
745
502
726
801
422
64
348
245
218
451
420
768
701
778
180
700
743
658
816
541
87
367
127
200
406
726
211
7
507
84
308
577
64
192
696
410
183
78
620
361
32
35
374
187
452
495
631
78
394
652
682
491
304
683
391
507
145
133
399
521
703
284
271
571
226
336
550
334
494
674
769
71
128
495
602
123
334
88
297
729
830
362
558
531
73
740
426
326
124
86
400
79
658
96
301
249
134
216
405
100
81
137
739
683
528
710
531
730
275
405
542
8
554
527
449
155
311
410
146
255
284
63
496
437
767
648
353
491
197
67
685
369
429
607
772
710
76
349
276
302
228
258
82
407
807
506
645
406
365
85
765
10
153
285
347
664
126
715
192
292
64
246
186
686
749
203
461
163
383
826
155
526
140
561
634
607
440
97
629
728
99
121
625
653
612
366
358
716
232
137
470
129
518
686
790
497
128
41
164
131
155
536
764
189
268
694
482
772
255
782
46
517
33
658
707
511
450
527
350
633
722
789
736
681
459
428
456
90
306
539
243
756
481
739
219
365
370
801
768
173
814
210
829
217
298
569
12
135
5
480
171
812
601
515
469
765
437
337
816
246
656
744
477
434
436
584
715
69
802
448
184
410
261
236
183
295
251
38
103
251
460
168
229
70
136
120
366
633
316
267
405
163
122
490
106
482
460
290
280
335
572
45
681
526
388
426
444
120
300
269
252
627
518
358
362
10
480
109
87
209
757
229
525
685
48
324
1
456
49
64
280
488
268
404
110
143
144
638
316
199
395
109
386
140
458
826
773
198
587
247
105
824
480
3
143
687
655
825
654
180
313
10
786
255
41
1
517
764
412
542
517
551
111
90
196
23
42
170
435
311
277
330
474
749
73
404
669
110
231
387
525
448
825
189
391
683
125
769
743
556
216
431
609
618
520
720
611
21
353
680
213
79
7
439
719
46
319
294
443
403
199
810
767
232
438
746
580
657
419
370
90
535
677
251
464
762
52
656
665
234
803
442
577
729
519
81
787
413
688
318
167
127
710
360
33
506
538
89
784
278
486
504
795
278
94
15
447
545
352
635
3
116
593
56
561
289
545
721
358
108
317
565
277
670
22
577
307
134
403
411
105
608
234
264
790
148
810
317
756
647
260
716
417
743
391
628
208
117
439
655
9
278
721
139
563
620
765
550
765
504
5
243
686
740
235
116
127
668
577
576
248
321
604
315
786
533
490
742
769
481
109
562
272
446
203
365
414
246
113
669
724
728
242
471
11
661
619
314
278
764
776
206
663
320
341
392
541
278
227
678
828
112
720
383
575
416
730
388
448
184
254
602
481
774
607
774
42
528
510
334
518
151
224
69
57
161
17
181
427
493
17
66
709
420
632
503
167
482
683
589
225
722
171
587
458
618
343
434
608
752
438
284
370
563
248
432
304
770
124
563
791
75
717
475
60
403
500
227
509
590
239
182
417
463
485
588
534
500
830
17
6
676
486
691
25
691
429
578
385
235
374
84
243
518
118
629
695
145
233
533
772
48
75
504
712
396
352
190
404
103
3
815
439
8
472
559
21
533
827
624
158
329
383
166
592
775
82
791
5
592
326
652
702
6
561
241
737
463
351
810
113
364
84
435
234
263
372
280
38
108
28
195
182
784
255
595
4
707
518
615
174
824
634
590
583
570
477
664
735
719
9
333
778
366
778
734
599
164
433
641
512
222
729
78
283
91
112
306
97
114
58
637
660
33
288
625
283
646
506
123
133
49
148
662
594
366
184
334
732
524
677
459
775
199
430
330
790
751
336
518
587
459
253
301
606
244
93
45
732
704
729
79
506
165
704
416
541
28
59
590
597
24
129
179
795
803
813
549
230
465
598
809
171
824
717
795
246
700
827
795
508
301
101
308
283
717
213
105
683
760
391
209
163
214
811
718
608
561
294
22
783
453
815
129
309
531
713
538
720
829
538
459
435
657
679
310
452
132
227
35
560
709
34
518
722
483
112
682
597
598
811
714
730
323
17
595
664
778
733
608
462
526
725
451
99
631
761
414
760
544
416
330
673
325
662
645
5
336
759
234
7
63
694
572
606
462
506
745
786
9
73
401
232
628
502
645
530
170
810
419
723
115
579
824
577
147
311
701
112
411
814
829
462
196
486
110
658
740
397
42
530
345
198
174
51
211
558
594
30
462
502
90
664
820
640
454
748
508
247
810
640
655
270
500
771
228
490
344
340
682
658
785
94
562
541
690
306
55
204
54
828
230
184
542
159
11
773
463
47
644
824
479
734
741
358
823
602
543
590
726
432
48
216
191
79
768
765
587
808
709
89
188
484
117
218
382
540
139
679
364
698
29
679
488
786
247
8
213
516
103
515
154
731
452
293
166
55
395
822
49
30
726
714
312
370
483
637
316
486
427
770
731
371
499
594
172
328
370
33
208
54
214
608
634
516
669
279
538
333
152
687
662
671
645
342
612
721
535
84
268
101
575
392
614
98
665
344
205
189
584
411
347
519
746
631
481
594
673
449
90
719
787
473
709
782
744
630
504
304
14
343
377
349
312
236
754
669
465
187
261
157
8
737
57
383
622
171
520
471
100
715
583
211
11
227
783
743
17
152
117
309
533
170
671
531
176
192
737
821
383
256
827
218
196
113
577
394
441
49
399
477
681
420
478
686
435
526
244
716
374
645
380
273
260
479
118
210
239
8
39
184
580
616
347
776
23
676
469
171
19
311
797
292
362
815
603
31
742
693
183
354
35
396
447
522
62
489
505
491
419
650
332
483
387
83
749
75
16
258
514
389
70
185
2
561
118
384
471
168
578
358
407
165
560
552
771
460
723
221
48
727
659
17
763
187
178
552
630
127
187
274
483
544
732
461
438
221
184
504
547
703
29
28
27
751
646
536
525
829
446
560
259
254
565
20
570
301
1
489
577
296
607
93
592
647
658
428
233
732
188
291
88
315
507
729
234
651
16
811
508
36
791
661
207
553
105
73
309
374
722
291
809
19
737
652
730
81
817
336
496
166
147
583
12
196
552
432
29
132
627
572
793
487
624
773
510
710
595
428
325
483
254
131
541
268
764
123
309
423
146
6
175
113
186
509
725
322
5
260
253
225
233
195
823
250
726
124
581
813
436
798
546
686
635
245
78
160
522
361
447
414
240
301
207
109
348
727
384
806
794
663
545
785
202
720
779
197
121
76
107
15
7
333
553
783
622
345
68
810
512
37
130
502
660
696
393
58
543
781
323
140
412
407
16
693
702
250
171
802
159
668
641
723
214
163
235
641
202
687
407
313
12
103
585
359
816
520
633
268
42
685
10
40
243
131
436
250
621
172
617
610
824
334
658
148
485
74
107
77
826
772
813
204
778
84
97
377
708
54
770
183
757
782
60
594
287
157
685
523
501
304
499
486
689
756
256
815
128
252
35
303
410
752
190
578
653
295
359
376
635
580
164
363
334
492
657
829
243
49
605
33
313
381
610
718
375
178
817
751
600
635
377
624
608
721
709
437
60
830
708
208
37
679
310
31
645
774
412
635
493
593
18
7
712
199
503
107
807
372
478
590
668
776
211
307
341
589
492
212
622
824
449
769
273
453
592
447
470
113
711
82
454
131
170
444
663
39
131
95
543
764
190
793
272
628
524
614
360
150
59
583
76
573
346
746
56
204
495
256
662
585
145
189
226
525
495
29
642
496
128
379
355
289
96
132
469
748
223
670
618
676
65
458
820
297
823
373
60
450
277
672
516
143
292
524
98
95
313
120
13
437
821
319
353
439
772
480
227
645
142
636
366
37
130
458
262
81
804
382
475
63
417
70
398
443
755
92
549
576
456
462
202
383
331
298
224
778
371
148
773
439
34
315
399
806
193
569
22
690
184
88
270
538
252
80
202
818
534
212
803
393
621
680
677
766
272
786
46
342
179
160
437
579
717
313
603
568
262
622
37
51
338
468
295
158
152
29
145
363
242
629
321
749
43
640
159
751
695
14
427
673
50
275
247
14
215
761
509
649
709
823
365
106
225
199
767
494
266
79
683
736
240
457
788
671
562
675
30
690
183
98
594
315
674
349
766
120
827
426
454
612
197
419
139
665
486
79
102
427
610
281
377
379
727
637
406
822
700
748
356
288
271
226
820
155
135
41
537
286
507
583
91
609
574
429
342
702
529
494
667
317
49
671
772
95
47
804
624
120
394
567
131
639
620
774
303
138
454
763
384
17
620
173
192
320
211
38
280
820
285
551
22
137
393
182
415
600
807
602
190
695
232
765
243
606
660
1
788
646
708
637
60
341
460
674
21
307
404
758
476
151
339
255
108
386
789
233
20
4
538
294
479
241
57
482
252
390
253
303
594
7
254
802
128
271
664
603
394
519
813
728
620
401
272
103
729
232
569
704
174
15
552
746
470
617
346
594
468
564
387
113
70
253
216
118
261
301
314
782
554
134
459
177
652
478
261
705
491
606
579
689
759
4
174
117
66
645
398
256
774
433
111
724
467
134
400
659
467
104
641
504
815
301
556
476
213
462
463
394
649
553
328
7
62
227
73
175
778
366
723
593
22
519
501
486
271
227
44
138
624
321
209
378
208
686
479
696
631
790
216
464
452
791
475
54
318
302
456
765
238
451
31
169
173
242
622
336
179
672
567
778
363
108
225
395
540
393
147
259
257
540
478
321
88
476
237
637
388
136
470
385
168
492
625
540
807
645
191
653
533
801
211
89
661
174
821
91
410
829
238
762
335
168
108
233
314
419
769
718
41
479
637
744
466
437
530
391
119
172
742
19
716
534
669
115
412
105
722
309
501
536
749
531
585
771
138
530
368
203
342
792
236
372
263
543
136
131
773
506
67
86
508
232
602
88
686
612
98
696
280
41
488
53
658
31
77
24
547
632
400
540
298
320
35
408
579
730
27
148
78
39
482
55
387
201
86
396
397
804
286
168
502
800
352
223
143
210
15
342
299
361
433
181
558
174
789
760
288
294
754
273
234
89
44
400
457
617
450
371
464
286
754
275
233
66
140
191
496
678
623
635
733
375
420
175
396
650
701
573
811
245
282
172
15
144
199
538
374
323
172
169
748
452
258
696
301
8
96
587
308
276
37
806
689
400
797
12
446
254
550
458
200
261
571
337
727
486
796
323
264
807
298
304
223
216
410
780
572
263
453
632
480
266
639
794
149
674
253
350
135
334
683
312
679
157
439
289
2
223
215
389
235
238
276
71
452
604
243
46
731
556
217
443
429
191
70
35
596
357
20
804
411
112
610
380
315
74
608
587
338
592
495
408
53
650
337
441
314
220
718
4
404
284
245
792
73
143
428
138
627
784
75
540
540
666
752
777
28
525
440
610
589
558
80
202
24
552
306
611
215
4
491
622
776
638
452
659
2
127
192
809
397
66
610
81
824
770
241
264
186
491
230
404
17
698
472
458
80
764
530
116
561
667
548
296
578
372
22
190
165
817
666
742
93
760
693
628
148
204
135
485
364
216
475
451
101
159
515
488
676
503
129
517
553
7
545
715
112
630
413
634
490
701
805
527
524
244
814
769
651
131
754
458
465
115
598
814
302
149
715
134
453
744
724
77
200
662
823
559
236
140
404
172
615
311
339
726
243
48
554
345
821
514
43
656
238
493
798
652
575
632
668
750
154
7
143
548
689
97
68
658
798
375
118
464
396
632
347
348
278
754
792
555
741
611
350
747
449
69
261
444
581
482
257
305
65
213
126
45
217
272
694
763
596
621
103
411
77
283
417
777
661
213
524
159
789
638
71
568
128
278
556
21
759
181
763
216
150
502
325
46
784
286
139
111
691
747
442
803
542
830
85
201
328
749
152
393
476
285
826
68
784
668
758
405
313
823
222
340
797
507
265
332
530
284
95
187
220
389
17
62
413
333
448
2
359
497
52
606
498
198
546
629
639
52
198
216
158
224
232
484
299
178
577
640
481
796
425
353
628
559
692
284
291
811
773
34
735
802
153
158
98
508
716
273
40
363
334
83
7
556
461
534
704
296
489
670
414
380
303
236
779
91
291
728
15
474
327
421
479
765
454
759
243
84
739
410
577
783
309
669
231
572
279
768
332
481
500
674
47
768
611
554
604
398
329
680
275
240
410
50
718
52
144
596
366
194
315
542
654
250
9
482
754
233
524
272
552
361
740
505
674
291
815
297
4
147
460
416
227
126
745
103
79
126
695
468
331
247
690
572
247
570
467
314
753
387
86
300
470
697
368
674
546
5
182
777
490
581
539
620
456
118
101
274
578
396
341
387
104
485
735
583
747
449
153
740
553
793
197
15
708
710
443
635
468
510
319
789
28
725
203
781
778
314
547
48
314
662
214
803
413
825
632
202
238
207
412
745
452
304
302
442
454
745
717
596
494
148
426
651
423
630
516
642
15
177
17
84
276
373
493
830
716
356
375
400
366
713
614
187
403
503
254
656
174
499
506
270
187
511
801
319
794
299
37
710
190
827
343
605
305
81
466
361
584
298
528
494
387
344
476
62
175
792
453
20
365
193
483
25
589
421
137
27
616
691
545
722
591
287
381
268
482
723
761
637
788
555
20
147
429
593
428
714
788
767
384
723
480
323
512
756
408
481
806
468
6
410
32
55
23
374
828
721
247
210
518
489
119
750
248
591
765
510
673
259
408
259
95
729
762
31
337
653
521
543
534
77
787
757
479
563
550
359
481
13
819
531
255
300
703
249
175
112
336
143
207
554
40
461
40
172
497
638
728
248
812
594
93
581
90
623
202
585
392
688
249
248
372
479
484
615
177
684
684
136
335
677
153
140
43
477
769
457
202
776
273
259
806
623
633
612
171
826
10
195
169
216
720
802
234
599
145
595
335
204
750
400
794
543
52
100
47
818
260
262
297
680
444
105
6
457
308
446
728
630
663
188
328
38
261
226
529
566
280
225
443
50
304
713
312
786
233
312
613
677
507
483
750
33
255
272
539
423
724
561
523
6
201
212
668
630
713
189
340
343
722
354
210
617
221
814
113
350
479
54
727
17
243
443
809
785
188
653
549
603
823
693
728
163
322
423
601
549
473
158
121
766
383
466
478
21
226
639
532
701
104
378
145
263
538
248
228
420
465
365
322
282
810
305
726
735
384
564
802
18
197
546
150
766
585
734
66
270
728
261
556
229
496
280
327
702
705
114
623
428
633
358
212
685
676
40
745
369
655
299
679
205
334
8
194
548
799
61
633
752
125
39
578
443
39
485
493
696
396
160
758
230
16
120
697
335
375
159
282
143
465
68
126
344
754
161
369
700
465
800
321
87
71
738
278
565
748
330
732
136
729
31
677
46
340
639
406
504
131
249
240
332
189
151
510
19
402
393
421
508
261
146
344
92
786
574
507
651
48
678
123
800
390
55
319
571
120
331
592
416
820
733
781
819
801
145
651
391
242
377
770
445
197
265
383
629
95
566
121
129
820
398
395
678
344
16
393
61
452
408
355
193
819
282
620
781
296
529
287
778
752
683
717
657
170
700
361
274
430
769
232
722
675
240
5
16
327
171
622
539
361
497
581
296
586
738
267
522
749
559
230
649
569
531
608
568
683
631
665
644
415
282
802
616
260
419
471
825
396
174
623
701
815
83
453
553
747
765
394
158
87
501
304
173
803
485
25
302
27
376
169
150
606
299
103
344
641
218
203
112
253
99
797
371
216
617
692
7
203
130
245
130
624
707
782
725
690
257
350
828
51
257
706
768
228
525
574
779
199
34
389
713
776
76
346
645
557
796
749
640
64
600
262
685
238
129
165
430
131
27
246
285
517
611
222
376
395
684
163
346
290
48
356
3
377
426
427
279
608
402
225
7
650
676
712
710
280
245
183
182
618
825
495
830
198
416
137
721
462
326
39
72
358
250
196
405
418
723
619
600
489
124
410
397
356
82
781
543
651
388
525
429
795
822
751
99
240
211
392
694
426
610
149
638
180
305
690
748
304
613
351
59
359
201
201
198
460
619
105
4
667
298
76
75
580
563
643
820
35
691
238
28
349
503
516
285
147
498
767
218
331
562
699
683
644
532
456
758
113
156
279
12
117
671
463
149
739
685
80
103
260
149
142
624
452
281
785
431
704
480
671
193
67
308
770
57
70
591
689
717
394
366
448
602
554
5
344
233
573
532
365
373
92
770
45
564
463
621
531
105
601
656
513
683
349
52
376
714
602
494
449
341
478
137
538
781
695
111
541
331
818
498
828
672
162
673
214
384
281
811
470
125
75
163
812
377
541
102
285
557
713
136
294
215
21
745
181
406
108
394
787
351
681
579
335
605
139
309
379
773
119
320
67
747
49
282
776
645
268
678
426
177
309
313
38
139
734
769
390
375
668
308
488
64
820
206
625
198
167
458
820
171
309
468
764
576
464
129
427
492
750
490
753
67
372
117
162
707
182
256
574
206
120
160
784
469
84
280
538
453
241
469
273
734
818
479
403
354
659
28
354
375
221
728
612
666
281
26
764
167
487
477
20
329
719
404
320
816
409
592
692
83
433
653
806
127
365
564
327
827
118
265
661
320
230
32
239
642
349
724
70
751
362
500
43
468
223
324
231
27
733
654
292
145
666
238
584
645
58
818
747
309
660
117
251
433
753
86
80
564
490
542
705
594
152
772
272
345
36
236
291
355
586
372
91
671
774
186
10
166
568
477
261
155
72
783
266
410
503
712
635
550
57
277
500
817
231
492
8
339
161
350
317
176
265
280
689
381
470
627
293
168
784
388
270
417
375
703
71
686
407
385
601
266
31
410
281
323
663
623
135
730
748
521
263
714
189
278
734
490
778
347
450
524
254
671
7
401
101
50
57
321
297
485
493
398
827
756
132
601
409
598
814
88
511
95
298
310
359
316
279
14
49
346
704
745
517
671
559
353
481
469
659
204
79
90
491
355
569
10
449
566
11
144
589
294
665
338
785
108
115
426
281
136
499
825
750
425
658
551
656
45
806
585
116
153
594
386
795
231
232
494
747
322
92
117
657
216
482
153
705
234
407
652
714
190
707
159
359
271
653
490
300
362
27
34
291
255
258
365
631
520
538
336
93
164
39
412
794
712
622
783
103
626
48
537
265
720
132
11
93
598
377
268
562
313
365
180
821
520
701
361
40
333
358
32
404
19
166
444
37
226
421
547
519
705
13
304
692
261
140
57
828
426
126
162
769
160
272
610
690
466
721
482
58
590
345
714
200
527
371
36
245
757
508
716
170
644
437
88
488
561
171
312
554
183
76
567
248
793
652
272
556
68
51
497
183
546
256
224
81
568
554
722
584
132
478
265
426
583
352
288
333
185
45
228
598
700
391
174
603
28
538
259
598
621
79
530
353
208
718
738
1
60
316
57
245
750
28
161
478
509
716
615
768
635
668
233
165
576
719
310
248
409
633
769
670
708
683
800
288
324
303
295
518
682
562
243
309
297
127
13
16
650
442
281
572
326
245
33
520
16
379
85
407
412
355
235
42
606
186
128
358
604
516
631
604
171
144
707
297
553
415
745
657
504
742
620
152
618
581
459
266
666
513
797
93
679
477
385
642
398
419
323
589
348
361
237
485
812
661
517
769
84
233
411
562
522
127
755
210
297
565
356
565
757
397
601
118
135
34
123
199
66
57
697
533
116
447
182
223
744
486
760
577
713
692
5
95
300
230
781
256
684
689
682
408
671
663
659
33
429
719
17
712
821
685
635
270
278
431
329
700
809
492
639
582
484
228
208
680
266
118
694
525
402
455
761
34
154
453
566
338
151
494
79
255
468
605
96
410
174
140
787
397
732
393
743
63
209
139
447
784
312
101
512
37
29
136
479
182
562
229
774
585
152
621
161
615
828
748
95
12
642
98
221
694
413
758
204
738
274
817
150
600
165
389
239
389
394
712
477
773
380
250
280
613
592
249
530
507
138
177
96
261
296
426
452
110
342
797
17
111
100
265
381
392
26
564
417
673
742
573
436
641
194
504
249
233
157
751
653
478
473
738
665
566
138
314
382
606
228
263
236
161
192
316
632
16
370
296
772
250
115
105
42
792
229
551
349
811
293
55
217
698
450
736
19
294
657
466
671
275
337
540
296
274
691
574
622
6
70
251
388
68
578
643
789
303
664
264
441
430
233
274
708
500
311
171
754
592
798
19
330
298
541
431
246
550
172
280
225
254
788
233
333
490
321
240
542
571
137
91
762
644
351
255
368
179
360
227
614
132
777
564
273
821
214
273
698
445
759
491
199
707
556
211
240
299
329
105
517
750
245
571
39
109
710
744
186
656
821
646
805
440
643
166
677
473
535
682
412
597
326
506
702
763
80
507
427
812
282
693
189
302
807
331
476
651
722
510
609
257
170
569
21
428
829
88
412
148
284
1
463
606
246
254
548
384
638
303
135
193
86
737
304
774
229
807
708
86
15
287
308
324
510
222
406
258
669
323
699
270
786
537
780
646
154
613
34
352
302
17
150
631
343
634
714
676
444
125
327
384
81
287
594
462
414
771
47
146
146
488
659
104
219
507
121
376
586
223
618
469
463
135
76
220
674
705
119
236
367
560
489
281
390
480
332
161
248
789
326
3
588
97
440
457
537
788
363
650
76
812
676
773
629
814
301
122
3
319
113
640
746
166
690
175
47
564
504
514
104
358
750
493
788
94
208
207
144
205
330
553
8
364
254
205
688
437
50
461
399
811
532
764
217
129
467
585
310
167
517
398
287
622
440
601
710
372
159
545
73
614
473
135
205
806
102
535
317
272
142
461
465
4
654
111
624
131
753
200
385
135
431
379
371
775
44
500
666
605
225
586
479
381
327
631
402
347
624
720
811
540
166
703
464
60
469
808
463
682
32
423
247
597
250
30
447
557
7
581
415
355
723
823
33
537
312
260
226
247
63
486
443
551
655
44
227
526
570
589
605
375
54
719
793
150
176
276
454
454
511
553
291
247
322
819
574
438
637
292
620
415
84
358
808
564
208
24
172
515
484
68
94
426
135
561
775
634
522
180
552
33
564
236
318
419
349
746
315
744
436
379
109
315
219
299
60
194
674
322
12
722
166
445
252
514
550
413
132
436
228
605
721
711
325
261
608
770
190
667
798
529
731
794
719
381
518
314
256
471
722
94
391
447
142
126
560
826
18
433
383
407
182
302
601
318
640
741
607
553
521
180
560
228
194
502
677
433
825
56
61
261
771
316
481
268
663
354
107
646
340
58
695
195
252
251
397
179
52
25
439
432
171
691
144
699
381
324
7
124
168
127
212
491
230
631
123
682
503
253
300
316
579
576
645
827
725
799
636
457
599
10
193
447
676
723
725
786
552
43
696
302
186
253
678
351
31
482
679
826
152
323
255
225
677
9
248
815
235
353
428
18
643
577
163
599
283
597
232
554
759
346
178
373
707
440
264
426
250
115
521
243
227
822
116
305
518
237
394
596
693
679
298
777
494
152
355
365
759
640
290
83
123
247
528
814
596
308
762
83
437
731
670
481
486
770
137
711
542
252
568
727
159
648
380
382
649
467
155
302
545
454
234
182
59
93
387
331
430
75
345
18
694
424
399
571
561
786
2
337
705
126
507
517
69
346
721
215
338
683
84
648
117
441
635
810
261
811
361
110
325
224
212
612
585
500
111
500
751
668
785
173
238
596
239
176
493
744
95
658
509
799
562
157
397
738
638
126
293
545
282
503
425
752
219
439
571
376
417
397
720
694
19
30
627
221
440
825
667
330
250
167
705
683
173
565
521
707
100
814
487
100
477
642
91
180
806
403
336
725
706
384
544
419
330
368
380
750
445
338
202
309
634
607
60
352
726
351
456
625
584
579
347
462
123
418
679
279
627
731
224
773
64
789
509
395
358
29
815
588
480
785
699
309
746
87
390
764
697
495
455
32
447
198
33
385
667
291
571
542
173
645
339
157
814
346
708
60
535
452
494
24
68
509
210
315
402
360
20
346
197
142
405
608
667
407
270
270
623
251
391
143
552
585
784
115
204
732
776
220
496
42
807
238
303
75
564
741
493
291
106
618
816
246
220
262
478
331
461
304
698
705
517
561
221
317
795
470
674
440
554
658
78
778
828
702
54
805
657
753
322
442
247
654
196
551
155
420
663
299
257
597
183
228
245
153
117
280
389
25
828
265
328
824
370
159
65
666
812
586
777
411
402
557
28
78
736
68
175
19
792
261
735
598
311
438
697
15
447
761
414
686
651
777
348
204
729
499
806
210
550
279
21
664
234
357
370
535
242
531
393
693
154
290
427
255
688
532
160
561
114
496
757
801
490
360
59
556
370
276
172
475
563
31
692
10
696
475
174
708
407
591
802
588
106
447
466
634
347
651
137
161
6
653
823
475
458
254
814
209
131
792
773
813
369
9
318
759
2
769
617
654
449
125
787
113
819
490
415
737
320
378
689
51
622
347
332
827
645
492
698
111
640
29
548
245
618
668
720
52
666
412
595
729
444
566
263
162
796
615
807
417
271
547
793
300
421
656
576
687
120
577
554
639
738
9
437
607
217
713
469
183
203
700
359
223
422
457
114
595
708
599
397
330
787
792
514
101
821
201
442
29
638
720
433
5
518
19
781
668
444
79
166
479
727
783
138
315
479
468
699
267
209
151
542
456
734
734
58
743
266
372
153
701
468
72
661
758
193
105
209
450
741
503
516
815
403
79
418
30
452
714
787
319
278
663
498
496
793
199
355
296
315
681
230
731
243
274
46
478
44
612
458
42
782
535
572
541
120
452
735
761
454
682
721
196
260
545
402
215
350
148
225
201
141
360
80
421
34
178
459
18
55
771
819
806
274
722
687
263
286
729
646
557
451
371
139
414
421
550
722
156
66
558
794
700
79
334
299
737
218
90
368
576
371
30
654
798
776
556
76
616
765
630
670
402
805
340
480
84
822
398
488
551
738
748
484
815
798
296
174
423
527
248
753
734
640
168
30
320
417
128
388
704
248
440
284
580
558
787
512
677
410
86
70
172
250
268
626
245
519
644
312
619
417
130
674
422
186
740
736
656
683
758
270
97
39
105
144
122
579
192
664
803
545
780
268
364
329
249
730
724
113
451
792
267
360
26
656
45
717
20
664
591
452
621
598
614
714
563
12
342
706
234
679
581
382
35
537
658
82
491
606
799
816
394
182
769
744
826
744
815
14
830
44
321
796
687
419
667
464
266
489
44
425
606
561
315
349
85
8
565
759
391
454
612
153
428
381
747
342
585
484
104
264
361
553
533
3
795
384
561
607
526
147
68
774
387
758
570
291
677
358
94
755
413
680
598
720
651
561
453
393
508
326
221
323
639
90
116
257
524
809
264
262
820
48
219
440
139
685
781
248
42
664
248
93
277
639
623
807
471
172
229
698
275
501
367
520
650
776
705
528
371
466
775
148
599
251
361
524
743
461
759
671
814
409
356
458
654
483
392
634
483
630
731
362
664
503
572
755
348
199
192
185
670
106
111
257
743
682
463
731
648
26
408
310
45
211
19
51
371
670
262
764
225
235
213
733
379
127
817
547
653
715
793
56
213
122
714
103
673
656
544
622
163
123
182
445
736
778
318
58
157
404
749
372
822
166
155
104
749
254
451
356
137
414
693
709
129
324
231
385
46
398
147
628
386
210
15
403
593
473
637
340
66
24
273
759
785
757
653
234
369
491
526
78
687
641
505
724
134
249
511
729
457
649
3
733
673
339
376
440
49
45
237
343
2
718
715
830
745
41
443
17
319
349
88
697
43
715
82
181
116
480
330
557
598
769
293
706
822
585
698
375
418
572
475
182
823
41
25
189
325
213
131
717
320
531
352
32
670
257
281
203
445
314
486
459
377
54
183
160
524
517
97
140
226
732
614
632
480
76
502
719
380
713
331
8
701
765
338
77
656
376
320
772
619
55
500
627
622
94
541
337
169
808
178
584
248
821
307
249
650
826
402
471
564
431
277
61
516
187
172
718
582
588
721
825
94
4
239
42
307
725
131
105
653
103
155
10
509
826
262
541
93
185
377
409
290
293
830
455
342
812
195
224
493
208
539
177
690
513
656
531
363
15
279
564
199
28
229
356
84
20
196
704
233
658
402
437
314
720
826
242
705
749
354
730
715
548
564
191
724
178
569
269
787
6
486
758
463
495
472
743
741
345
714
317
573
648
126
178
28
287
141
679
66
41
740
712
399
221
496
361
90
273
745
386
236
283
363
19
558
671
217
711
778
710
763
301
294
824
708
310
151
106
284
661
136
33
35
190
398
262
26
201
99
255
28
366
82
402
204
557
53
630
732
710
23
159
2
388
127
714
672
797
65
815
214
241
568
263
816
381
487
462
731
307
76
528
311
678
90
788
72
263
101
747
707
599
401
291
15
25
707
748
829
2
583
100
309
593
666
817
696
482
326
808
407
820
10
508
572
159
112
293
358
475
591
686
822
331
597
348
169
290
600
91
176
796
461
588
712
709
509
827
19
647
694
578
613
254
520
232
130
28
613
617
264
324
365
735
429
526
137
390
119
621
292
670
656
680
95
105
529
358
603
590
298
545
721
21
748
782
622
148
631
575
474
426
321
671
466
805
800
655
632
233
627
527
153
415
471
304
248
560
85
22
491
797
209
349
749
766
106
296
592
182
310
180
231
49
548
735
158
291
74
57
787
131
581
373
781
687
367
316
339
300
437
334
20
122
586
685
268
193
778
614
223
475
266
677
587
282
61
95
429
188
384
309
656
24
797
250
662
551
8
692
16
102
180
127
4
89
240
46
163
443
12
655
32
66
528
801
387
384
514
60
756
266
194
419
172
210
240
108
803
87
200
313
305
521
552
432
638
303
544
46
127
766
503
32
222
405
621
777
136
586
557
795
273
139
322
317
724
557
217
824
492
249
522
525
42
26
461
374
670
236
45
763
379
192
233
114
537
675
94
507
765
37
783
298
501
289
212
202
13
752
643
7
533
590
299
577
46
487
153
301
461
254
581
85
344
653
300
36
185
662
404
189
426
434
255
404
699
400
214
547
29
441
517
824
326
262
98
799
775
387
31
4
370
710
156
212
702
437
456
620
707
807
764
305
669
742
226
538
279
173
781
126
273
816
197
403
182
201
645
817
334
412
394
779
34
644
698
657
536
119
769
84
538
697
558
205
446
386
167
720
620
125
297
478
529
823
130
77
89
447
769
134
297
619
681
93
50
809
576
304
207
321
35
327
516
802
291
687
698
131
257
470
87
234
109
138
651
722
280
448
532
823
390
128
398
713
286
308
296
656
775
400
754
495
728
488
124
244
98
413
338
41
600
281
599
160
512
51
207
739
166
156
518
621
369
624
444
625
162
295
589
790
821
806
784
274
41
715
204
310
39
480
781
357
110
577
64
752
493
372
199
749
520
90
431
168
233
653
181
482
741
301
141
497
766
77
287
584
589
19
150
176
111
342
534
738
57
139
728
264
527
733
759
75
225
513
250
73
239
699
547
597
376
749
430
72
182
703
478
291
208
30
102
69
266
42
232
167
277
182
310
543
479
259
347
780
142
561
668
610
85
428
118
415
306
92
452
728
13
771
192
17
766
249
23
125
600
33
9
364
523
618
417
405
475
65
248
334
665
375
527
479
325
487
502
37
706
682
799
564
769
821
119
664
146
174
514
771
262
444
693
292
816
448
155
489
308
323
481
137
388
468
63
670
209
104
94
499
226
705
761
295
364
478
248
273
480
474
527
714
282
217
226
149
706
393
675
453
602
589
157
17
531
659
310
147
460
67
587
393
265
155
147
686
348
294
206
509
617
325
739
307
811
569
17
24
542
433
363
192
658
639
621
512
147
287
304
562
553
743
407
93
99
308
251
14
562
183
820
710
263
374
17
692
151
94
556
238
658
758
122
643
813
689
789
111
391
220
357
703
701
40
674
99
329
318
165
694
779
569
787
655
700
299
125
304
473
116
381
53
470
652
86
587
807
608
436
802
594
587
606
799
230
772
796
151
351
118
718
826
601
697
360
70
175
762
355
133
268
517
351
775
15
767
143
358
125
595
199
756
533
601
110
300
424
434
439
677
346
8
478
696
513
252
345
165
535
624
312
459
46
91
541
662
629
20
200
397
703
651
70
698
179
508
202
409
718
662
147
686
432
287
132
66
141
281
442
76
508
263
62
285
806
435
661
435
170
693
397
651
420
699
545
227
673
267
328
331
666
816
307
312
727
52
16
98
764
746
345
126
486
811
161
81
601
242
145
772
733
547
251
241
683
492
208
407
602
593
296
224
772
660
559
396
248
140
509
24
354
126
3
664
743
238
682
452
244
794
205
630
405
43
809
744
98
545
319
74
472
457
462
147
341
562
193
7
811
164
739
247
423
474
804
792
754
419
115
358
680
378
553
338
488
376
565
713
808
266
825
176
143
594
146
561
534
765
336
69
359
183
812
732
329
577
647
406
6
816
5
31
359
697
801
690
581
582
193
333
100
197
610
615
827
598
536
823
80
85
698
449
798
35
301
527
514
569
366
504
697
166
17
602
238
740
706
255
526
757
399
807
559
331
499
785
81
460
784
116
650
569
79
23
378
708
521
90
218
247
43
129
245
186
19
583
509
496
402
240
47
744
337
111
141
395
579
190
589
746
105
564
599
672
218
11
421
63
530
285
554
537
621
734
569
343
362
601
232
299
700
303
320
730
220
503
113
183
176
421
103
778
574
692
362
795
544
763
24
524
501
639
532
248
386
711
353
35
532
743
733
457
58
149
606
712
517
403
70
450
90
322
613
158
342
274
203
288
276
830
825
509
818
250
540
520
673
141
71
819
708
112
95
102
357
728
611
621
725
323
479
547
625
274
757
137
418
129
94
59
463
231
342
182
451
830
187
270
554
372
128
757
263
480
535
78
788
721
340
696
610
407
386
39
230
5
817
630
568
607
539
270
516
367
406
8
26
283
518
466
604
581
94
317
791
363
138
552
133
619
662
561
121
77
500
341
750
215
696
470
465
595
359
535
671
723
95
716
442
440
829
768
562
128
322
683
708
225
803
85
614
218
115
185
762
669
810
179
18
647
410
488
815
291
233
84
477
453
663
149
595
575
83
300
205
307
680
291
47
352
718
563
564
798
377
486
780
159
763
593
106
565
633
341
580
706
793
254
823
641
141
479
485
144
380
492
409
264
436
216
249
304
558
470
10
617
517
314
104
244
33
732
150
533
5
456
636
775
368
580
498
157
554
759
355
739
375
639
518
59
378
728
279
206
576
498
55
473
202
698
802
581
308
825
639
566
38
828
597
235
521
682
449
69
613
67
345
678
42
224
743
26
454
785
777
726
779
601
598
792
151
592
421
820
582
283
24
578
283
398
447
152
137
154
717
43
501
77
822
334
158
675
85
508
426
252
787
450
88
227
524
806
182
657
128
252
691
365
257
69
129
252
701
114
686
386
585
262
133
390
734
340
439
54
179
772
782
488
542
394
318
641
358
178
600
490
396
388
591
816
51
494
349
763
692
519
527
602
428
268
629
482
253
686
476
721
515
791
653
221
506
716
267
232
709
709
411
535
330
453
150
151
808
535
274
232
174
289
821
435
76
652
504
141
548
714
549
222
591
759
294
350
561
391
608
287
5
428
747
823
125
322
472
37
309
226
804
185
339
73
207
459
287
34
468
96
9
278
13
325
727
368
726
292
399
397
821
563
378
498
320
465
215
142
481
790
39
664
532
114
722
562
374
638
806
125
304
465
360
81
802
438
241
469
561
362
829
49
573
722
782
755
328
714
251
343
452
75
745
414
171
16
814
18
768
146
126
732
68
459
715
54
691
50
664
677
492
766
329
246
797
250
71
236
498
271
667
55
781
31
455
76
615
535
722
193
336
798
697
506
744
34
658
684
504
246
791
196
756
147
826
99
212
328
815
709
200
200
397
398
805
667
608
87
736
178
792
575
685
334
516
827
115
122
290
475
689
648
267
76
772
665
59
4
693
351
423
128
134
151
280
535
759
92
275
637
641
104
652
303
135
333
444
777
513
134
610
452
754
291
394
820
597
771
529
657
160
752
333
576
538
536
692
267
18
208
263
174
816
43
417
780
285
288
596
265
672
280
184
541
656
15
823
246
148
192
607
345
318
587
746
226
154
428
57
673
421
763
260
162
69
96
679
16
355
83
338
232
578
517
16
816
89
739
466
160
741
591
366
432
684
131
585
546
454
575
168
238
402
599
275
725
61
61
32
392
517
83
281
110
244
485
812
400
750
693
675
105
442
368
814
253
731
166
491
169
774
122
221
734
125
205
244
642
827
96
38
335
562
171
476
379
743
437
613
390
256
34
171
685
328
655
560
142
417
475
656
55
271
99
568
555
529
133
653
60
708
540
350
322
813
333
306
51
678
672
714
543
585
177
319
505
410
503
329
643
337
335
176
329
182
207
547
756
508
188
789
481
171
709
123
772
677
377
182
483
765
723
279
506
60
756
809
205
137
527
368
396
671
731
358
68
657
356
161
180
411
761
488
20
610
783
682
18
666
752
488
440
653
618
462
767
196
250
573
476
181
715
530
170
372
725
811
625
502
66
598
568
33
208
467
448
391
252
461
424
709
649
642
822
44
141
166
603
218
296
697
252
542
292
491
552
640
811
374
309
791
338
480
570
700
446
255
156
772
223
58
589
247
518
629
5
182
124
282
307
667
425
349
449
106
800
68
498
380
584
119
659
727
76
194
787
471
827
355
442
157
397
54
134
24
591
88
627
355
773
744
677
386
554
504
188
234
428
433
470
624
375
752
684
781
719
483
389
827
288
119
687
114
160
400
704
621
217
325
829
647
273
274
499
479
305
610
304
710
299
677
520
189
541
419
377
505
293
499
60
58
704
31
449
39
755
88
99
562
684
500
535
793
148
385
403
94
810
27
361
210
536
156
286
594
479
446
127
270
342
701
496
602
488
714
507
703
34
605
775
439
77
218
248
336
200
620
660
299
173
818
300
176
434
603
86
632
532
72
790
196
128
456
438
820
105
195
51
819
723
391
305
503
177
826
98
548
394
128
303
378
245
757
321
647
554
58
793
671
122
756
84
302
74
511
802
546
379
92
497
527
551
680
412
445
184
351
248
712
496
717
389
317
690
227
629
424
756
202
311
513
531
802
719
89
104
725
121
544
801
483
41
470
167
177
288
276
176
746
702
227
173
559
294
506
692
188
197
702
281
424
608
86
698
678
101
494
356
727
180
502
430
821
9
564
192
162
434
217
588
726
488
524
86
789
298
823
685
826
183
248
796
90
645
63
467
549
592
350
155
317
707
40
153
227
323
247
158
203
222
723
22
650
722
527
554
539
533
215
446
696
159
539
234
3
145
80
422
706
464
768
173
585
563
471
526
550
238
697
505
802
440
120
746
675
480
728
770
537
114
127
10
547
6
724
239
465
522
580
567
817
265
664
735
675
664
325
64
432
236
46
209
453
276
598
102
35
694
452
682
318
324
484
342
194
154
6
131
83
119
656
284
16
290
179
738
32
377
635
604
240
463
648
154
49
530
64
385
336
680
247
150
522
569
800
662
531
413
505
662
560
713
280
60
605
476
61
745
381
284
314
262
258
533
745
431
94
178
457
87
446
817
288
590
48
782
584
368
128
820
459
562
196
214
730
97
760
349
286
244
398
255
219
468
113
685
546
250
237
472
702
795
820
324
158
228
178
138
2
172
706
629
218
750
335
172
587
240
93
558
690
168
582
632
240
524
468
565
300
228
254
61
76
342
650
465
139
737
572
47
568
280
95
90
504
557
418
716
392
23
105
500
627
11
566
260
16
719
786
467
327
296
287
598
535
717
479
63
648
57
778
252
310
184
672
271
564
778
503
792
583
212
11
177
165
750
474
382
188
306
691
336
396
549
42
626
431
109
743
189
412
689
471
439
679
376
153
519
136
656
16
813
104
397
733
513
447
658
221
503
132
372
473
458
37
237
339
577
387
319
584
520
739
417
288
554
417
234
677
164
492
708
782
34
56
359
73
279
630
325
345
372
109
43
643
15
291
662
24
768
787
660
629
411
58
782
114
705
97
188
28
97
354
650
812
383
722
482
161
153
141
500
681
286
251
708
66
627
727
805
163
597
108
252
287
5
436
525
286
549
177
610
273
185
411
31
563
414
155
587
595
642
269
682
249
606
419
463
749
104
777
822
3
642
778
152
64
19
553
416
80
545
537
679
623
582
263
685
124
777
704
400
444
453
440
569
699
614
777
815
380
278
647
547
260
326
796
4
388
663
388
740
369
566
789
557
333
27
396
469
436
650
609
333
481
589
671
625
41
724
403
58
670
750
212
295
674
176
165
716
75
569
16
510
315
688
584
43
723
668
723
593
84
225
401
738
299
16
122
661
777
789
40
707
146
230
695
790
451
675
218
262
498
78
108
542
789
498
17
447
349
132
769
539
171
488
597
40
431
629
18
227
29
289
344
403
10
697
554
326
410
412
828
139
690
746
245
145
44
499
403
402
265
315
104
378
282
132
381
302
444
55
89
695
453
750
192
384
282
334
510
767
786
320
814
438
338
124
593
64
715
469
524
682
711
404
722
73
173
486
473
70
167
213
302
182
287
147
802
76
407
238
130
471
508
163
434
71
181
433
418
103
728
830
458
665
332
282
178
557
517
583
258
700
706
728
54
741
574
649
287
550
554
704
178
266
790
223
617
338
356
431
294
769
6
6
525
1
265
405
678
215
150
443
504
694
797
39
254
427
480
156
747
549
429
716
565
417
345
151
264
304
733
529
793
451
580
168
253
470
179
86
791
485
478
20
560
467
476
417
594
302
649
555
581
810
490
660
598
46
156
648
339
332
343
565
142
36
805
28
741
575
756
601
36
162
741
293
462
342
66
519
466
231
656
557
33
581
737
593
691
319
796
39
276
700
308
35
155
582
229
404
276
36
646
536
129
487
763
314
344
512
270
228
350
24
625
630
385
421
736
659
638
511
476
161
729
496
474
146
251
245
527
225
408
386
511
505
215
541
519
789
185
693
449
297
38
748
74
474
240
301
428
496
565
551
757
445
571
270
231
824
401
714
330
745
600
467
441
731
399
278
121
270
753
751
460
325
418
466
187
717
735
719
477
609
261
785
441
179
450
347
666
772
45
362
742
524
754
150
736
209
161
477
476
233
445
26
220
809
633
262
245
538
365
112
111
774
620
222
671
318
541
369
529
144
539
517
230
521
497
288
625
497
431
525
291
132
170
606
84
710
127
818
76
682
197
111
36
91
118
108
375
85
667
158
657
375
393
356
256
571
655
74
550
588
407
558
89
778
426
243
312
132
644
595
342
87
523
674
619
266
152
680
477
59
153
133
207
767
449
410
123
492
751
810
672
269
282
29
205
356
294
256
416
281
716
162
502
253
761
90
753
362
686
382
36
765
226
99
439
761
160
266
619
268
808
376
116
455
405
636
736
781
355
680
54
798
244
600
716
296
768
259
109
42
483
294
13
174
380
613
629
72
655
272
242
259
704
560
514
479
793
234
345
509
451
390
20
636
544
534
579
121
317
89
208
30
38
748
209
265
218
268
526
471
418
688
597
471
809
195
574
391
182
666
584
189
48
132
34
13
496
273
3
318
651
182
288
125
194
696
415
796
577
478
440
108
613
561
725
523
282
152
556
66
556
232
778
270
158
28
304
653
703
413
147
120
7
501
220
65
532
76
750
95
532
781
179
354
231
328
488
436
802
14
486
340
319
536
214
575
372
164
12
480
445
63
543
202
231
419
177
703
151
785
285
663
772
556
540
234
373
415
587
709
425
320
643
234
605
817
87
296
362
381
500
415
374
204
222
752
622
785
109
523
596
293
284
234
415
708
508
62
63
19
799
538
553
725
664
546
118
501
505
402
65
215
238
744
16
298
430
333
163
307
158
150
110
116
387
790
7
724
744
384
808
325
642
253
682
12
695
752
284
144
209
325
60
42
630
784
523
306
647
494
222
256
333
311
535
78
253
304
508
561
281
317
559
182
418
810
719
730
45
428
387
549
440
686
651
636
203
307
223
807
581
698
2
127
144
26
251
499
142
263
609
60
324
579
275
716
3
337
318
448
332
173
67
512
520
364
449
164
592
608
13
184
629
443
162
758
24
509
1
49
82
606
570
456
509
525
330
373
631
328
610
354
743
635
304
448
303
643
136
69
619
505
516
299
162
293
821
452
271
531
748
231
346
132
733
815
743
698
527
604
416
93
552
180
722
100
710
117
521
460
335
608
62
497
208
816
555
340
444
348
244
213
593
555
560
351
683
420
631
575
202
26
550
308
240
190
705
70
404
522
192
17
698
254
73
313
116
590
2
279
567
120
172
548
698
344
352
660
724
759
335
283
748
100
134
458
266
596
726
342
756
13
775
3
688
379
809
564
498
480
796
239
137
245
803
268
539
192
265
219
30
650
609
581
256
501
210
727
701
448
615
163
591
101
130
760
721
513
613
577
461
178
657
540
378
477
64
758
802
548
134
810
173
720
22
393
450
147
218
251
452
260
751
466
306
183
464
448
471
184
104
130
311
174
516
161
62
661
784
16
813
491
334
649
116
475
446
283
26
193
230
438
341
637
463
309
191
376
414
73
243
312
546
235
191
315
553
652
166
581
646
43
289
30
779
171
632
823
190
475
179
430
244
523
589
337
36
641
686
734
87
538
639
279
277
680
626
231
517
674
669
352
263
740
578
47
33
465
373
460
519
48
626
35
719
739
450
607
728
795
517
499
306
122
341
21
771
780
213
604
150
357
713
147
83
780
385
311
529
317
251
271
754
227
822
253
198
56
809
321
167
639
485
305
726
20
278
792
128
776
255
174
661
268
4
716
503
1
784
468
694
50
60
206
544
13
379
246
84
730
588
737
239
227
805
727
658
608
703
703
142
761
332
658
322
447
661
216
48
167
650
598
195
634
111
264
581
292
279
58
710
191
274
736
741
289
236
442
43
304
584
817
108
822
145
813
351
598
284
223
460
377
530
274
619
159
440
321
336
374
811
54
499
365
657
441
166
21
100
10
511
114
107
529
548
173
710
483
320
35
424
98
347
513
291
98
684
255
128
693
674
372
235
167
472
100
466
574
818
808
599
298
281
147
539
500
33
683
408
361
105
184
57
152
716
736
152
364
264
245
600
528
470
559
411
528
206
455
707
345
822
246
574
638
602
706
273
379
41
711
173
516
383
192
809
117
748
234
204
197
294
514
195
797
198
735
821
57
590
752
465
566
446
545
141
279
808
494
829
727
241
114
417
412
821
317
266
486
331
188
690
595
403
517
8
645
658
824
38
259
353
70
337
55
241
802
68
617
317
679
594
606
778
14
790
772
823
344
457
99
45
281
464
764
722
76
120
537
796
738
115
456
628
225
635
646
528
359
486
253
601
32
61
260
495
585
45
298
507
80
426
462
310
767
526
707
542
774
506
705
220
714
814
33
485
387
577
494
453
753
280
624
217
623
693
823
277
75
586
74
249
596
147
691
585
621
223
366
320
747
782
397
564
133
589
555
396
691
277
342
255
60
721
691
660
753
83
786
718
472
827
564
49
185
412
266
500
30
829
244
741
266
219
106
792
369
285
332
457
151
727
528
768
128
297
146
576
426
10
540
248
782
65
731
257
489
66
691
625
10
68
577
62
725
253
199
142
217
210
303
372
190
441
805
619
802
393
735
779
579
240
698
102
358
655
34
177
404
777
20
117
280
519
211
90
62
137
395
275
62
672
642
18
190
207
750
424
471
404
519
93
142
527
135
537
115
226
198
188
685
364
594
439
490
748
603
315
79
735
599
639
769
364
39
65
23
190
361
673
262
415
104
404
552
176
243
185
649
476
350
127
50
273
193
687
691
394
406
365
800
411
777
283
442
514
19
207
361
661
502
571
375
101
828
20
521
669
829
107
635
80
136
802
164
779
731
310
657
13
309
288
749
30
62
654
193
342
779
570
790
400
290
478
795
600
712
794
124
168
237
133
272
467
273
13
90
668
671
486
237
375
10
829
557
552
646
36
368
216
333
487
204
366
640
299
280
105
828
454
230
331
505
647
726
577
609
690
466
484
503
186
502
535
540
741
85
268
673
185
354
325
786
121
334
748
380
641
142
201
556
674
647
230
83
140
103
141
405
395
89
600
265
69
111
26
189
275
27
743
499
719
476
90
732
87
818
524
417
562
12
163
704
232
572
373
29
75
481
669
486
278
421
540
330
809
174
591
103
761
76
369
349
475
506
398
152
282
263
738
781
394
753
104
223
156
600
505
638
401
805
74
737
318
677
195
242
192
548
471
329
606
638
6
8
607
235
334
434
407
591
758
686
223
151
731
744
318
173
201
532
491
541
808
776
160
776
575
63
814
591
275
514
148
81
668
723
398
718
54
50
664
410
603
20
165
462
238
119
450
568
394
389
783
20
766
723
769
646
533
763
294
355
646
308
293
799
167
154
827
7
669
736
768
664
399
493
682
235
735
502
263
193
3
701
566
315
12
251
60
10
505
179
121
583
328
728
299
518
712
493
496
147
641
353
486
609
498
275
770
235
217
410
614
573
321
615
234
772
707
179
583
827
11
110
700
100
542
53
78
570
588
768
310
544
194
270
777
809
72
805
369
223
369
267
695
794
280
546
448
798
431
620
315
466
420
97
597
299
797
639
260
582
524
277
716
620
212
27
658
138
126
563
65
160
730
259
89
329
83
302
34
529
139
490
696
815
292
597
790
292
825
711
807
12
363
496
36
335
797
425
583
537
240
127
518
412
788
676
263
467
45
626
684
593
36
39
352
535
88
279
132
66
52
338
167
418
152
385
297
125
469
297
727
251
347
513
598
626
414
178
114
816
100
601
561
339
828
523
697
654
775
104
69
71
740
204
685
240
365
393
775
406
42
600
698
44
254
78
493
498
310
207
571
382
464
107
359
659
727
679
343
715
358
680
316
45
553
740
199
108
154
336
587
22
381
567
741
303
443
823
439
633
48
521
499
296
781
506
364
402
250
188
273
383
673
115
658
683
546
291
183
472
488
90
317
658
27
189
165
500
566
188
812
63
607
473
599
380
681
247
218
337
788
309
232
614
468
483
501
104
260
411
311
744
648
203
629
520
790
113
197
292
588
420
473
53
148
227
719
315
757
186
447
449
34
180
674
407
776
46
428
709
520
256
462
735
759
669
409
279
280
555
615
222
552
29
247
350
673
249
208
319
355
578
295
577
168
46
496
660
273
674
680
120
492
461
482
624
90
553
298
105
74
231
463
77
628
672
828
93
257
720
705
46
737
95
589
724
599
111
268
268
114
385
166
110
156
80
7
120
524
656
534
101
682
454
494
683
402
139
767
29
495
134
670
322
379
141
273
781
133
701
614
272
595
181
72
392
127
745
175
710
441
793
824
605
274
6
124
272
196
568
709
24
410
813
73
810
380
766
28
250
779
770
648
319
307
815
299
14
12
263
115
794
356
90
790
641
479
410
647
650
400
717
121
41
524
271
33
261
682
502
72
387
561
83
400
312
121
537
229
157
634
46
272
695
611
633
40
754
523
77
248
100
628
552
369
432
226
487
675
30
580
63
509
572
536
476
591
527
193
196
776
105
193
23
32
11
822
644
164
104
245
473
139
785
585
522
328
138
122
85
274
754
420
646
699
594
816
70
597
633
748
400
305
470
50
626
631
106
188
667
742
266
503
33
47
568
57
485
129
77
412
435
804
785
523
687
566
68
830
132
561
135
345
335
61
71
609
494
739
112
564
535
543
786
563
213
80
705
23
273
482
79
89
768
188
333
392
759
700
466
146
94
464
787
580
154
594
377
164
86
830
347
67
687
442
710
307
23
827
22
162
777
259
779
737
529
339
617
171
170
645
212
488
12
216
559
750
303
445
680
626
812
237
814
130
45
125
625
259
741
822
545
84
374
73
827
708
730
458
830
476
241
222
51
472
541
265
109
151
379
213
227
598
755
436
421
83
416
74
500
704
97
392
203
260
797
303
378
257
55
190
508
238
212
33
752
171
200
47
512
193
776
487
62
695
138
188
286
614
277
742
562
42
415
22
307
347
57
190
513
429
46
201
86
718
764
791
253
529
140
327
221
38
94
234
756
222
94
359
792
783
71
368
268
302
704
138
359
220
337
657
519
539
37
377
735
274
147
165
115
157
381
457
70
559
314
575
188
98
179
5
475
121
8
59
354
661
188
723
52
690
329
536
540
34
434
801
203
134
146
575
42
700
434
186
407
613
104
407
434
733
583
71
170
162
126
274
72
682
85
557
146
209
251
340
564
195
706
651
212
614
141
294
690
419
525
825
404
492
4
113
301
52
81
380
144
801
531
750
595
312
129
691
115
147
775
5
327
277
597
28
400
4
240
630
194
213
105
432
289
614
812
561
560
647
67
118
282
627
289
746
80
217
52
652
188
769
426
299
376
228
236
755
48
37
595
390
11
618
341
571
592
25
271
669
60
660
412
441
632
268
559
705
407
647
291
825
652
529
402
454
121
668
167
727
383
769
100
83
536
826
194
453
795
188
197
152
248
676
147
769
757
732
260
688
325
693
125
42
741
691
712
607
147
181
395
695
317
561
354
118
608
714
280
451
528
281
182
371
443
651
257
518
760
810
784
327
93
52
794
76
511
21
479
245
10
123
367
314
415
738
503
656
129
239
211
148
135
65
707
627
288
429
486
134
381
735
510
121
211
130
74
567
808
343
156
396
207
417
166
259
782
439
142
728
62
568
536
45
625
728
415
183
119
458
689
776
54
95
41
240
349
163
361
260
322
646
22
260
700
824
40
486
504
126
243
370
111
412
719
383
699
535
704
123
301
51
476
816
820
123
517
316
57
503
391
37
737
73
520
792
393
779
580
773
527
46
544
469
49
816
736
293
751
562
167
516
163
813
529
172
205
802
66
529
614
605
649
528
709
653
362
538
213
68
87
618
291
406
273
784
235
35
445
784
752
589
545
744
10
578
601
673
756
277
110
203
405
38
424
140
502
16
808
357
392
313
314
675
332
344
140
535
699
327
559
766
323
685
461
798
764
507
167
299
50
218
597
194
779
568
637
802
123
540
466
251
48
747
327
758
293
344
465
190
152
648
804
480
191
24
128
642
453
498
144
313
664
41
813
829
58
621
37
481
626
43
303
527
478
460
418
514
250
265
196
291
30
59
817
282
827
542
460
440
631
439
763
553
668
811
22
293
688
90
327
38
463
785
11
373
621
216
264
313
542
528
772
293
708
56
679
11
306
581
12
349
414
272
790
232
297
411
744
685
625
764
803
335
334
785
476
402
734
488
25
207
329
120
544
21
86
438
222
230
290
100
442
456
341
71
782
613
549
631
78
572
286
532
432
625
55
621
1
295
290
108
176
318
487
572
94
256
687
365
355
207
756
71
629
380
599
588
58
472
453
156
788
649
670
704
537
630
149
675
717
328
309
634
440
571
368
164
271
659
462
597
797
778
378
102
308
497
604
418
750
99
730
550
512
188
403
271
690
82
229
540
378
731
686
13
788
112
252
790
275
103
132
58
781
405
670
353
521
823
287
798
169
676
507
292
673
389
38
147
464
766
686
147
505
11
194
198
384
650
90
28
647
452
196
355
644
731
372
437
617
757
312
505
102
48
649
89
539
349
688
668
633
817
547
11
812
109
174
500
681
537
436
262
453
236
805
335
14
112
653
428
376
65
43
556
714
699
744
134
400
27
30
177
352
556
526
335
473
636
166
719
396
622
474
558
498
46
200
824
514
477
597
779
4
373
186
64
817
672
693
495
717
447
483
387
180
648
250
107
473
69
716
520
69
30
382
658
188
489
290
373
279
225
286
211
657
734
307
74
723
7
148
715
35
690
744
577
135
729
625
71
635
366
397
298
813
24
822
633
260
460
298
624
437
51
9
69
518
518
189
123
761
177
334
495
101
62
449
407
572
672
343
581
769
608
17
374
16
339
600
554
794
434
136
314
606
807
564
768
691
700
144
560
194
212
444
48
154
572
145
102
770
240
330
283
497
667
388
412
122
168
157
10
665
743
348
481
807
36
743
49
375
252
22
602
470
309
249
145
131
544
110
504
733
326
782
738
801
627
743
600
96
439
333
516
682
683
449
92
731
696
621
458
626
311
710
37
795
7
822
716
153
807
315
801
270
17
370
53
95
568
460
304
715
109
704
381
6
132
499
478
511
169
407
46
491
77
23
422
182
57
271
202
141
564
818
665
515
232
711
69
216
502
616
164
393
333
32
623
368
166
630
622
604
823
587
597
280
801
720
309
404
364
332
682
195
371
70
50
279
527
301
538
263
101
657
110
131
247
770
231
524
531
459
520
613
676
487
165
474
313
82
698
603
661
311
77
176
121
429
69
699
736
308
426
615
446
528
17
5
11
274
790
393
598
641
364
714
507
396
207
814
582
692
163
670
139
357
487
640
401
515
729
368
269
130
276
688
601
296
200
732
830
78
257
14
408
623
724
460
407
246
586
719
649
824
57
740
194
685
241
527
72
95
141
121
382
587
263
662
42
759
120
660
384
359
536
779
375
179
6
671
808
197
246
234
327
779
132
233
248
193
643
438
545
346
238
165
329
245
593
553
10
112
772
391
174
499
416
452
714
662
31
719
671
142
593
45
402
368
270
543
498
554
139
606
453
35
178
299
260
411
101
179
368
667
327
378
197
278
693
196
23
273
478
240
762
820
602
62
693
17
28
588
793
387
689
690
367
458
751
550
818
719
48
33
539
23
205
230
223
269
587
531
340
698
431
296
458
738
791
625
674
747
62
802
515
451
642
115
109
455
805
140
265
168
596
429
352
232
771
824
587
646
595
404
585
116
732
448
449
412
374
83
282
679
584
495
356
822
73
767
98
512
74
518
167
163
124
91
726
403
614
730
737
283
47
1
117
717
314
345
112
389
295
377
488
302
369
483
31
477
567
138
171
784
640
784
147
378
635
8
14
643
347
365
491
161
536
84
444
678
817
627
34
348
494
155
110
559
698
181
823
661
370
413
73
35
156
96
541
396
134
544
770
36
254
126
552
561
799
26
687
692
702
783
418
64
628
100
500
830
277
512
538
778
486
468
676
466
565
449
356
43
476
629
754
822
387
223
412
678
51
417
157
657
260
560
342
827
593
125
654
636
144
177
819
256
199
328
225
768
606
102
189
678
387
517
720
506
806
706
3
750
256
255
805
826
475
236
260
778
243
351
750
482
707
84
594
723
17
376
344
387
725
342
412
406
620
242
258
607
219
232
186
329
573
558
664
779
28
313
456
9
403
133
662
195
102
67
155
197
92
342
485
40
27
327
579
552
766
415
771
739
737
740
812
114
130
744
57
128
621
190
667
257
247
678
303
382
62
270
564
426
245
596
627
36
225
454
66
797
305
646
698
304
610
187
791
315
309
283
275
409
269
634
698
544
200
480
756
195
799
56
115
458
255
35
710
166
20
786
735
362
692
279
140
284
328
272
280
326
605
77
244
690
248
17
660
215
160
261
742
799
456
818
256
766
724
158
716
100
516
825
537
307
10
583
145
129
261
61
82
233
662
589
6
456
316
253
527
261
235
464
128
88
694
310
764
3
539
746
72
290
363
596
516
186
707
486
720
98
542
308
324
720
362
636
608
144
375
377
784
94
601
495
216
185
146
456
671
482
548
293
379
568
61
339
643
799
787
730
96
574
572
314
693
238
68
76
101
369
413
202
640
649
785
692
816
501
4
97
477
794
545
666
323
507
201
240
273
275
809
333
169
412
23
468
49
204
556
534
402
647
148
334
347
42
823
577
397
91
412
644
506
275
638
771
403
367
61
655
96
162
293
332
629
309
636
543
173
11
240
761
793
357
563
445
332
599
531
502
2
537
107
357
27
244
582
537
513
417
580
287
108
575
44
768
397
480
608
798
40
253
805
99
197
26
625
269
354
697
643
78
415
343
284
338
682
786
778
140
666
689
302
34
386
756
737
143
557
210
548
165
591
657
333
65
588
803
685
719
646
540
125
246
286
770
431
598
130
763
597
273
241
517
511
541
18
484
525
474
534
542
707
352
654
9
205
739
320
736
385
524
212
711
383
775
134
512
214
332
479
194
803
821
527
691
322
760
520
164
328
787
809
622
316
600
703
807
141
739
256
86
368
245
271
153
102
766
7
423
154
724
718
473
442
273
503
602
641
175
143
371
755
611
723
43
98
156
509
691
197
769
575
782
403
687
53
89
23
572
267
530
282
143
12
216
516
411
825
245
184
305
247
728
665
190
41
139
524
351
824
566
738
614
789
591
245
249
697
392
322
149
111
382
265
698
559
673
246
135
442
305
144
789
541
741
373
736
706
136
707
659
116
760
816
569
385
683
79
679
732
312
37
593
73
613
62
815
64
642
183
691
424
376
16
392
375
269
293
390
41
550
174
408
288
44
636
247
229
615
566
35
65
507
645
591
248
514
351
233
470
416
727
663
538
706
716
825
269
278
98
726
489
666
551
200
548
720
300
656
503
782
553
801
344
111
178
534
763
134
29
412
787
214
635
609
810
583
165
704
18
627
24
547
209
822
414
137
449
206
461
768
74
759
372
7
812
489
269
187
154
764
376
375
698
504
372
738
474
289
206
398
489
372
283
7
228
641
90
70
309
261
671
35
279
697
673
207
30
801
72
447
258
337
403
639
293
353
825
26
683
290
317
137
500
312
213
150
446
781
236
266
734
655
646
819
252
422
265
399
526
692
55
260
206
781
449
176
341
440
739
193
719
705
539
189
684
641
426
114
631
320
335
522
669
11
354
713
155
498
819
235
675
329
52
9
21
493
752
726
541
313
128
154
612
445
767
702
538
512
767
245
388
402
304
190
690
667
419
197
276
354
498
123
138
160
80
568
658
505
566
79
87
287
482
325
148
640
48
416
329
137
731
139
285
239
729
210
393
20
468
654
391
336
684
486
583
16
753
606
198
676
794
380
405
77
802
518
717
606
334
534
438
688
744
428
661
374
623
689
118
277
169
704
35
215
690
184
201
387
123
760
415
182
711
18
249
152
672
217
694
435
713
292
574
105
383
368
245
782
204
598
491
513
782
702
591
789
349
302
285
241
382
322
292
280
495
188
171
708
83
61
342
331
17
100
179
399
646
437
144
431
816
523
99
759
5
705
4
465
124
18
367
441
324
119
368
382
219
477
513
793
132
202
70
785
699
439
83
651
763
480
4
12
735
3
190
663
146
8
62
784
443
244
51
487
202
234
370
5
290
266
615
494
392
219
648
567
714
376
829
156
542
582
741
643
255
718
541
415
671
145
491
735
109
100
320
793
364
6
385
499
651
212
60
805
785
294
808
186
260
684
83
175
407
206
537
95
453
248
71
170
578
453
754
378
635
30
817
541
569
29
652
609
460
260
600
162
669
572
726
643
409
623
352
98
724
656
430
613
98
607
631
254
425
326
192
73
262
374
198
136
167
813
596
680
270
759
388
23
622
371
39
178
280
56
715
442
631
489
29
806
238
272
327
709
714
112
722
193
350
321
82
3
501
746
32
293
514
404
524
110
33
499
797
20
641
779
572
491
157
347
765
731
179
323
403
63
216
331
70
777
38
752
234
703
363
534
793
652
572
154
446
444
416
99
683
268
706
622
33
610
778
412
671
710
720
751
720
139
477
50
325
784
767
129
228
295
602
813
38
800
84
362
677
652
3
145
5
714
660
22
125
461
79
749
718
636
327
5
274
271
136
471
275
818
340
281
206
369
811
325
583
605
45
166
298
16
702
227
430
797
309
777
342
171
827
671
719
55
565
266
527
142
681
24
424
291
789
169
494
113
121
280
14
88
538
166
453
269
549
553
242
9
372
424
323
419
73
253
540
291
256
302
661
379
355
280
747
85
414
466
168
650
259
751
532
436
182
41
613
178
133
201
257
500
668
389
352
700
149
257
650
584
87
264
818
485
718
100
601
381
806
92
519
181
92
52
618
557
704
328
30
716
152
265
48
764
328
705
683
568
281
434
100
33
73
627
216
187
592
746
685
730
57
777
242
217
324
7
127
58
701
262
55
627
478
819
424
560
100
208
83
607
140
441
316
462
737
8
572
377
505
630
432
799
499
637
152
701
530
824
307
344
38
685
3
744
177
635
215
212
177
544
449
394
315
774
61
284
532
75
118
132
621
624
438
416
830
273
25
654
227
94
256
50
113
406
523
228
445
509
254
665
572
457
429
547
352
634
789
738
414
469
267
525
6
456
700
496
84
574
731
201
407
220
801
606
203
90
514
350
268
355
271
548
213
233
299
756
48
134
335
104
828
93
719
30
745
566
23
297
397
171
470
810
80
559
811
130
652
330
446
465
357
663
538
740
312
643
509
441
616
30
358
201
462
245
634
167
489
80
18
438
495
790
526
779
828
564
480
651
261
638
350
351
443
718
613
112
18
56
765
513
225
771
451
609
662
152
122
608
793
659
407
206
26
169
740
381
91
145
483
701
617
180
428
740
651
77
653
308
635
183
29
713
26
410
794
429
826
726
603
32
531
104
575
580
588
466
481
55
577
290
743
723
80
423
260
77
217
656
585
463
508
599
222
59
153
800
830
619
208
562
806
538
2
84
8
86
117
284
49
548
515
621
796
781
615
622
699
242
652
13
323
335
774
324
650
498
487
437
80
380
151
687
505
57
314
683
267
484
618
293
237
346
569
13
711
802
54
725
827
738
451
11
454
614
812
496
394
397
178
611
574
765
109
700
42
71
213
314
591
753
682
341
745
541
121
27
107
148
812
206
92
434
423
16
111
518
785
315
673
459
79
475
453
254
247
330
107
143
735
718
19
573
132
740
138
29
732
552
381
660
788
42
535
435
517
230
458
494
171
752
442
663
648
445
47
616
336
675
261
138
665
127
14
36
518
487
79
149
375
210
310
18
272
767
52
652
447
173
358
551
788
708
784
585
467
128
798
465
91
379
537
469
484
163
802
648
630
89
623
601
271
791
287
819
784
91
745
122
705
167
828
826
69
484
743
280
398
449
189
114
135
675
721
422
386
227
255
737
303
642
59
701
310
650
64
316
421
747
220
348
548
385
391
270
141
544
352
150
104
256
590
550
49
252
94
705
263
213
84
189
104
789
535
819
250
286
825
286
368
714
466
550
506
418
496
542
124
534
415
534
697
826
720
406
59
749
398
304
357
66
651
201
608
143
103
461
743
456
436
48
292
55
821
640
23
303
206
7
407
332
270
196
382
561
486
245
506
642
110
404
3
550
661
691
465
783
316
494
797
598
574
732
188
207
497
373
268
216
590
171
172
368
322
452
138
642
457
9
746
665
823
262
400
649
416
205
797
160
2
590
435
374
214
394
702
67
111
743
393
269
362
612
615
120
779
792
121
798
549
156
677
502
9
28
62
742
69
476
217
89
801
724
51
363
141
459
39
717
278
373
764
620
806
654
465
113
319
284
369
510
786
211
639
158
820
284
466
642
448
434
340
317
201
345
695
566
444
235
63
820
430
371
553
547
391
628
741
359
496
823
702
81
227
347
164
20
112
383
458
766
564
735
516
577
321
826
517
415
386
173
623
200
672
417
389
684
217
230
382
470
312
37
698
372
160
777
140
474
432
107
149
381
295
776
583
245
481
94
164
788
720
514
600
609
506
558
706
192
324
727
306
482
783
825
60
70
245
594
41
314
540
580
323
643
116
764
105
413
252
27
605
713
142
160
465
709
472
77
762
179
380
18
377
56
31
735
196
146
213
248
7
262
293
665
441
725
499
784
385
650
662
812
114
466
770
680
548
327
351
306
69
547
78
239
726
241
209
39
807
800
628
424
301
380
43
168
20
263
648
114
354
154
513
119
378
405
11
341
715
17
278
320
162
687
486
165
329
420
820
576
561
15
259
208
520
197
396
159
705
7
180
617
459
807
438
370
169
447
317
138
688
334
525
46
813
647
558
733
547
771
470
805
297
21
475
51
507
517
412
32
22
507
69
805
105
694
245
742
528
695
736
445
435
748
49
79
556
38
164
398
99
632
91
125
78
351
715
100
390
500
257
241
486
350
367
219
96
595
500
339
489
357
89
23
738
290
697
557
525
260
28
748
182
557
405
269
164
157
596
77
460
496
284
332
470
699
396
385
289
148
74
28
479
753
248
823
712
501
552
616
124
130
782
578
193
781
770
89
414
643
751
168
149
659
39
705
516
818
712
497
640
195
396
554
68
603
765
649
131
303
779
171
119
284
216
722
715
241
296
271
449
295
622
278
769
357
569
39
788
186
549
258
449
591
150
199
473
92
441
361
573
266
557
581
21
280
801
510
29
600
111
367
213
202
716
438
693
255
286
521
523
579
231
185
686
159
252
163
405
394
439
481
693
403
715
563
812
646
427
299
409
369
434
574
468
211
286
82
42
706
729
422
83
341
24
67
303
432
635
251
665
795
654
153
755
152
72
612
713
688
522
309
657
629
387
709
546
713
125
777
579
473
653
596
121
311
282
513
314
681
208
58
224
96
638
748
154
603
749
572
457
290
815
652
390
134
110
441
343
750
70
246
489
258
320
495
528
297
804
200
455
658
517
171
487
327
376
72
234
402
352
175
128
434
177
623
786
635
617
648
370
56
74
68
546
670
22
173
571
638
138
816
609
519
56
267
803
488
497
829
307
591
552
804
402
779
427
198
666
622
538
609
492
629
703
629
807
329
195
545
506
162
22
671
221
749
82
48
401
121
733
664
210
82
135
526
762
701
674
335
410
107
532
749
769
133
122
294
762
726
307
826
369
494
771
407
395
511
110
464
479
467
7
811
340
501
590
686
469
86
801
273
261
142
202
69
43
145
459
199
830
756
340
236
61
479
306
96
170
497
668
23
661
716
766
50
476
647
494
527
309
123
797
556
419
273
4
30
647
41
496
511
23
665
782
143
371
151
30
552
37
179
564
637
236
283
708
554
95
221
289
95
717
361
355
777
590
790
287
212
539
197
307
707
703
228
397
745
18
614
589
719
17
488
149
123
653
265
438
396
306
794
441
261
132
374
551
399
661
117
609
562
209
636
30
771
619
663
240
5
329
226
510
792
678
206
537
748
152
667
42
736
300
228
56
626
758
412
290
623
155
283
562
373
289
391
720
389
609
140
602
439
413
56
117
784
322
450
500
715
367
428
520
306
72
373
336
294
393
334
724
161
284
70
563
804
505
25
394
492
659
30
686
194
823
758
220
825
736
654
33
538
780
104
398
829
127
68
205
494
275
123
428
505
426
512
763
92
368
358
162
300
442
785
119
81
650
730
595
148
761
508
41
695
151
711
314
685
187
663
482
422
686
586
255
313
340
817
811
58
497
51
278
249
711
772
617
401
646
61
160
551
590
56
774
700
607
57
775
323
284
308
93
830
521
159
533
181
652
746
90
4
546
67
786
616
331
817
277
174
653
714
6
166
661
203
594
696
64
801
406
438
685
776
496
667
709
276
398
612
662
628
317
252
104
808
227
153
143
82
236
475
91
583
666
718
652
27
801
600
720
149
522
231
382
31
568
58
249
396
9
602
763
56
623
520
410
542
646
587
754
84
209
473
255
341
33
822
648
169
247
147
664
246
476
767
759
93
8
196
270
745
691
17
136
417
360
72
779
459
407
90
333
166
228
185
773
260
321
223
55
530
752
416
416
795
428
431
699
304
381
205
504
534
486
224
669
372
157
516
515
189
522
206
114
176
406
271
197
70
74
183
316
200
223
231
478
208
251
576
544
395
22
142
4
403
230
403
11
346
453
511
10
641
558
203
618
541
120
320
554
706
592
89
155
585
686
543
108
376
40
155
423
274
648
333
529
506
163
490
251
797
713
762
358
661
81
457
721
244
773
459
713
216
568
399
17
757
59
672
690
87
31
816
462
323
383
816
686
171
440
178
427
332
188
774
431
558
756
504
700
814
667
205
375
692
603
359
588
618
196
40
153
667
17
276
471
602
247
404
397
221
629
528
339
3
563
608
196
532
466
681
451
676
582
457
811
484
224
14
187
776
36
260
68
419
278
246
547
196
661
777
470
801
434
109
33
737
581
246
808
636
583
306
610
31
194
319
737
180
64
67
517
626
546
143
452
777
584
703
488
414
671
289
8
827
63
227
100
541
179
480
397
1
356
576
77
44
314
631
734
366
339
770
349
532
570
475
295
635
158
65
573
416
466
447
519
305
455
352
492
643
572
655
427
209
641
104
705
709
801
199
634
71
828
716
724
530
565
740
338
233
830
552
515
426
22
441
458
690
773
731
408
287
53
505
809
801
428
423
134
296
399
634
180
776
137
273
471
508
739
620
742
182
789
465
570
512
436
816
73
578
366
478
54
329
471
424
724
721
278
229
393
640
349
388
505
578
775
445
207
308
682
16
413
620
82
67
588
609
313
313
804
502
613
482
70
6
612
593
293
621
701
159
288
152
135
822
364
726
534
100
624
267
63
311
512
284
255
198
209
439
295
699
463
765
738
402
10
731
162
533
11
385
730
488
521
81
801
120
414
317
256
199
728
32
460
505
101
239
511
532
82
652
201
215
60
401
582
610
262
221
628
94
645
813
232
223
500
452
499
491
310
712
232
262
44
794
364
217
600
700
45
504
554
661
828
622
92
550
686
231
162
746
793
292
622
633
645
794
9
683
720
79
430
675
322
619
635
49
496
117
496
630
328
246
484
219
303
525
42
59
161
418
509
223
649
536
421
196
659
371
602
702
151
636
74
445
94
458
292
250
496
384
12
469
392
824
826
411
376
762
809
141
350
422
457
524
130
351
441
268
339
151
14
257
596
516
667
359
208
320
55
693
183
612
47
766
30
536
656
480
27
101
532
385
39
676
387
160
318
784
25
784
151
807
661
272
229
388
384
624
266
761
718
20
659
69
750
584
366
97
583
77
89
162
677
519
65
809
493
660
295
22
658
292
523
280
556
789
760
368
755
527
227
52
126
68
225
320
785
295
395
230
555
71
238
183
145
822
624
812
225
151
489
375
529
148
263
344
42
409
678
198
627
292
246
158
440
690
660
446
62
412
112
527
607
371
468
103
71
104
565
618
175
526
160
232
212
120
55
272
110
46
61
469
673
327
646
447
259
760
327
692
245
266
699
54
1
55
92
50
151
485
748
390
662
472
543
740
303
399
64
262
305
140
114
623
631
667
788
267
502
546
541
325
137
493
804
728
757
47
271
416
758
58
28
517
367
778
139
485
323
574
97
201
792
815
830
87
827
208
131
472
95
344
60
648
89
787
578
235
337
501
30
619
664
516
660
442
357
121
472
390
185
645
454
346
555
208
532
611
812
104
284
7
280
15
682
789
30
746
488
545
14
676
828
196
550
290
419
509
133
35
815
821
29
739
770
825
613
650
717
507
498
630
787
716
220
295
115
555
242
809
580
531
241
513
256
238
751
590
488
98
356
298
707
665
293
648
257
485
385
10
669
274
269
699
368
735
450
360
208
507
811
764
705
196
669
279
531
162
36
634
605
641
613
476
111
551
111
585
106
399
520
52
132
383
382
161
582
164
803
562
213
43
293
260
341
812
780
562
221
173
609
347
208
758
102
65
144
326
290
237
295
404
64
272
110
783
161
763
81
542
49
109
132
176
394
718
696
418
67
762
451
356
809
748
646
105
574
397
38
110
648
498
133
695
434
439
13
506
144
213
117
343
215
739
589
487
62
201
285
519
541
88
114
563
720
624
801
250
592
349
656
441
1
222
143
197
297
486
622
178
717
805
196
138
365
652
391
205
738
714
270
4
218
354
508
489
168
408
21
793
662
92
561
74
187
542
688
488
217
298
221
203
129
327
647
751
430
674
325
260
72
723
461
593
101
270
806
112
404
821
292
241
116
307
681
672
757
99
5
398
809
189
74
218
162
92
546
144
445
404
374
148
396
748
580
447
441
362
239
32
88
155
622
442
703
554
813
691
438
450
305
171
613
765
758
218
598
348
99
247
272
800
41
801
46
702
587
400
692
356
231
479
93
477
34
56
224
764
100
73
77
306
793
370
701
450
566
349
804
406
30
484
253
262
165
394
244
29
565
757
824
396
39
189
702
40
242
458
166
271
352
51
808
560
509
425
589
101
557
390
240
94
736
159
754
690
343
563
825
137
222
683
48
436
737
65
225
96
183
272
449
740
802
277
514
130
385
366
558
422
695
803
641
146
753
703
291
705
177
716
314
102
385
550
755
826
245
795
319
9
541
279
385
401
585
612
481
28
58
309
242
150
267
655
615
476
99
773
629
532
418
471
299
660
585
62
359
577
149
700
188
328
588
638
674
182
682
17
231
255
597
671
87
322
757
709
694
207
47
709
22
550
476
689
532
535
440
351
463
152
325
565
632
652
238
150
602
66
785
139
553
583
630
304
290
552
83
626
822
404
154
511
220
529
150
528
671
260
578
693
317
363
367
817
608
230
58
711
46
106
128
13
613
267
727
737
730
640
61
47
265
282
744
292
512
623
688
316
187
750
401
809
520
685
731
328
467
262
313
169
213
109
98
518
691
621
359
823
767
11
241
8
726
705
150
370
89
140
306
640
247
29
127
787
323
71
724
122
640
537
437
345
795
694
564
489
682
376
316
390
750
398
167
672
551
680
278
398
250
429
708
320
485
307
238
361
558
424
666
563
239
596
663
407
411
278
255
515
498
381
691
565
691
97
462
576
417
604
31
119
626
654
132
439
734
358
526
448
487
394
765
581
577
194
618
179
782
519
274
796
516
703
25
393
291
315
94
535
810
704
770
302
643
627
25
338
732
93
536
532
596
771
163
565
642
76
820
14
719
280
36
208
726
540
74
347
331
190
677
130
486
619
339
522
537
79
365
310
306
194
169
482
654
668
713
763
43
681
137
9
35
598
737
181
111
627
250
152
135
299
135
789
147
655
588
557
567
731
698
193
417
199
749
221
755
113
697
611
688
502
26
744
564
537
664
396
763
48
653
376
17
120
563
342
194
190
734
537
57
434
528
803
511
316
436
347
476
381
47
306
323
379
572
134
568
379
823
538
286
586
223
830
569
125
264
395
767
691
411
128
806
715
277
559
827
193
413
485
109
133
181
747
435
509
470
477
392
618
243
385
470
424
710
521
598
102
83
542
226
345
182
564
768
698
179
260
777
758
724
111
191
586
483
118
687
86
822
229
589
525
703
286
746
207
268
744
509
347
175
216
388
703
298
667
492
159
416
796
709
763
434
179
772
802
186
677
787
344
405
302
356
546
406
352
165
266
658
416
67
52
742
36
620
676
598
313
689
559
90
552
436
238
812
9
61
598
161
396
248
524
267
524
237
308
738
524
64
779
567
93
113
193
187
237
746
13
73
500
797
46
812
525
365
403
493
444
396
412
655
20
675
352
604
343
234
591
559
800
509
34
482
829
518
136
286
160
359
48
62
256
266
779
165
602
649
668
96
605
199
648
466
396
728
399
541
184
493
145
452
210
759
822
69
489
414
583
417
617
489
178
145
506
358
76
93
305
271
675
777
125
223
810
636
775
454
644
375
821
704
519
366
181
778
376
86
299
376
329
470
371
466
246
463
273
293
346
794
461
564
189
274
354
753
94
9
550
199
362
413
467
257
304
827
337
267
582
192
544
214
339
236
500
821
580
473
457
665
695
211
191
812
748
143
229
153
743
134
279
149
189
765
240
605
694
676
235
626
521
826
192
571
260
25
274
705
186
241
211
558
622
1
160
801
305
373
188
406
397
296
589
148
291
384
484
204
382
263
114
478
296
494
622
213
703
157
86
278
726
744
424
153
325
182
22
324
639
746
172
658
430
378
125
58
388
810
674
659
620
742
617
601
696
410
298
53
565
304
550
449
534
746
649
315
811
712
75
93
301
597
358
512
710
403
257
499
492
777
707
764
104
204
317
627
561
5
286
352
283
186
482
569
663
48
510
80
91
422
140
676
315
49
232
54
515
502
471
357
130
291
417
347
156
728
425
605
758
380
826
248
484
654
764
59
742
332
734
601
510
466
106
532
314
367
100
354
727
722
801
261
570
348
305
654
697
810
627
589
82
565
579
801
61
392
766
490
512
568
83
582
474
661
654
646
547
110
8
78
609
637
47
599
104
473
830
590
119
230
458
351
421
311
579
773
19
26
822
196
81
284
405
390
216
730
245
542
830
463
749
432
148
797
71
274
144
535
213
686
73
59
558
588
167
346
84
798
674
761
803
555
10
699
201
244
709
644
374
261
423
317
411
509
520
459
48
239
387
482
457
679
703
727
82
294
421
522
583
700
439
457
265
655
637
182
214
146
155
512
717
236
323
652
758
594
581
688
326
509
618
45
644
745
219
449
158
747
585
397
777
482
422
312
559
490
204
575
569
220
565
96
50
531
714
39
397
142
645
709
44
545
683
240
398
549
537
294
671
780
617
335
264
300
374
684
318
311
77
687
649
776
170
820
694
433
619
458
695
215
317
579
680
154
606
458
638
425
129
726
89
745
668
295
442
217
255
64
566
566
190
754
118
798
369
802
111
149
609
762
606
416
285
751
710
333
92
613
160
441
99
442
481
450
174
630
825
667
230
628
706
171
194
209
632
93
259
776
709
414
103
608
681
719
115
303
65
59
617
653
374
507
199
417
518
160
827
165
180
434
159
154
238
805
448
760
357
286
800
441
236
465
350
479
314
418
725
674
604
388
120
99
407
515
632
173
351
464
628
813
679
220
157
343
120
742
408
307
642
224
113
230
728
583
464
464
370
304
250
296
702
412
434
727
535
25
182
328
789
685
434
69
378
315
284
462
269
617
762
674
508
779
827
640
51
527
95
474
770
728
470
589
311
101
26
29
316
43
330
624
189
110
542
241
116
132
524
498
275
447
758
728
600
39
674
150
346
343
699
181
459
153
685
336
781
211
6
136
367
500
794
535
619
804
823
587
219
249
584
179
198
247
131
136
55
78
703
5
817
776
261
450
180
634
507
696
552
567
764
103
238
488
770
105
346
316
766
744
353
346
583
231
735
406
544
127
36
590
293
451
555
24
366
140
279
700
643
467
87
199
199
758
568
49
537
202
636
351
373
18
742
829
818
583
378
822
572
40
380
375
820
612
737
636
360
266
315
590
110
277
190
798
331
352
596
258
502
120
231
466
328
317
781
382
461
716
22
335
419
23
241
347
123
532
377
73
49
136
64
595
146
262
263
598
625
812
307
265
744
274
747
38
742
253
640
439
674
480
520
305
449
17
171
117
177
830
752
2
640
565
170
418
404
413
527
779
182
232
790
446
13
167
450
254
160
33
508
38
65
775
177
355
101
343
381
332
726
686
180
164
555
723
449
5
565
573
461
277
361
428
737
480
482
705
179
394
223
512
251
125
683
448
159
457
53
623
283
415
532
713
283
52
762
16
332
533
758
226
559
111
30
301
31
280
36
225
677
142
667
519
127
703
155
242
85
227
29
125
198
218
514
354
93
651
548
387
509
226
264
106
436
206
7
586
13
182
199
128
294
188
292
614
442
519
358
312
113
96
194
348
644
336
783
309
803
543
447
678
476
1
247
183
775
51
429
282
540
360
477
178
692
402
405
411
30
489
495
267
200
52
354
554
689
205
218
462
824
363
705
12
540
270
786
143
349
695
130
89
18
284
605
209
730
632
626
659
683
524
694
557
753
510
116
593
749
528
650
248
370
596
128
815
691
615
322
627
77
383
11
660
699
302
453
180
309
114
341
91
449
763
133
754
219
687
543
781
52
261
798
650
793
781
160
510
119
652
68
173
596
753
415
409
808
492
697
637
256
53
626
674
562
722
147
76
647
282
702
82
298
231
462
626
442
143
646
302
601
578
529
187
724
103
496
321
381
108
139
559
675
423
36
214
679
569
563
310
732
337
363
819
135
372
68
197
599
116
522
308
387
67
588
255
554
445
730
801
352
396
616
153
55
472
395
536
239
282
624
574
265
160
645
735
567
500
88
90
553
669
162
309
652
372
633
43
465
479
179
22
711
471
114
462
327
310
238
132
692
406
124
371
84
595
774
222
408
52
466
18
603
218
195
493
280
68
717
573
397
203
772
272
152
246
51
36
792
775
322
823
138
253
216
365
33
781
103
434
209
722
159
502
157
742
817
160
740
53
414
335
730
322
472
615
736
267
217
641
526
679
672
63
138
653
445
271
791
410
717
140
274
745
173
688
655
274
531
25
472
820
705
410
20
35
458
763
166
307
48
466
474
654
507
231
376
152
686
263
349
381
518
688
525
553
298
116
631
574
510
188
698
615
357
341
18
152
173
643
601
299
252
796
251
22
734
723
462
761
163
466
390
651
415
32
271
536
276
584
100
659
415
607
826
9
670
520
441
635
610
278
161
187
683
182
291
159
738
512
669
693
434
125
232
205
277
546
668
315
436
218
149
576
195
762
96
50
463
226
395
266
725
120
61
260
516
720
260
543
67
473
672
375
734
104
541
578
261
239
564
32
742
566
495
339
224
195
118
189
410
467
434
733
776
310
555
202
514
33
315
754
187
319
234
710
236
291
90
364
655
25
434
801
1
263
642
502
74
700
41
503
546
275
727
746
362
113
649
456
494
780
663
567
439
47
768
334
666
312
149
215
803
39
760
201
153
541
537
480
731
97
779
628
433
174
66
596
723
741
209
217
296
448
665
257
494
45
640
240
802
437
812
194
263
594
374
675
373
700
368
471
543
783
618
506
271
674
229
600
545
297
244
701
274
769
563
643
576
98
501
256
114
776
617
670
567
393
131
799
733
92
571
563
313
669
547
301
711
49
102
119
343
756
622
165
774
695
740
263
452
544
59
291
747
470
125
385
63
766
790
779
403
239
607
603
382
64
347
193
118
114
453
497
172
827
55
242
32
313
199
95
558
754
383
393
389
477
326
42
181
30
23
602
830
29
133
534
522
127
707
97
324
670
35
296
767
352
117
406
440
536
748
457
272
177
345
458
624
400
31
38
86
739
613
645
368
38
663
196
213
559
225
686
310
756
330
501
454
325
541
292
275
165
785
213
365
810
751
609
336
313
52
214
529
534
616
31
350
528
20
357
374
796
409
41
201
112
95
68
586
101
240
631
825
557
595
326
225
27
524
397
279
553
475
632
140
734
257
538
669
193
290
133
318
491
161
231
348
640
11
8
499
4
630
519
76
318
248
627
283
176
785
378
130
504
730
484
794
383
724
259
659
164
627
6
165
700
126
281
495
89
302
212
603
256
39
485
164
786
226
662
434
367
790
32
636
448
279
606
720
259
798
646
152
771
257
447
25
539
746
769
436
223
627
168
773
102
764
444
595
117
249
229
777
685
148
134
291
707
67
173
665
633
236
465
519
127
738
180
706
627
22
746
646
543
812
709
528
744
491
386
356
342
75
66
47
425
629
413
339
743
413
171
568
170
586
50
506
336
284
777
454
389
332
402
714
150
176
812
697
499
104
131
138
121
609
306
654
377
561
255
521
176
375
62
299
68
435
209
819
201
63
597
372
784
276
725
669
811
101
486
690
584
189
391
802
160
33
713
582
488
492
724
696
813
720
590
47
336
683
727
86
427
45
321
487
280
747
513
696
603
378
33
169
722
146
301
59
524
207
506
11
372
641
593
768
473
350
223
432
428
668
403
604
598
730
107
668
334
702
547
516
469
706
25
325
690
723
378
829
126
255
310
500
748
628
455
207
81
153
671
287
623
494
279
275
698
754
183
293
227
442
426
673
527
343
621
565
754
175
516
209
828
9
796
64
798
333
460
27
545
801
383
24
806
392
431
452
474
647
285
333
68
731
438
440
797
615
371
484
332
800
449
126
358
311
654
85
144
149
122
573
75
741
441
12
391
99
502
36
810
753
773
403
614
156
245
130
549
818
594
656
54
588
331
398
151
428
796
650
734
496
334
608
64
785
622
555
485
23
328
22
149
256
678
493
56
511
534
316
821
257
727
333
468
122
358
699
756
495
321
821
439
11
249
6
808
103
649
515
670
395
148
296
297
419
79
213
675
245
131
59
66
71
759
102
54
140
184
475
25
455
26
129
681
294
366
69
488
601
12
276
653
291
773
371
56
393
576
548
520
740
45
303
714
824
425
12
162
555
658
344
313
366
627
826
224
621
259
484
69
787
650
64
708
55
680
487
577
183
1
565
512
372
519
145
12
665
111
810
820
531
93
452
65
299
581
738
325
257
340
429
177
726
700
58
234
134
532
366
289
622
166
734
357
317
180
233
258
306
470
542
570
249
640
527
657
488
262
382
562
175
384
705
71
107
260
99
351
694
702
752
95
515
397
470
656
42
534
249
448
747
605
349
118
41
24
546
69
703
220
80
15
779
726
589
84
330
426
328
728
148
665
352
291
253
584
163
258
385
155
10
670
361
322
540
297
254
238
2
32
258
47
265
310
251
429
345
759
483
2
210
222
441
806
424
791
434
113
520
51
50
296
495
688
205
333
411
722
464
570
534
266
137
748
755
120
239
75
601
153
738
173
441
476
445
539
285
103
39
633
688
551
777
285
343
299
792
258
700
635
612
283
133
818
531
633
381
175
625
603
243
322
336
61
334
424
509
508
206
147
404
284
449
455
276
23
480
699
476
730
784
275
397
794
219
586
444
382
168
89
240
402
66
261
474
523
753
428
514
180
345
574
708
532
323
489
219
261
340
662
477
188
371
36
368
616
259
636
153
380
358
135
342
450
238
151
652
74
188
617
472
709
691
397
634
210
658
551
621
572
143
604
330
141
787
68
71
776
166
581
335
742
143
108
785
365
649
119
676
356
393
681
660
354
713
139
483
617
462
429
649
732
368
594
347
609
817
770
381
305
246
553
158
407
182
707
79
416
727
107
809
228
10
241
683
163
611
587
275
674
150
234
135
236
216
600
88
621
804
3
709
792
747
732
711
456
705
791
806
311
70
152
7
371
589
285
200
517
162
74
323
560
445
118
116
520
513
88
387
303
91
660
519
568
160
743
220
332
473
719
561
151
362
330
41
235
338
35
199
627
74
319
644
146
368
589
523
208
178
255
440
179
291
50
424
464
469
491
291
309
477
797
758
417
580
238
813
628
339
552
428
361
506
473
648
107
420
416
105
739
653
629
188
322
797
98
480
480
824
168
173
593
672
368
192
471
725
634
761
557
340
328
705
600
564
115
249
224
472
766
158
425
34
465
62
466
648
541
210
817
342
450
491
591
546
227
716
553
476
642
380
444
302
12
747
622
612
520
182
782
624
426
230
53
720
229
81
779
564
91
588
655
319
216
526
42
355
453
104
108
687
7
560
565
289
691
714
226
27
705
805
235
781
350
12
783
435
719
558
473
615
151
18
272
830
559
444
31
428
38
759
302
548
9
3
469
572
222
180
168
245
250
382
16
96
344
723
376
749
247
484
823
547
744
384
658
532
53
331
224
543
319
77
287
808
559
313
457
139
734
39
785
709
3
475
108
781
238
785
40
327
302
366
675
104
722
12
744
273
734
754
730
303
722
457
780
346
698
26
226
48
131
310
671
558
114
25
570
460
158
50
460
84
373
725
290
52
317
603
269
648
427
306
727
119
416
494
688
448
491
19
428
204
821
625
718
787
738
379
730
717
296
310
45
304
764
87
438
291
328
304
824
18
793
301
31
807
332
804
395
174
543
491
379
793
307
468
126
78
473
715
441
445
756
4
399
616
788
157
264
584
783
266
564
185
227
72
182
361
84
413
103
614
711
698
126
175
790
11
315
577
673
739
516
299
180
720
123
337
186
251
116
675
174
214
639
389
440
302
469
387
210
542
816
248
1
394
752
307
452
51
621
778
420
444
472
655
495
475
247
295
322
139
822
770
745
594
710
479
594
791
214
531
502
476
281
451
732
541
725
314
395
177
375
166
175
52
685
200
164
701
150
463
17
188
808
546
311
19
569
271
149
456
271
452
661
521
263
703
451
6
656
533
287
774
218
251
592
246
172
82
418
543
110
646
194
612
278
778
712
76
184
348
703
698
38
554
532
150
620
37
350
691
715
279
204
751
395
511
732
480
672
153
752
685
300
327
641
813
759
409
797
374
530
775
718
676
570
200
325
721
173
269
29
809
62
649
759
631
148
468
655
6
429
76
749
31
780
595
639
127
668
751
798
53
312
42
296
35
185
378
676
726
435
533
582
473
174
479
446
592
107
683
467
380
300
628
317
259
326
539
807
270
119
654
754
10
568
524
417
236
562
349
341
209
239
800
324
17
698
529
737
305
316
338
537
395
20
615
575
126
584
477
703
184
340
333
40
146
283
558
591
488
409
30
155
443
335
227
185
23
702
273
544
314
760
99
632
241
623
261
475
801
203
59
189
53
56
633
311
325
463
641
413
186
44
725
728
702
289
175
112
649
689
524
735
218
480
52
11
231
582
760
604
215
331
819
743
79
635
262
490
158
623
394
471
370
635
129
625
758
273
674
827
46
555
718
39
141
499
721
778
501
802
520
504
682
613
270
748
48
23
657
483
140
2
154
815
63
310
326
812
267
191
775
4
511
433
111
690
42
633
297
28
2
576
511
669
684
818
344
111
391
809
461
28
631
218
663
497
469
358
503
79
43
500
722
246
690
235
250
186
376
649
235
538
796
642
76
105
335
426
658
280
457
515
112
284
269
676
244
442
316
314
399
438
754
778
398
787
820
414
253
188
718
693
807
219
83
236
144
520
521
567
291
674
641
390
740
28
51
666
668
246
790
757
89
353
102
396
512
82
797
208
24
639
34
160
708
252
635
565
651
239
23
233
689
112
29
208
62
748
528
603
492
387
195
636
397
207
830
488
9
17
152
557
421
224
362
430
213
709
518
445
117
740
773
150
550
204
550
73
555
453
2
318
104
697
339
181
389
772
417
417
556
103
381
726
495
707
207
212
266
34
401
615
167
394
11
196
163
322
668
527
395
750
354
607
268
228
170
87
70
172
59
695
422
282
465
566
444
399
269
270
501
487
109
714
344
79
293
388
384
309
210
313
593
302
692
638
534
59
390
652
132
563
475
165
792
419
785
824
90
665
179
331
643
93
56
615
228
170
780
709
226
553
307
319
19
330
203
611
821
166
167
570
197
271
160
648
46
454
264
409
479
356
146
655
160
261
426
617
525
612
337
189
30
430
77
323
546
208
697
539
287
421
130
559
330
488
594
725
824
304
487
69
732
453
220
280
702
456
509
777
665
671
163
759
114
382
700
380
805
237
761
202
619
35
414
84
242
543
806
358
114
508
572
739
404
12
376
189
739
659
206
647
260
502
45
737
776
366
52
800
417
242
249
663
429
792
529
434
706
449
264
457
709
467
709
27
764
586
676
726
344
3
259
800
55
804
435
809
110
616
433
189
301
13
663
823
344
616
21
635
505
77
810
214
260
779
771
594
473
160
184
477
557
472
571
484
333
379
25
379
657
725
46
250
415
296
87
114
283
46
64
599
710
117
205
544
388
332
773
611
474
63
516
350
457
384
168
294
136
424
566
566
50
382
696
762
810
67
721
825
425
464
206
281
36
108
723
344
633
140
282
632
529
697
111
163
511
252
595
292
400
802
676
646
165
425
425
736
514
408
212
232
609
666
97
421
411
625
465
549
589
389
817
150
642
275
545
646
437
236
218
685
664
545
174
10
612
180
129
642
145
331
125
792
323
569
763
566
505
10
395
345
604
54
677
631
412
259
806
368
88
446
167
299
238
404
707
718
602
618
254
583
240
708
70
625
96
401
491
780
60
684
720
682
812
321
154
705
237
682
689
786
773
411
566
346
293
374
451
412
71
496
652
754
145
583
406
119
609
336
477
627
708
614
115
431
2
518
247
720
332
724
231
589
494
248
719
459
653
586
28
311
338
93
551
107
121
458
181
373
228
126
373
91
225
409
425
32
583
335
661
407
508
318
368
688
607
795
147
420
99
763
9
480
269
28
210
140
814
807
105
447
383
612
803
633
243
634
72
480
501
379
384
157
474
362
126
498
773
89
153
516
243
821
324
684
241
191
223
89
127
179
306
75
752
527
722
369
266
658
517
830
233
252
11
9
345
377
576
202
506
78
781
781
692
155
20
297
193
749
439
419
105
572
455
97
820
346
447
308
158
61
538
305
730
345
419
395
567
196
221
443
445
337
276
223
254
830
581
296
139
775
478
759
213
151
512
599
124
827
462
6
753
301
61
504
337
123
690
189
7
291
106
586
68
747
513
573
203
641
411
462
385
663
509
145
505
771
622
678
328
709
190
734
230
417
137
671
621
606
262
430
173
440
365
369
675
758
495
187
275
301
171
139
816
481
533
601
680
412
405
141
36
255
530
596
580
583
395
353
1
512
2
243
670
699
349
677
347
83
100
264
1
698
554
572
549
673
244
86
509
813
734
325
230
588
208
184
795
548
767
197
354
73
543
152
337
358
439
141
639
829
786
54
783
363
652
428
791
467
471
429
342
308
817
413
631
158
30
37
811
624
587
162
623
513
614
331
310
158
383
581
31
634
429
149
538
27
196
780
131
22
513
450
330
389
65
779
421
175
122
405
66
63
358
733
753
333
448
168
368
66
504
727
476
583
804
632
314
669
10
339
635
557
782
197
816
612
309
295
29
195
798
444
635
691
128
367
363
541
744
440
112
67
669
439
488
461
602
206
206
296
360
400
357
551
478
308
455
377
524
771
391
673
151
29
423
416
276
362
471
192
495
538
505
800
351
103
359
586
519
42
559
620
173
11
706
350
558
216
125
134
761
228
738
88
409
385
690
299
579
669
653
779
813
712
739
684
431
788
37
204
375
34
576
39
656
813
43
513
787
753
580
523
517
635
614
787
203
409
390
48
124
135
539
281
384
236
486
683
32
227
264
157
304
557
103
514
353
784
105
292
111
160
755
193
189
423
808
420
52
98
289
612
649
447
780
516
441
240
588
577
84
670
497
630
737
238
415
720
344
764
294
628
217
98
224
330
255
553
642
713
192
779
665
636
380
361
578
424
589
553
809
394
143
223
177
329
259
636
6
42
43
792
297
304
305
737
796
213
809
463
753
483
480
281
209
317
347
749
42
89
358
452
570
754
106
434
358
143
12
334
81
806
712
91
191
416
242
640
779
22
172
140
755
793
280
343
338
561
110
262
577
132
677
653
577
792
637
398
315
814
637
498
547
48
496
649
481
370
524
78
14
520
734
797
313
647
65
271
315
449
63
169
486
225
378
615
825
349
341
315
745
312
717
219
679
196
312
232
197
420
39
349
693
210
184
710
483
803
233
295
230
726
644
47
202
379
256
552
568
192
231
127
492
729
378
527
435
159
539
26
555
640
409
96
201
790
685
405
627
83
314
101
396
443
208
731
810
437
572
500
391
620
790
802
152
352
315
665
720
66
808
61
751
124
531
732
436
6
328
772
500
328
601
104
810
792
804
611
515
399
579
541
239
107
293
601
471
457
119
185
312
784
102
245
191
546
175
237
598
94
708
222
469
121
18
197
783
315
551
431
772
63
239
504
476
194
456
511
531
378
100
412
811
34
493
4
12
353
282
673
261
220
242
175
579
643
673
5
10
410
352
439
329
169
829
353
232
467
164
294
375
3
655
751
167
210
821
747
526
391
460
806
538
607
620
570
603
472
731
92
539
502
264
507
45
578
793
746
58
543
486
761
736
310
131
749
83
405
69
639
308
422
676
556
280
426
124
151
794
634
673
16
582
830
98
536
377
804
90
812
523
733
148
598
128
248
22
136
531
648
94
326
65
586
157
788
136
797
204
542
72
810
501
483
21
130
11
467
810
751
369
235
463
394
811
635
361
656
403
813
19
648
613
248
110
637
596
240
249
452
622
75
827
488
328
390
44
124
219
584
757
21
730
809
289
213
716
395
163
561
5
153
407
127
649
698
407
747
216
448
657
449
121
105
758
535
190
487
134
435
440
205
625
393
477
640
347
544
22
648
441
268
54
326
334
173
411
608
274
223
817
365
573
750
426
239
434
669
422
575
452
657
399
183
166
253
321
713
674
571
68
321
369
373
740
259
36
651
627
793
274
181
366
695
802
594
817
759
618
163
599
454
286
490
296
44
576
254
738
74
466
565
64
261
317
81
381
595
750
142
806
758
583
192
146
521
518
327
814
104
132
25
656
397
118
739
803
69
249
438
283
479
25
816
643
176
754
631
734
351
75
13
757
74
52
380
383
581
675
339
135
679
318
121
432
627
213
744
635
319
207
285
52
105
195
528
803
310
116
157
484
237
444
239
696
238
404
189
338
821
284
727
478
54
300
749
452
224
241
661
140
93
551
727
598
257
764
121
276
21
428
616
118
48
651
63
148
463
744
84
194
466
325
623
353
458
305
300
457
314
371
173
572
607
177
587
231
515
456
760
596
387
385
78
704
465
254
166
528
211
180
248
336
401
703
77
427
784
690
224
722
301
127
426
387
601
231
170
702
444
752
210
255
782
209
235
339
655
668
125
98
656
793
574
175
286
52
211
23
260
170
472
110
503
798
398
181
30
265
206
327
482
405
210
10
643
288
580
296
73
449
638
783
128
96
18
765
265
137
593
641
222
508
647
271
628
683
26
753
246
425
807
369
776
210
136
28
331
272
599
580
782
606
568
800
116
463
111
761
359
614
169
565
265
570
692
464
84
379
777
661
741
507
173
311
764
305
174
240
473
85
518
745
740
104
609
35
272
391
46
741
398
664
85
356
501
743
444
62
511
14
203
29
557
588
494
387
654
23
336
345
671
6
171
478
689
799
186
592
332
301
286
81
76
646
39
398
188
753
199
6
608
124
604
746
665
393
649
165
276
733
380
260
167
355
645
715
141
786
434
63
683
773
495
308
639
642
441
124
102
339
111
424
422
301
658
453
780
754
696
821
801
665
354
23
668
234
36
437
183
825
641
54
461
389
381
430
207
691
228
26
471
759
445
143
637
628
373
801
704
174
480
19
720
367
521
564
728
680
78
614
751
736
524
472
434
574
294
365
666
426
477
456
91
498
269
508
824
759
127
415
37
320
145
744
718
783
296
381
57
168
30
107
757
162
449
808
424
310
438
613
74
15
811
2
650
150
258
207
72
825
658
557
78
91
499
537
795
780
749
445
532
725
514
829
146
635
564
9
103
370
248
146
332
634
630
395
621
104
310
165
615
572
230
315
156
183
760
85
120
736
739
743
123
695
485
122
317
514
188
63
558
614
369
764
108
140
449
43
86
625
289
423
253
546
675
260
46
207
143
735
632
692
442
525
243
209
579
238
372
623
725
155
483
94
38
699
191
810
91
210
290
438
830
357
678
253
581
804
604
449
456
347
113
701
765
124
49
363
7
41
478
521
444
296
16
607
218
462
384
332
220
451
678
308
229
648
383
475
172
814
41
783
261
135
120
208
643
367
508
323
743
381
564
724
113
223
5
332
787
69
570
321
322
454
767
138
23
395
383
708
403
190
442
795
567
82
25
122
108
635
645
553
744
151
71
594
395
21
550
314
126
49
250
275
535
341
735
795
527
633
56
213
223
279
602
354
186
286
759
591
124
196
187
677
616
650
162
425
597
2
491
363
369
14
482
808
183
822
375
730
676
630
222
599
691
797
710
413
568
275
324
508
337
322
317
438
150
807
616
796
593
14
691
204
90
259
259
348
250
18
157
293
77
740
40
101
497
350
313
415
695
584
146
399
732
148
757
421
394
385
2
649
515
607
794
94
364
156
17
67
420
504
64
745
350
214
759
90
378
382
292
265
529
449
752
742
209
655
153
515
421
418
615
580
165
74
361
645
85
583
221
69
125
198
52
260
556
548
555
380
732
10
207
550
658
745
135
536
475
813
768
496
462
399
672
61
651
488
297
13
523
422
143
72
453
112
698
421
691
577
450
120
702
428
404
374
494
377
209
537
818
552
464
665
804
176
286
363
587
665
163
337
756
103
633
459
741
526
26
240
279
277
21
595
138
77
124
201
96
814
614
800
513
17
223
265
742
603
451
796
88
90
671
797
159
341
178
786
23
654
439
490
350
145
476
808
784
455
574
575
314
513
819
803
710
431
280
286
8
462
253
335
388
599
243
406
774
65
162
633
107
500
611
335
430
378
821
598
196
32
509
638
570
160
368
67
342
607
495
465
95
18
454
226
199
248
608
631
160
50
772
450
123
648
392
514
125
632
268
663
10
814
284
703
446
673
403
598
517
188
584
795
286
302
567
27
35
369
448
411
434
79
306
425
599
821
40
280
168
668
269
750
477
726
274
708
223
477
286
55
260
312
338
665
630
163
142
234
727
449
392
304
104
366
673
605
438
515
169
127
347
114
594
45
787
625
82
555
588
238
404
125
394
554
546
154
144
22
717
169
775
340
377
231
162
632
150
409
510
778
213
156
140
296
404
516
460
648
508
633
267
558
73
469
830
800
431
477
349
421
95
218
348
104
592
263
697
67
10
491
559
568
364
520
539
752
756
565
715
424
401
762
288
800
414
622
759
568
235
225
734
62
372
379
229
377
79
408
225
792
96
111
667
217
69
253
324
380
82
129
147
258
455
465
765
382
756
803
384
530
139
749
663
204
350
791
49
728
343
368
310
581
829
119
710
86
75
47
355
3
285
672
224
660
662
174
217
363
438
602
775
544
635
607
727
121
772
336
658
143
444
347
475
603
380
461
278
712
11
796
429
461
725
197
419
510
431
821
255
75
200
314
221
431
712
646
653
704
68
256
517
545
157
502
134
616
592
531
637
626
357
774
810
198
762
582
713
341
28
363
803
683
723
632
386
298
522
165
1
439
680
571
784
39
414
238
145
189
48
714
645
786
764
368
580
771
828
505
46
344
518
657
421
497
440
383
765
107
397
222
747
387
777
715
194
653
410
105
15
66
213
56
744
79
213
7
455
276
335
461
477
3
108
709
94
532
680
29
47
734
467
560
777
697
97
59
792
89
95
797
167
687
30
404
189
462
802
536
378
143
388
121
202
38
792
133
753
336
78
655
371
156
234
619
483
372
332
794
478
517
172
809
457
656
775
252
109
124
143
551
647
282
48
223
420
756
234
376
346
689
104
535
691
107
620
516
297
83
572
22
165
488
620
241
262
160
704
247
245
410
241
581
795
469
256
655
412
61
282
568
557
696
259
480
738
560
709
630
91
659
526
375
656
209
294
137
25
454
674
760
201
413
207
247
153
798
256
376
683
51
686
28
312
644
277
330
478
101
577
743
275
292
135
189
746
28
485
710
304
379
150
806
627
290
247
358
214
785
164
203
85
131
319
248
485
525
419
21
434
486
231
774
60
283
66
322
435
176
746
277
694
649
310
11
634
508
325
617
554
536
223
683
365
594
269
335
585
296
631
644
441
221
112
312
21
619
499
568
287
645
213
618
625
269
607
604
522
212
746
493
768
141
184
387
472
713
688
180
186
612
732
539
777
816
670
352
451
476
31
106
316
748
556
363
65
184
775
149
533
23
738
557
561
193
392
541
554
431
62
485
519
177
374
754
774
241
744
120
139
503
414
576
38
828
148
599
419
235
119
571
767
202
782
15
593
259
102
722
364
770
83
648
274
637
261
453
372
750
146
435
177
19
754
127
97
158
661
303
76
294
648
357
515
66
42
437
601
314
757
745
338
131
638
405
601
668
428
341
771
122
784
468
281
500
628
728
698
275
625
11
792
506
443
128
449
152
345
534
642
138
379
394
256
50
361
539
7
287
559
554
403
399
481
748
589
609
474
781
418
733
371
477
378
715
802
300
639
250
64
307
181
482
328
697
212
670
143
631
442
403
281
664
81
17
548
669
129
134
655
174
184
488
470
24
429
297
308
457
92
214
192
691
805
828
272
746
755
563
325
3
569
101
435
121
477
324
96
796
682
18
317
165
22
172
491
63
621
588
343
541
816
339
792
165
670
242
519
789
499
358
201
507
681
198
804
129
340
233
377
778
332
630
5
638
418
566
381
118
155
808
24
417
627
625
247
152
241
666
829
113
565
598
676
611
643
465
18
272
474
106
36
696
199
708
151
365
81
727
119
402
94
458
228
66
577
18
408
29
52
51
123
769
504
604
261
377
756
383
133
347
184
146
600
601
684
722
8
395
324
180
398
259
773
235
574
345
482
299
338
682
488
820
215
269
282
284
460
369
460
541
88
796
484
757
801
455
520
740
75
444
447
140
696
51
798
638
298
132
756
318
389
101
316
240
365
42
588
9
240
664
165
310
612
476
73
30
67
628
167
492
816
34
381
609
644
437
507
70
311
299
715
259
148
450
554
791
93
458
234
494
7
552
88
480
194
382
224
329
799
39
352
76
274
173
287
241
229
481
563
236
546
246
814
647
666
435
508
387
478
582
676
680
391
548
131
122
222
390
327
669
784
723
3
486
740
679
106
198
24
127
211
783
640
577
175
384
481
191
52
821
271
497
510
465
483
704
519
89
153
330
290
92
542
520
472
74
339
216
427
773
80
225
570
761
257
251
329
438
485
516
141
781
158
638
427
66
307
409
534
161
695
775
54
221
572
597
309
607
692
28
485
407
54
262
820
55
264
191
23
175
34
112
745
440
268
496
60
528
356
36
619
151
715
75
809
694
589
53
629
129
390
563
442
696
489
751
554
618
703
521
727
653
593
113
435
724
680
561
433
80
439
743
580
249
694
236
313
216
656
524
211
803
173
247
561
484
546
800
21
301
702
148
437
490
592
491
523
534
457
729
23
671
195
760
752
294
318
770
424
317
547
399
366
394
420
501
740
808
303
37
392
681
337
605
286
810
552
458
359
799
299
337
757
175
166
629
564
629
122
522
644
713
637
61
516
584
86
240
249
25
623
652
484
282
138
813
829
758
421
349
125
81
628
318
744
39
253
626
651
184
379
551
119
216
530
321
30
717
623
574
60
746
579
299
136
376
441
219
784
261
155
369
18
733
724
589
611
310
99
125
183
408
191
537
561
666
258
612
677
220
751
643
614
11
583
44
534
52
354
46
669
807
62
148
763
51
515
497
466
794
77
725
208
233
786
703
392
155
193
812
518
804
808
647
729
434
475
616
268
58
92
710
319
125
824
523
827
227
320
266
170
433
44
177
769
338
102
367
31
426
576
101
460
310
675
415
528
573
552
330
113
821
542
466
685
752
433
330
322
512
667
540
43
63
151
362
657
279
119
744
788
686
354
21
303
57
517
151
735
486
458
670
776
430
565
158
281
130
800
477
305
307
6
679
760
424
119
734
381
762
193
282
576
760
484
64
490
126
731
254
707
30
784
376
398
149
500
528
580
579
718
524
192
556
619
446
560
386
799
137
801
326
682
227
696
581
313
556
615
171
79
493
435
209
662
486
661
274
490
457
579
492
372
67
168
26
440
722
744
732
123
565
794
722
225
200
813
194
586
282
297
617
251
623
170
307
91
273
614
202
184
505
39
665
800
800
510
775
784
299
184
338
126
701
722
626
512
763
578
662
814
830
308
165
205
702
773
491
249
634
415
605
311
409
756
128
782
433
119
10
606
528
174
415
315
614
581
693
778
429
813
205
93
795
281
473
551
612
303
559
158
673
451
649
824
85
539
86
682
441
113
120
474
555
480
258
701
363
561
272
170
128
163
275
128
408
170
644
75
272
467
133
792
304
406
460
789
826
81
178
684
336
265
59
184
188
702
82
485
131
752
263
591
535
682
343
428
603
725
109
658
778
63
291
526
436
767
449
575
624
217
403
463
455
760
487
165
328
659
65
348
605
33
493
382
801
601
212
311
444
223
409
549
531
348
716
17
558
92
307
291
242
96
662
509
323
667
119
783
545
614
793
181
161
725
583
559
233
129
678
654
414
412
67
24
576
272
69
659
685
412
605
334
322
365
305
431
571
24
492
351
641
770
542
693
356
440
662
662
618
450
647
13
48
134
290
388
768
751
698
252
258
337
269
787
703
754
54
462
273
73
546
420
104
103
682
145
595
626
247
68
302
128
762
298
161
451
421
779
86
179
755
385
272
775
593
296
347
514
141
811
425
530
825
756
468
712
307
478
713
596
161
152
486
340
406
597
618
525
675
696
532
624
695
15
30
37
405
661
409
355
610
498
422
566
795
110
683
131
521
623
389
812
360
186
724
361
451
792
464
758
146
618
570
282
811
14
41
586
535
583
277
254
6
33
155
42
414
548
97
359
180
528
767
742
350
582
111
301
488
556
102
312
366
469
534
769
818
583
64
747
699
284
354
650
801
255
654
292
167
13
632
117
686
648
233
829
126
563
791
49
514
263
92
801
417
644
474
402
470
242
85
181
56
109
99
342
501
426
169
303
104
80
306
513
608
583
712
792
727
587
175
178
297
7
438
460
408
812
677
400
721
48
622
140
178
468
340
111
677
175
693
311
521
709
466
129
272
641
33
808
417
360
571
447
22
760
404
163
546
763
193
54
537
72
557
598
600
357
691
4
824
683
384
566
119
313
643
291
802
273
619
488
222
737
639
89
29
815
657
732
357
475
78
111
682
727
53
15
61
539
371
418
7
268
551
709
400
500
306
821
181
343
165
50
760
740
575
144
377
758
40
686
643
546
168
725
27
49
423
395
479
800
42
463
629
671
250
187
342
667
312
766
264
510
309
35
210
188
489
214
242
520
390
337
828
27
672
219
398
527
172
444
243
755
288
490
693
226
251
77
363
184
240
476
656
254
50
343
184
205
677
53
123
238
594
160
17
59
307
820
74
93
793
379
577
98
410
493
317
432
326
257
553
607
34
601
568
655
548
520
137
584
425
468
230
9
476
264
75
77
69
90
351
721
214
223
697
445
392
304
290
330
532
718
140
391
59
827
514
67
329
400
689
355
147
425
697
629
186
135
168
219
348
746
513
790
440
396
199
553
830
549
497
259
711
93
189
575
332
62
568
557
383
191
356
198
748
387
151
533
733
307
507
408
225
215
25
124
115
330
468
198
310
728
501
355
210
810
292
298
374
64
11
788
568
810
83
636
573
690
223
205
446
701
16
211
222
748
545
187
496
517
604
168
559
648
48
583
355
368
727
745
761
405
224
286
179
692
336
723
724
514
673
667
282
292
272
62
396
535
56
649
562
136
190
561
336
424
242
84
533
794
404
73
738
789
495
36
168
594
519
152
161
132
347
634
302
117
650
570
224
737
183
52
111
279
587
360
518
65
6
829
592
313
228
401
352
648
672
222
105
313
303
726
192
339
507
592
392
722
275
677
215
645
87
527
249
395
111
198
760
476
413
163
783
2
682
30
104
495
189
453
596
33
731
101
118
825
155
295
293
170
614
92
31
451
502
307
374
604
643
226
809
730
673
371
758
2
159
585
679
675
727
91
390
553
453
753
68
384
443
644
309
683
138
148
8
227
620
543
701
136
180
452
624
280
458
443
803
718
269
748
501
304
235
818
278
94
246
238
157
564
197
627
83
748
116
155
795
397
724
219
608
712
686
352
368
322
67
757
455
427
294
566
286
37
801
533
706
602
285
289
708
693
97
779
163
358
665
46
511
89
182
176
742
781
92
105
104
788
368
330
820
165
518
75
668
826
634
477
297
238
322
802
83
820
260
517
666
387
744
93
199
802
638
402
250
699
185
805
464
398
434
636
663
106
614
445
651
606
285
118
519
422
569
495
272
221
371
741
402
516
193
812
740
60
664
379
401
609
308
21
535
691
806
573
44
230
493
236
415
521
283
607
16
371
746
275
413
717
144
764
584
699
586
164
223
377
536
455
525
640
195
784
201
338
575
306
338
468
508
770
368
812
702
299
4
514
578
97
503
649
794
234
43
754
484
224
521
637
193
205
306
29
258
665
153
369
98
162
115
700
533
14
513
69
767
459
803
412
555
636
560
609
377
43
191
123
2
390
671
596
601
363
720
530
617
134
383
17
596
400
789
72
629
491
69
200
62
59
37
83
459
755
727
355
829
218
785
545
816
73
183
317
226
95
603
670
490
156
572
542
353
311
22
291
70
716
661
324
89
328
284
498
48
431
147
546
219
822
615
27
166
631
386
449
784
407
487
37
559
490
510
502
209
429
617
511
116
391
311
174
147
119
388
36
394
533
546
765
3
823
346
487
462
656
622
487
582
232
173
114
460
623
318
681
449
296
671
723
221
557
734
398
173
428
227
458
282
137
809
17
80
530
161
207
418
181
798
94
527
568
441
156
24
114
475
779
430
103
620
754
737
229
624
37
253
42
67
483
663
600
474
604
355
557
277
595
113
42
433
512
708
308
398
73
98
176
617
169
588
794
442
257
514
303
792
462
278
780
622
390
212
674
449
575
418
760
410
376
808
680
105
318
426
514
785
797
509
562
632
446
4
532
126
240
37
247
618
50
113
703
461
534
384
223
337
505
690
469
238
608
465
789
322
235
580
58
732
450
74
191
250
397
239
122
147
300
85
156
426
630
793
155
406
322
9
524
691
437
104
395
204
131
678
243
506
494
688
771
242
210
575
507
22
772
594
453
76
690
415
692
274
470
426
494
148
4
764
308
231
625
596
466
273
42
645
500
404
499
354
433
529
401
702
391
719
669
167
652
825
142
651
134
525
129
244
427
59
574
151
413
386
357
329
306
253
731
166
68
421
379
766
176
289
573
209
731
46
197
317
243
282
407
785
415
823
161
283
771
759
323
307
571
173
37
642
110
626
378
596
167
169
575
595
65
217
159
516
745
684
28
54
393
662
220
311
1
345
95
673
551
600
432
427
771
320
104
542
389
483
364
622
222
247
334
129
639
456
45
602
4
138
11
47
216
265
506
702
439
99
103
621
797
151
748
299
575
394
294
46
345
535
67
540
620
418
361
758
517
421
535
386
147
420
507
729
712
320
339
575
376
228
552
387
350
267
228
257
347
108
776
175
627
324
64
520
443
17
512
351
207
22
209
554
788
188
316
813
152
729
39
182
555
261
562
513
388
229
379
751
189
442
6
389
222
424
243
328
309
645
780
321
648
89
9
546
387
121
183
622
341
495
822
760
398
206
340
65
754
500
170
828
64
415
562
267
387
447
414
543
281
187
781
396
234
409
235
224
601
569
41
29
168
501
78
227
620
788
215
359
460
28
762
68
177
105
650
520
142
386
127
84
64
180
116
619
344
277
246
544
502
752
602
87
211
389
71
44
430
69
29
365
376
144
270
65
562
822
265
404
319
493
135
324
719
515
616
356
409
382
509
321
578
103
331
820
747
752
378
165
47
389
640
720
329
48
575
633
570
124
112
24
624
132
117
293
732
13
55
735
153
756
776
13
396
649
749
250
174
438
165
30
809
594
424
334
98
429
57
236
204
80
59
702
558
566
715
97
771
818
403
610
770
377
53
569
291
784
185
591
497
720
1
361
571
142
617
687
513
483
681
123
199
471
137
425
761
429
380
332
115
716
375
426
792
468
333
153
460
762
339
801
535
733
524
751
225
113
32
395
799
125
59
293
170
615
761
271
226
236
734
333
166
709
611
171
402
367
249
375
492
149
153
18
192
247
85
571
365
30
480
710
462
474
534
468
669
505
189
639
656
74
235
641
307
30
791
515
215
115
697
168
379
491
193
211
798
421
35
789
565
281
331
270
489
172
32
206
648
417
769
408
190
518
407
281
186
104
237
328
284
315
8
636
733
100
57
277
3
482
582
244
286
525
58
814
605
589
395
406
359
484
262
235
53
646
545
466
221
434
790
691
148
627
537
774
748
95
295
227
472
15
408
715
426
262
757
495
765
753
95
654
634
500
214
668
725
329
223
338
823
383
689
396
296
826
445
806
572
597
395
687
341
207
479
525
154
36
415
818
91
282
349
340
310
322
362
310
369
366
756
466
673
719
821
47
496
654
530
83
304
385
828
449
250
419
767
785
27
370
238
241
775
642
788
776
508
454
538
522
479
358
628
544
159
388
66
572
639
526
158
508
3
145
190
139
98
429
672
287
255
63
545
649
121
601
152
266
292
555
327
353
641
826
103
212
313
20
800
203
551
804
299
533
8
416
222
744
383
39
717
549
712
659
301
794
496
361
308
707
49
718
249
396
574
308
800
368
827
44
487
75
79
769
652
658
343
682
318
498
233
756
362
2
718
658
145
534
808
265
127
505
801
273
96
817
681
436
275
102
110
237
149
118
434
338
25
264
178
521
174
768
404
171
205
804
750
90
666
656
471
817
260
488
222
745
611
525
331
291
660
308
486
814
158
19
241
70
605
810
312
133
186
164
1
805
652
482
549
361
719
460
654
333
522
739
563
816
465
300
762
206
688
351
83
285
515
735
463
625
252
325
668
112
310
651
214
336
181
551
187
701
780
727
731
296
768
726
507
659
768
748
328
734
169
567
565
790
817
689
296
734
703
759
185
473
53
172
769
48
645
480
62
597
405
5
361
368
400
433
763
342
198
474
266
553
799
30
64
721
102
179
355
213
253
459
776
62
755
717
545
64
37
628
341
233
429
354
752
357
708
534
793
802
70
388
632
498
444
702
52
256
813
366
683
418
172
366
13
509
191
727
37
275
308
260
26
51
200
228
375
706
23
524
809
264
179
9
502
636
593
481
636
568
196
632
568
603
233
611
777
821
58
183
378
220
639
530
574
177
415
79
774
790
273
87
67
45
231
161
285
597
717
673
243
315
598
58
86
423
515
541
640
150
458
178
435
145
123
315
746
512
164
731
819
201
696
424
249
332
310
588
240
288
258
285
788
649
257
778
798
429
471
84
353
331
707
488
402
89
444
46
669
646
230
430
277
671
497
158
137
813
425
595
166
26
132
10
43
96
486
520
743
204
409
773
588
219
450
764
465
383
514
74
618
392
513
412
702
372
37
802
806
329
431
144
457
83
298
215
331
140
825
465
3
282
436
802
814
748
580
765
4
545
343
554
721
429
380
676
725
807
27
645
347
588
609
246
367
438
308
771
719
598
541
323
560
11
310
460
613
820
40
297
38
284
114
703
337
296
527
516
454
789
275
413
181
381
816
39
136
128
244
220
57
568
172
534
382
130
830
539
523
735
115
564
19
541
442
533
696
748
592
588
664
541
27
277
87
801
127
298
458
570
535
361
179
433
70
721
250
686
619
223
346
561
532
652
136
45
344
783
35
587
232
297
264
662
482
168
255
10
706
139
297
475
36
619
733
830
586
483
759
693
475
151
451
192
254
422
62
528
541
699
453
449
733
669
272
315
454
464
790
626
509
354
738
351
318
234
743
63
616
764
633
14
823
358
448
552
103
276
741
44
534
756
189
800
101
393
623
784
321
596
668
258
469
776
152
451
685
595
365
536
160
514
814
262
86
376
808
676
234
607
495
191
191
614
384
634
676
327
430
166
472
748
193
189
552
804
660
106
124
165
81
413
743
719
504
115
430
2
611
88
683
404
180
25
371
259
251
23
167
83
229
410
452
493
718
352
144
541
337
73
781
31
461
514
430
398
301
459
481
325
436
508
521
454
819
646
495
145
3
168
287
792
54
509
234
138
557
542
209
180
401
261
592
598
761
144
517
609
284
639
179
229
684
144
87
16
549
483
574
625
526
770
680
807
584
8
27
789
551
771
417
725
734
111
625
285
799
415
179
674
459
387
437
745
248
501
204
185
216
477
34
795
559
793
341
623
186
629
560
244
91
432
249
300
308
583
625
704
249
456
483
212
533
361
256
591
645
209
623
405
504
198
676
676
744
33
71
592
331
637
397
809
772
229
315
291
256
94
325
557
544
139
182
641
272
68
179
106
82
772
816
492
812
755
204
88
76
542
208
453
549
119
664
154
674
520
88
699
25
680
19
79
84
73
71
83
456
420
176
691
518
159
733
653
187
826
464
529
596
468
386
609
372
717
147
114
541
692
197
330
8
789
825
266
222
39
625
313
352
767
501
381
414
481
311
805
681
712
520
114
210
821
753
539
614
584
534
355
333
162
751
263
471
559
696
653
515
153
245
794
264
81
583
445
719
259
764
58
820
603
46
635
392
488
367
79
267
794
459
393
543
287
621
582
536
234
658
82
472
407
254
201
544
587
460
93
782
585
134
786
62
472
179
707
131
300
676
4
635
311
378
501
724
231
218
346
167
48
454
324
755
369
80
279
280
804
691
762
271
47
292
774
7
601
380
218
545
119
670
192
363
405
482
19
730
361
227
457
287
44
447
534
208
12
377
553
566
526
331
145
569
644
568
684
92
300
665
225
123
337
76
153
674
421
290
132
483
352
330
789
746
814
620
297
269
662
528
383
98
556
590
39
623
30
111
587
549
557
237
714
560
713
212
297
431
246
30
342
425
720
822
600
728
200
320
389
562
365
261
354
468
456
471
625
434
730
68
789
235
20
126
565
624
247
60
552
346
613
814
697
61
193
472
149
215
435
209
686
436
202
228
681
636
384
155
528
310
52
333
407
405
693
304
236
132
271
808
306
105
289
376
220
754
670
567
26
313
560
802
722
286
618
501
304
41
87
652
358
608
95
315
423
222
810
317
747
254
69
508
706
606
182
4
18
113
805
423
281
440
691
651
515
789
64
701
40
206
790
814
145
738
514
215
5
3
129
269
365
73
436
321
168
241
695
623
70
491
117
221
137
767
384
647
457
168
761
783
211
583
130
204
214
343
549
564
812
628
259
519
103
803
491
151
109
136
29
447
575
554
511
448
806
425
214
84
390
523
381
771
327
78
810
683
249
674
60
18
314
75
589
736
530
569
762
48
630
284
227
496
652
161
41
97
675
679
766
818
822
494
734
449
802
329
828
342
320
112
552
552
86
139
417
830
697
338
714
546
429
242
607
175
190
752
426
262
587
242
266
6
218
73
761
149
497
248
710
628
458
785
243
825
712
9
685
332
39
413
526
252
527
250
172
388
705
327
677
644
274
153
69
500
711
564
493
551
94
668
593
806
787
238
298
289
324
96
78
458
140
247
490
238
273
435
380
354
521
697
457
740
194
196
788
527
529
491
487
181
159
354
522
53
364
490
91
419
569
75
189
255
271
522
161
627
276
284
783
239
786
400
598
228
739
192
99
437
384
73
716
392
557
673
63
721
239
65
399
181
200
551
593
319
830
547
51
58
614
568
593
743
507
622
705
583
424
2
467
786
106
278
270
693
789
768
328
648
38
344
532
643
481
743
478
811
577
199
220
61
204
219
746
816
437
501
452
770
264
200
235
274
276
575
325
207
573
133
357
702
221
54
463
327
794
783
552
175
106
326
650
280
305
487
477
328
491
755
102
769
406
503
47
139
83
776
238
74
389
344
186
388
654
3
100
811
805
533
427
276
452
384
740
792
213
422
646
325
560
284
725
22
368
644
592
774
246
16
316
316
351
362
253
271
677
693
349
138
413
114
617
496
426
370
564
533
182
624
752
650
711
535
667
685
711
104
280
371
344
433
305
726
731
473
281
3
231
569
582
733
387
598
693
821
77
810
392
509
174
498
499
310
725
78
287
821
669
593
328
670
581
617
628
167
593
697
530
758
70
172
369
549
210
395
273
510
678
402
380
262
693
275
5
388
3
251
535
794
538
284
91
472
282
362
224
581
625
629
112
548
102
583
34
17
16
27
83
278
471
440
224
647
603
817
59
421
196
76
520
332
227
323
6
779
229
118
565
47
750
75
304
288
90
822
705
569
409
250
690
314
309
431
471
616
110
573
117
794
304
623
9
312
480
204
183
553
602
582
772
70
774
32
481
406
555
473
609
42
293
251
197
733
347
477
162
11
654
72
718
89
275
340
210
570
454
827
755
202
169
130
756
305
440
575
772
353
336
366
547
644
143
297
616
629
603
269
802
137
600
812
346
521
215
33
500
721
700
382
685
69
186
137
124
489
266
551
55
826
136
818
299
698
143
365
406
779
437
433
486
700
191
173
310
554
134
443
199
771
669
454
758
98
785
86
77
385
284
167
136
770
92
612
63
669
122
400
42
320
135
533
141
473
611
660
680
660
251
817
270
349
56
505
376
673
40
42
175
535
822
52
642
527
703
519
206
747
378
14
793
655
543
46
406
688
316
250
719
725
66
42
822
184
355
339
22
335
385
548
164
615
221
425
64
673
773
623
827
672
436
510
17
337
225
684
734
606
813
91
119
267
658
83
278
391
160
265
170
572
823
21
123
538
384
594
494
208
686
559
415
256
685
252
818
36
397
394
588
387
342
334
643
134
166
766
563
194
556
334
601
325
74
776
319
231
330
246
178
672
331
40
707
446
665
636
450
32
333
81
579
157
26
387
629
419
335
94
388
735
631
333
300
767
826
829
683
561
246
560
315
667
198
752
570
306
162
46
78
659
110
754
193
77
47
607
810
577
408
474
556
547
631
186
562
410
220
184
633
308
3
647
660
342
656
493
461
126
19
571
202
211
559
622
227
181
221
610
58
298
808
20
286
718
753
318
817
520
316
206
568
578
569
350
356
179
616
573
374
752
213
787
164
219
106
738
40
148
116
711
355
737
341
798
562
631
342
12
477
271
135
738
461
296
70
327
166
290
277
231
482
652
46
695
517
648
428
522
12
703
657
601
748
774
803
723
27
537
185
659
238
421
80
491
723
680
537
162
280
66
402
319
650
716
15
367
752
359
483
771
142
576
89
681
350
634
724
827
158
352
677
712
283
575
468
258
508
681
425
555
266
67
746
169
13
377
712
614
86
368
471
11
757
10
60
459
423
598
782
745
774
503
38
415
576
182
313
706
146
12
759
336
698
805
561
374
219
437
808
745
630
364
31
635
11
132
297
96
144
212
774
302
204
806
426
698
110
456
10
16
432
122
627
54
206
182
728
532
40
622
718
196
173
537
660
522
225
198
69
104
746
675
87
231
600
280
494
360
557
535
6
511
768
685
136
216
564
576
815
348
633
219
629
457
799
117
782
151
481
162
124
262
378
354
550
173
304
26
383
378
758
660
147
781
330
423
662
451
406
621
5
675
487
35
44
646
612
732
301
676
83
303
172
6
48
257
246
722
565
178
297
417
70
284
584
683
153
619
474
82
547
467
408
589
350
538
661
308
547
546
592
20
56
547
351
311
554
90
157
249
187
110
183
27
326
635
710
694
660
163
143
437
76
784
102
407
394
343
623
647
237
321
361
47
312
324
561
410
553
489
129
310
326
357
65
267
660
432
824
46
3
234
784
644
39
516
495
806
290
226
479
299
806
355
204
274
439
579
320
188
760
425
76
828
206
757
275
198
484
373
153
8
563
73
821
451
364
667
489
633
296
375
656
671
373
770
395
563
544
73
360
496
212
45
378
613
17
529
315
399
630
828
722
98
726
153
303
724
775
361
381
223
66
334
299
355
553
780
45
620
250
57
436
619
694
275
206
475
598
310
348
294
674
117
543
526
795
662
643
117
660
297
335
579
757
446
770
148
170
587
75
409
592
642
531
311
795
479
70
359
678
576
385
246
351
289
741
624
364
52
91
345
26
554
699
493
172
387
265
317
83
809
141
610
148
825
416
258
56
563
561
806
490
535
715
269
220
287
574
254
753
767
616
695
259
566
202
830
162
791
428
796
570
784
49
542
573
61
358
164
56
635
328
707
777
811
822
19
387
147
454
526
151
580
349
197
550
753
609
793
729
261
213
256
732
793
701
405
518
432
447
78
178
589
488
40
703
108
595
375
674
740
430
32
785
533
581
68
573
70
511
728
83
238
6
204
277
214
506
286
538
522
391
341
352
740
110
3
499
495
456
584
657
767
607
726
9
554
471
84
399
625
192
46
252
10
540
595
336
195
608
818
704
360
63
410
37
114
593
348
581
765
706
696
463
825
433
180
369
367
512
373
651
56
794
754
517
164
809
25
278
341
66
491
337
286
523
312
804
689
175
485
561
605
220
550
502
721
581
183
65
697
479
166
767
213
394
107
265
397
324
632
292
102
563
549
597
787
803
71
484
382
575
652
824
303
745
299
60
323
682
743
678
535
509
606
400
518
770
112
24
347
604
172
224
152
144
39
156
733
477
117
392
270
470
71
38
562
344
24
278
590
162
201
789
594
377
100
358
209
87
169
355
145
781
197
358
150
794
101
339
691
721
181
317
364
746
563
28
520
331
800
162
791
601
169
74
226
422
725
372
471
278
577
655
276
588
378
183
98
28
816
27
273
372
40
340
735
546
461
201
708
300
290
722
314
123
593
159
332
309
113
364
376
315
143
483
32
341
678
806
632
347
737
41
433
24
613
78
256
322
432
752
518
185
388
782
420
308
542
726
354
35
639
415
242
409
799
405
133
553
185
278
120
589
614
629
172
592
388
309
480
830
58
562
824
239
742
652
1
463
801
786
727
367
132
782
303
10
121
521
744
243
785
423
321
444
71
32
725
112
208
671
50
3
403
143
597
397
303
212
401
438
429
110
268
440
351
621
219
586
735
161
196
612
45
802
651
221
407
17
322
55
506
53
47
396
153
62
75
475
490
119
568
552
118
197
47
263
58
99
345
453
567
23
474
342
662
624
668
610
664
15
260
287
613
489
775
100
63
449
690
424
713
170
593
227
98
393
91
606
579
571
230
822
592
577
23
514
76
503
119
825
519
275
534
781
601
413
171
308
605
634
392
8
307
821
449
821
651
741
498
706
125
456
124
620
218
401
667
493
774
716
829
727
809
232
357
675
24
615
506
716
400
630
11
54
552
151
595
535
350
218
590
615
476
139
303
89
437
213
324
755
8
705
786
464
662
23
375
752
677
546
343
338
147
435
4
276
350
479
213
105
305
646
87
278
759
816
215
392
664
825
809
29
513
36
70
355
562
525
225
172
618
653
154
488
771
751
736
336
393
376
697
678
712
303
783
155
30
820
302
320
419
712
628
137
814
567
99
12
308
215
83
722
203
396
405
30
655
124
775
44
13
661
201
11
633
224
214
66
154
30
464
241
675
484
797
738
789
723
188
578
61
591
254
430
437
433
3
557
652
567
122
684
167
754
347
635
491
227
332
74
663
82
721
258
153
263
331
40
317
723
349
47
151
48
503
651
153
364
7
503
573
803
351
411
451
355
50
118
223
480
252
439
147
25
25
74
732
310
20
689
20
309
357
207
246
412
151
502
161
203
593
627
101
23
235
158
100
89
309
174
341
448
179
66
397
709
762
618
455
479
541
430
118
392
376
559
739
349
26
188
530
437
377
759
563
454
326
742
381
522
450
795
53
144
799
527
247
22
675
782
675
429
230
234
449
766
172
143
217
52
707
830
209
418
499
83
365
731
775
637
417
543
427
471
162
336
412
608
503
402
729
134
295
1
344
811
457
739
185
86
161
29
209
128
449
568
44
172
138
92
206
187
87
589
566
205
356
528
475
208
742
273
493
280
515
72
577
188
293
14
814
813
362
323
578
177
219
539
702
118
300
233
464
552
133
287
503
100
701
28
482
284
334
774
693
313
260
532
93
145
736
504
620
324
684
428
238
785
753
200
605
34
422
671
271
270
30
180
171
790
515
331
163
698
287
252
404
745
207
150
500
584
221
310
691
14
655
113
196
387
308
453
415
641
300
427
721
27
816
530
127
245
725
125
567
738
764
272
784
88
605
683
551
383
46
727
300
811
450
79
790
539
195
21
256
465
150
194
619
546
784
130
63
17
151
805
635
325
315
493
474
811
294
706
688
629
560
329
628
258
460
681
255
202
778
410
98
121
682
780
253
545
509
376
224
298
780
724
205
681
466
525
757
265
622
591
538
612
93
521
297
329
527
698
81
79
737
738
719
575
714
23
449
827
816
10
774
752
11
57
686
402
524
542
249
468
390
766
403
504
586
139
785
634
569
440
63
239
248
711
469
646
275
605
654
604
470
499
59
279
771
534
101
7
634
375
580
601
150
274
652
523
125
370
373
298
671
285
464
172
132
532
38
599
648
117
423
200
176
297
674
665
636
69
572
413
743
488
797
612
256
121
362
80
180
256
792
43
368
473
762
670
15
524
205
411
643
707
818
787
596
623
758
717
167
48
725
139
801
715
468
261
205
622
153
79
725
118
431
675
169
522
203
750
624
487
239
429
197
443
46
185
44
346
384
808
539
495
216
526
365
313
778
27
578
478
699
56
515
448
712
692
746
752
130
791
169
347
216
26
275
387
388
123
592
594
80
181
490
452
434
445
25
212
638
708
296
198
573
65
543
356
648
204
775
118
570
36
361
729
364
40
746
194
10
265
439
646
659
309
218
807
60
545
814
141
204
419
725
587
362
505
603
431
812
125
49
701
631
538
409
364
340
227
175
295
755
787
340
774
402
192
114
498
215
303
742
505
604
46
150
760
393
357
180
629
258
715
377
389
475
250
576
607
18
369
63
633
208
725
622
97
511
11
731
710
351
334
594
228
809
254
379
356
216
75
300
343
688
246
256
732
38
464
693
57
612
2
797
354
626
448
743
105
373
399
240
57
313
567
408
687
251
677
251
743
552
506
27
362
565
78
652
733
203
793
343
786
785
244
808
739
69
653
54
486
483
522
129
144
795
465
183
85
187
121
32
480
68
352
725
177
167
540
731
299
258
69
771
359
337
336
152
689
669
189
686
593
800
256
807
770
450
159
43
676
90
793
361
713
258
781
731
230
536
735
92
709
778
728
172
307
615
3
647
332
629
91
64
618
206
656
100
131
385
481
761
574
404
631
389
387
680
304
810
662
224
114
331
283
3
463
590
581
277
207
805
87
617
695
169
366
300
66
768
745
677
65
168
486
77
436
749
88
388
418
6
14
634
23
194
691
199
197
491
622
736
591
751
718
53
185
516
184
171
43
86
551
745
375
131
260
749
773
139
718
617
542
169
828
102
109
593
322
259
512
507
204
499
765
163
239
409
539
789
127
565
303
89
654
47
755
203
567
583
124
418
49
185
288
354
419
560
327
811
49
244
500
572
487
806
513
525
756
303
305
308
313
372
333
76
394
500
75
524
607
818
381
632
598
148
375
405
464
755
625
79
170
298
790
198
230
772
356
549
99
511
676
290
281
124
95
341
630
223
503
89
686
82
472
275
272
249
580
501
603
51
52
131
761
732
199
436
815
736
668
257
681
69
813
665
544
280
164
711
416
248
796
9
229
310
546
561
580
152
45
73
366
790
173
531
393
399
243
576
791
350
29
283
416
402
812
532
203
156
426
443
307
800
361
557
607
817
818
818
83
507
687
706
36
240
55
490
102
727
90
235
797
136
232
96
171
397
583
791
382
646
786
720
419
276
1
334
469
179
73
596
197
500
141
713
725
163
593
119
749
58
32
413
608
120
716
692
703
725
400
136
11
456
230
736
742
765
723
816
708
781
238
187
398
744
167
776
141
314
61
656
182
56
526
77
274
707
810
710
355
576
217
139
158
222
34
172
645
274
37
643
184
216
180
292
824
239
345
29
554
546
636
20
749
304
644
165
421
512
85
184
7
123
512
481
220
821
516
356
465
13
564
614
529
419
819
396
122
533
282
394
711
679
119
577
252
513
388
679
43
19
430
397
143
221
53
737
670
535
265
333
801
490
238
86
311
613
647
792
213
562
238
541
270
643
259
635
152
776
554
816
802
171
814
338
404
57
218
457
414
730
146
453
452
555
139
794
183
468
678
538
125
147
1
576
88
455
214
298
144
301
607
388
459
319
272
275
97
643
621
265
438
350
494
36
62
326
561
221
678
682
98
543
819
399
256
102
439
418
600
810
523
491
38
813
433
209
117
399
325
275
316
396
58
134
47
684
6
30
763
537
335
695
163
724
452
545
613
557
91
234
548
526
214
542
359
213
60
158
339
165
89
734
513
319
289
563
106
814
473
418
8
16
646
706
677
424
528
309
749
284
515
743
170
475
396
56
491
107
346
336
173
264
323
768
461
830
336
248
455
334
269
521
639
559
505
295
795
441
817
193
219
822
133
459
323
478
74
124
682
630
807
498
289
466
596
727
667
319
186
353
280
803
538
85
569
337
541
320
244
120
160
676
603
519
324
550
425
560
420
118
564
217
326
564
458
530
670
273
743
654
134
805
319
448
356
681
357
266
675
724
513
382
326
499
87
130
713
512
600
617
473
162
698
600
193
683
76
804
511
598
801
635
52
324
803
441
731
670
813
568
597
662
69
375
479
43
232
569
568
569
723
522
466
553
80
257
233
687
155
60
65
755
746
674
258
174
347
484
298
342
390
61
325
245
271
58
3
489
681
589
621
447
504
113
638
50
238
22
119
432
10
444
711
229
740
59
782
224
442
150
636
644
782
753
550
708
641
250
250
417
232
499
321
200
135
480
102
752
425
669
460
183
488
718
722
295
357
773
7
591
311
596
328
86
497
626
456
214
258
104
278
602
133
578
717
73
24
571
683
113
556
738
499
217
25
711
161
449
721
721
612
12
22
661
640
448
208
475
399
732
801
243
249
686
685
461
367
824
111
263
11
797
63
167
329
218
668
487
308
14
549
206
519
247
283
74
150
565
697
447
443
408
599
276
651
349
665
515
749
190
753
505
530
648
44
792
51
199
9
522
758
244
378
619
100
165
810
682
702
624
293
128
120
812
257
68
22
18
167
126
618
563
4
381
166
527
232
636
243
236
672
580
599
462
121
260
666
17
209
451
821
208
350
348
30
572
10
127
124
653
634
392
32
502
139
167
92
767
261
594
658
43
244
333
103
9
705
335
725
211
303
26
806
149
509
633
518
506
64
677
284
387
667
468
268
582
247
105
423
809
171
336
485
179
535
330
63
626
98
729
361
667
300
153
553
205
365
325
143
554
473
284
492
152
225
211
736
689
300
390
471
685
192
75
88
578
331
437
455
822
667
659
244
732
747
70
80
448
807
481
66
520
687
709
471
179
128
595
639
433
324
616
553
586
181
330
35
407
701
769
175
710
316
548
523
539
277
16
541
611
538
186
726
616
816
39
617
135
731
568
442
667
471
282
224
611
455
15
806
502
805
162
823
333
492
432
44
357
810
94
302
44
45
182
631
381
338
811
274
334
496
259
331
387
603
495
741
784
276
212
419
564
90
549
38
168
653
519
235
66
229
176
219
735
127
623
183
445
18
630
208
42
735
439
749
171
764
313
543
506
644
38
197
532
411
335
381
613
596
623
732
279
357
651
669
566
641
451
370
41
810
327
656
246
176
106
740
381
793
444
173
232
250
24
827
722
181
226
808
381
318
649
790
807
689
200
375
355
357
812
162
415
192
74
58
785
589
407
290
731
821
113
637
510
660
153
639
274
228
339
815
585
653
42
459
702
822
638
552
361
439
232
416
368
626
557
604
623
256
777
467
354
106
84
519
267
361
2
653
173
55
762
136
347
477
329
632
419
640
825
567
749
618
514
707
294
82
274
803
754
116
325
80
520
493
401
494
278
112
304
416
89
246
352
494
190
351
751
601
664
101
641
474
309
364
233
406
328
283
224
629
716
505
506
755
596
19
448
422
456
221
590
432
262
575
124
785
157
689
99
195
497
127
278
24
675
234
335
711
366
670
348
201
739
83
266
230
642
353
341
640
644
692
408
20
587
549
794
794
290
353
829
532
430
327
729
263
339
560
820
12
86
124
82
444
786
760
443
557
208
528
803
568
577
639
261
526
585
363
4
13
471
8
401
760
682
597
425
1
213
762
198
383
810
521
545
742
429
144
80
422
11
389
414
161
490
76
120
106
512
491
125
486
640
493
231
543
727
121
132
609
664
420
629
701
460
802
712
588
101
113
564
611
684
774
93
812
570
468
331
421
817
597
62
396
470
310
178
604
463
440
807
626
42
635
572
7
233
94
374
700
559
628
446
704
4
778
350
658
192
355
525
556
482
725
380
819
555
26
39
179
36
291
264
83
300
364
814
580
446
719
464
401
368
215
612
778
164
182
745
468
509
434
192
555
446
42
439
190
720
648
22
368
27
459
275
562
369
713
490
270
688
187
504
675
332
144
156
614
423
22
645
284
525
203
737
60
149
672
626
546
774
809
175
740
561
427
770
824
267
328
288
397
703
642
597
792
166
790
216
508
567
96
398
697
46
252
252
179
546
539
444
229
509
16
826
213
805
553
154
706
435
242
39
594
32
812
244
172
543
809
444
553
181
603
114
428
602
434
649
143
17
602
198
92
16
523
103
747
35
86
84
183
1
710
48
788
314
493
306
388
523
291
561
817
1
776
357
490
266
231
327
639
683
432
256
473
221
284
239
240
687
242
436
828
480
203
544
827
423
80
412
295
530
525
138
549
45
210
411
365
438
145
371
145
396
783
65
277
601
455
464
683
560
463
244
643
311
555
338
665
11
417
148
163
818
210
830
92
207
712
694
41
187
765
317
518
4
705
113
409
683
255
639
600
101
334
398
507
343
436
789
722
524
659
154
176
646
201
598
361
721
301
139
790
71
72
158
237
186
146
465
287
28
722
825
194
118
453
480
412
499
645
524
688
694
135
630
354
552
425
38
330
786
733
13
139
603
87
186
195
614
402
471
7
582
241
603
758
434
104
281
753
591
718
129
497
397
442
409
504
253
343
496
123
713
522
590
729
360
812
294
737
182
211
395
548
528
386
823
274
376
817
157
283
700
14
209
772
82
268
390
140
38
786
240
312
405
656
98
480
615
593
128
763
359
733
9
752
765
297
291
350
542
15
583
353
750
377
274
312
776
172
604
789
609
328
587
306
457
27
573
67
607
636
491
758
643
1
698
510
191
488
782
690
9
829
296
588
285
610
35
645
300
471
537
762
395
422
208
413
561
261
131
792
351
619
146
752
345
235
628
208
240
359
778
826
142
490
446
352
269
559
696
600
223
187
95
244
110
707
119
656
736
724
138
437
734
121
710
711
588
804
753
520
412
143
695
807
252
45
771
202
789
754
738
593
611
651
583
505
502
775
448
255
628
412
211
747
294
316
391
1
683
317
414
122
49
420
373
632
456
304
23
171
63
480
580
729
42
141
282
521
141
589
51
636
529
406
87
83
421
345
89
752
622
589
665
800
217
166
438
391
642
408
426
765
560
494
52
598
72
410
174
544
181
68
444
55
33
709
16
667
631
110
179
613
14
386
448
103
691
387
494
737
20
16
714
653
374
719
756
40
817
795
731
163
538
615
825
81
349
635
282
2
25
391
19
146
119
566
574
88
783
823
705
370
121
466
509
711
319
599
471
499
650
558
309
740
342
503
151
229
452
266
54
527
615
478
793
232
260
320
154
130
812
797
817
776
668
810
812
118
752
383
235
294
149
261
284
64
93
779
90
147
227
58
253
772
105
605
413
757
174
103
526
663
620
142
528
723
313
375
29
412
400
99
432
510
354
759
411
423
72
691
61
558
782
88
356
381
530
553
184
250
88
264
729
522
269
568
692
192
472
593
636
602
317
650
751
499
59
324
190
502
685
388
298
3
750
621
508
204
661
643
785
810
267
75
3
309
505
208
809
58
109
339
551
209
309
7
480
329
524
114
582
761
316
561
252
564
557
648
658
8
55
1
577
638
582
809
281
825
736
545
456
54
17
181
121
725
672
203
758
212
2
246
227
439
314
691
709
676
693
278
503
398
177
145
497
171
420
33
109
818
398
333
339
438
190
170
649
664
685
764
569
602
164
519
693
676
286
736
172
251
152
570
161
704
712
749
804
202
774
254
581
725
802
524
195
1
154
807
105
243
819
643
437
583
699
798
738
693
107
650
647
456
215
139
830
748
691
764
813
337
461
183
628
375
505
579
330
251
412
71
795
234
590
237
808
433
766
800
641
737
240
702
765
765
348
47
542
178
214
424
377
641
533
132
723
106
313
174
277
121
45
417
327
568
483
207
649
126
600
322
487
418
429
759
99
87
562
716
684
72
160
667
117
657
213
42
109
569
293
301
84
63
131
755
454
258
672
395
276
612
376
550
62
270
671
156
98
637
728
244
1
811
170
423
161
661
591
521
145
642
26
542
278
45
583
381
560
423
398
157
794
682
419
286
85
6
40
400
463
688
792
755
374
452
564
20
391
751
474
58
357
777
203
569
562
829
418
626
550
280
814
569
802
749
476
153
446
707
516
671
166
784
591
627
286
687
68
602
401
79
822
517
353
244
125
114
695
319
314
766
48
663
117
90
433
789
541
14
667
237
195
575
253
90
813
361
422
583
222
697
425
737
9
316
238
170
704
474
648
691
306
706
575
660
439
334
434
368
472
78
307
196
290
346
238
265
653
286
680
288
301
25
13
786
460
394
727
444
330
345
732
81
91
578
140
641
216
459
72
170
624
409
61
405
687
52
648
71
1
332
166
67
818
477
192
672
96
312
333
388
743
330
367
426
685
682
100
703
721
474
794
93
540
557
158
360
334
769
787
197
459
641
741
241
745
183
757
477
639
774
371
341
413
811
661
609
492
455
720
322
336
791
714
137
176
363
213
313
458
375
70
186
239
86
506
16
388
755
285
398
478
718
502
14
544
107
152
757
305
603
112
153
804
590
16
430
317
310
739
426
27
698
8
791
646
56
160
308
523
193
401
265
294
602
158
720
776
213
228
792
255
266
814
316
409
758
268
300
101
547
655
444
71
169
763
285
810
242
175
494
631
456
533
813
376
629
115
275
489
323
86
382
530
783
728
510
817
812
453
250
398
114
351
624
766
783
370
76
154
388
288
283
784
590
328
450
34
150
484
509
509
240
39
671
729
624
227
500
633
752
194
32
2
20
472
689
658
159
17
221
90
771
267
602
245
682
87
808
719
501
347
321
533
643
652
182
493
705
685
50
456
334
107
299
751
172
213
86
381
348
171
301
477
251
571
153
756
792
694
201
780
395
313
500
664
218
759
374
337
739
442
656
385
157
331
581
274
118
308
107
446
538
229
587
428
418
285
746
462
417
3
453
548
722
438
808
461
227
131
258
450
482
459
677
720
184
190
153
58
717
158
351
431
628
132
459
549
270
417
29
482
347
575
22
480
80
466
733
90
154
411
700
739
212
764
773
818
188
411
513
504
449
120
431
4
284
209
345
529
209
660
340
138
808
298
671
707
99
187
320
46
364
180
292
643
643
296
770
732
167
106
652
573
30
494
31
376
646
85
127
701
244
258
662
180
218
468
373
2
253
742
46
816
489
478
180
702
518
702
789
400
326
206
657
623
316
683
341
775
257
51
737
379
291
496
621
294
790
771
249
356
540
511
203
126
486
613
241
95
546
298
384
201
331
728
455
444
190
611
577
159
668
387
684
773
544
291
178
452
782
446
562
326
534
497
116
496
759
693
32
558
356
189
667
122
628
564
394
727
811
638
166
28
264
761
507
205
546
365
227
259
630
611
409
764
69
56
125
160
263
649
657
660
496
764
365
199
458
628
555
468
108
588
581
547
124
458
777
174
514
178
211
752
261
167
117
345
786
374
72
128
273
780
342
672
110
707
456
676
648
320
10
774
679
239
750
320
376
59
86
648
632
727
673
627
347
758
14
701
153
748
347
240
651
551
163
73
810
131
634
508
534
206
515
721
51
235
666
140
172
301
780
431
635
129
135
315
790
317
248
286
109
25
817
587
600
484
480
450
53
584
544
436
37
524
275
594
808
83
372
587
376
527
295
167
654
495
261
408
377
85
312
194
296
171
487
504
805
589
286
238
67
258
576
378
219
743
240
443
306
351
625
265
264
510
97
213
438
5
819
431
282
785
40
624
458
515
230
758
84
485
219
739
140
352
726
170
299
156
78
427
75
287
737
699
246
488
544
359
687
21
343
773
185
641
322
46
666
171
85
81
140
605
540
193
672
467
158
135
297
672
823
331
358
367
45
539
329
605
137
274
653
466
492
235
423
581
478
824
547
748
315
659
116
549
241
821
805
784
144
291
263
34
78
683
88
811
299
638
297
490
606
262
797
314
319
419
27
312
748
340
680
14
101
65
565
138
760
726
419
350
556
732
7
801
423
737
803
396
679
565
657
552
310
126
413
319
710
392
793
318
797
454
518
714
117
770
146
19
251
18
341
205
757
114
360
503
308
605
235
34
99
830
151
182
504
500
198
619
715
128
88
364
459
357
237
323
618
370
12
24
588
46
233
596
635
96
262
423
709
358
706
25
58
749
164
309
236
568
518
466
100
441
756
40
430
604
318
492
637
395
10
368
460
473
138
679
301
612
663
687
102
594
723
5
315
234
420
13
820
520
319
492
760
452
41
424
359
445
200
186
104
726
56
9
209
343
166
729
168
52
429
822
605
14
578
3
420
578
111
256
625
185
462
114
141
548
605
57
609
431
499
502
415
186
779
322
87
494
308
190
238
663
179
55
608
345
111
111
634
808
246
704
657
590
667
89
137
614
336
699
535
303
633
719
427
152
352
19
222
704
125
81
485
818
235
328
333
150
245
642
311
133
173
368
789
497
593
757
388
190
582
231
609
493
814
537
308
478
763
326
104
101
77
617
711
618
468
241
721
283
183
603
426
781
335
277
169
733
94
73
720
378
784
431
574
764
686
672
482
359
517
618
800
85
679
642
709
558
198
435
61
239
232
768
495
282
493
374
718
392
169
661
215
727
802
632
380
654
206
663
169
469
349
473
787
24
754
258
466
396
415
137
45
682
314
294
508
623
469
429
708
263
66
632
195
501
191
674
647
391
512
579
729
41
28
592
377
461
653
708
535
135
570
803
357
281
603
342
90
89
495
739
397
683
719
761
153
349
787
821
171
227
21
402
239
55
751
8
107
309
238
182
480
554
672
6
483
646
806
660
528
614
107
365
285
442
305
295
771
539
748
522
227
709
44
585
207
34
328
633
142
393
280
778
511
314
546
625
712
796
68
243
287
770
178
334
67
820
825
762
649
10
648
202
808
355
584
701
92
223
127
588
173
778
337
231
356
653
735
435
12
473
469
28
824
666
334
633
527
554
326
15
723
604
719
125
176
431
667
6
600
341
75
421
248
435
184
503
419
803
368
817
795
673
808
295
709
292
175
71
781
561
768
470
165
381
290
582
808
337
285
756
652
223
592
566
122
210
768
765
330
764
645
699
356
336
796
342
561
370
700
276
787
392
85
14
239
719
310
57
704
552
287
355
136
365
98
6
656
500
354
421
94
475
422
761
581
638
191
115
109
176
144
689
344
729
629
604
677
382
222
148
147
700
786
565
630
456
239
656
441
42
430
269
544
19
504
749
110
94
241
292
445
627
141
495
106
59
556
265
395
283
85
707
325
1
263
756
103
118
204
767
332
6
37
236
365
274
312
68
282
640
289
585
231
342
728
178
386
595
582
725
399
550
239
649
646
422
141
784
134
4
59
541
413
534
149
435
557
15
414
284
730
474
724
337
585
665
677
562
663
761
114
766
579
335
538
665
367
462
435
663
180
101
508
601
148
355
511
53
355
79
295
178
764
752
27
727
71
570
827
602
127
475
408
343
653
264
823
689
227
198
822
439
98
167
365
145
671
548
719
395
374
274
488
522
446
279
505
356
355
170
310
29
126
428
90
121
635
386
350
319
469
13
816
731
132
686
567
669
612
359
71
355
367
570
792
467
777
324
770
51
770
416
661
597
489
652
642
307
281
407
519
595
538
128
701
387
29
388
515
653
487
24
669
504
596
657
380
655
579
659
302
20
212
361
577
446
271
546
591
133
504
212
608
399
35
151
381
598
822
26
272
158
779
191
606
764
404
479
93
81
709
293
615
373
512
740
799
114
249
77
387
303
346
759
331
162
193
18
667
800
27
100
241
822
270
186
64
823
559
267
119
567
126
450
354
595
29
524
272
674
360
527
117
611
494
207
274
538
683
442
517
741
478
603
560
113
296
777
80
417
402
95
535
720
268
743
701
169
27
329
628
283
568
90
169
278
698
365
761
13
133
170
584
500
603
766
745
308
309
683
213
195
610
749
201
295
752
310
766
144
64
311
108
522
507
753
780
657
258
776
48
666
344
311
100
76
315
637
787
770
765
561
471
471
697
422
809
692
685
205
759
655
798
139
600
807
320
442
187
44
331
60
349
552
579
645
103
598
58
426
610
273
693
6
11
625
275
799
769
21
227
484
26
426
703
166
24
553
313
329
91
750
165
607
243
52
280
568
253
829
373
599
434
366
125
793
101
630
467
739
237
532
546
521
237
372
225
747
114
789
377
705
72
114
180
658
413
782
495
278
204
705
29
150
330
682
323
246
826
727
387
271
488
249
465
361
397
619
105
588
331
478
584
248
364
92
2
171
45
562
401
55
185
413
342
582
334
228
459
197
120
446
458
775
37
331
304
595
403
190
665
310
171
708
570
599
548
61
599
605
382
770
202
499
540
377
52
318
473
194
390
308
50
342
563
421
745
774
729
653
104
162
393
653
171
116
356
433
306
233
676
401
626
715
719
229
150
158
704
384
57
528
76
7
667
515
715
584
138
252
759
504
83
806
774
567
310
300
336
361
407
27
459
475
701
145
90
111
124
209
264
810
530
321
164
501
553
376
185
462
7
556
291
76
411
503
12
542
290
48
146
426
777
318
776
51
79
69
789
373
272
326
296
95
677
125
118
678
650
728
160
444
656
315
71
722
107
546
712
196
214
394
697
546
519
142
56
31
256
370
505
469
660
723
733
218
509
178
487
60
453
781
600
553
648
559
527
11
754
214
698
252
731
88
275
315
205
628
24
71
39
523
468
766
775
700
456
568
784
282
247
136
137
620
5
240
255
577
561
161
622
828
763
528
380
221
800
416
814
103
256
518
215
428
53
450
449
570
492
201
103
496
188
500
187
485
266
580
81
81
797
333
52
748
675
228
81
623
78
703
811
152
748
347
320
735
290
755
719
479
414
563
160
341
372
822
548
505
43
126
83
48
551
668
220
571
560
266
6
216
300
189
335
583
452
232
739
461
759
734
51
678
33
57
334
109
14
547
727
627
192
589
378
101
744
303
323
780
455
315
733
579
386
50
152
724
638
441
369
502
364
269
749
754
713
31
384
304
506
463
275
670
21
745
506
468
390
674
340
58
153
463
712
625
125
142
483
434
754
241
26
633
561
560
577
284
364
644
470
648
161
178
146
603
349
785
696
524
475
301
463
820
282
638
657
236
706
793
273
370
195
473
561
660
116
230
606
163
276
629
53
300
42
70
608
206
758
102
161
446
239
128
374
639
692
106
154
432
752
663
617
346
363
371
559
682
531
350
71
830
303
761
198
696
210
248
648
620
426
587
821
171
172
177
154
187
666
44
609
619
438
14
61
518
288
172
463
704
244
747
477
655
578
210
189
13
626
651
162
503
713
221
521
448
197
33
297
71
398
545
404
305
26
270
555
662
377
508
259
627
587
772
232
360
607
699
745
619
738
381
2
131
337
808
748
277
227
539
669
610
725
131
729
485
441
238
628
53
81
2
253
189
560
368
199
339
631
94
621
731
316
303
581
676
149
195
369
420
496
654
187
730
789
677
141
730
286
795
615
149
601
729
352
311
665
442
310
33
549
342
315
407
487
130
807
486
110
677
320
334
170
417
313
739
692
44
558
451
33
196
712
823
443
95
538
781
575
23
365
179
300
345
411
795
681
72
663
407
189
29
792
684
591
413
338
706
769
34
158
125
215
395
702
503
235
440
468
257
768
733
527
704
511
611
314
535
710
350
676
295
633
240
188
679
587
329
424
618
427
534
379
493
73
430
785
482
269
538
196
170
193
182
567
6
595
667
201
294
180
62
190
605
242
573
677
714
491
394
11
276
806
600
680
148
491
358
227
651
244
825
493
775
814
796
814
156
48
794
538
768
527
732
500
459
740
111
723
128
46
177
253
306
318
682
132
642
490
736
723
570
563
629
337
191
231
228
232
57
132
802
15
366
199
588
670
390
126
346
710
394
668
417
122
183
160
356
95
186
201
345
326
752
825
16
570
210
180
379
425
307
198
291
101
492
585
621
404
453
177
639
688
318
145
390
660
726
611
742
694
738
277
40
1
577
491
5
183
780
272
574
529
321
463
821
185
728
587
310
58
334
680
4
67
619
112
73
352
364
84
165
754
602
510
148
336
289
771
208
524
816
773
640
332
745
11
381
763
560
290
74
687
718
11
754
623
723
708
828
235
720
540
596
4
209
45
532
4
637
741
185
778
621
717
34
688
410
535
573
382
670
583
201
285
22
625
245
772
585
193
632
358
380
343
588
352
697
29
514
318
124
155
630
545
63
776
614
562
146
536
419
239
262
102
151
526
297
707
26
38
6
277
469
472
402
115
393
174
68
574
828
461
723
337
477
737
610
413
403
160
200
399
322
699
661
765
388
264
258
664
490
345
268
395
43
26
118
785
41
453
139
597
615
133
756
45
556
622
458
533
373
742
752
506
586
521
698
481
37
102
302
402
197
88
776
559
766
300
13
696
499
375
706
817
811
339
817
20
197
361
380
610
17
613
420
252
283
542
380
266
826
449
309
734
705
167
370
708
259
123
828
64
767
18
619
754
622
187
464
686
174
8
743
349
86
454
119
767
393
296
218
213
617
527
209
627
597
580
321
152
128
193
800
437
712
72
166
11
573
639
778
644
676
186
474
407
273
763
487
779
456
334
7
392
583
472
309
786
78
50
57
467
113
162
347
498
459
162
549
735
789
601
29
538
384
637
809
827
552
596
772
208
404
384
39
241
91
544
650
701
676
774
776
606
764
103
41
474
792
464
170
295
504
817
295
321
484
774
175
741
165
306
71
800
361
350
628
359
280
736
37
4
337
46
443
477
478
152
314
412
117
552
146
241
300
757
625
603
310
627
167
452
450
760
455
663
772
38
425
392
106
503
404
293
284
73
339
207
541
536
276
121
758
426
151
635
712
46
766
30
518
150
590
536
508
14
442
174
563
271
679
399
248
271
517
265
45
721
695
66
603
266
317
318
86
787
812
225
167
427
386
353
263
576
502
687
693
411
600
386
328
776
600
150
830
196
441
469
737
397
429
607
263
76
67
53
311
648
505
463
586
706
331
249
608
544
724
115
766
653
387
301
131
650
742
54
535
807
125
400
174
444
823
282
783
511
529
659
725
132
356
230
714
149
639
479
201
684
787
453
69
533
164
678
153
596
519
274
415
297
47
427
739
196
536
67
135
292
122
336
77
780
18
310
157
260
274
324
200
794
524
88
419
569
30
664
819
478
350
740
473
423
678
295
610
604
390
417
169
505
825
469
492
214
673
686
680
793
512
711
532
58
483
358
254
313
81
506
485
772
625
271
789
189
575
3
221
487
501
680
72
587
10
271
766
269
266
651
184
426
494
100
182
760
380
471
96
827
583
23
83
378
238
55
545
752
227
621
538
280
496
127
335
577
57
257
31
270
51
335
330
650
657
330
477
146
58
252
10
235
812
188
12
771
598
195
238
813
27
569
702
187
166
828
27
225
122
542
53
596
633
349
543
214
570
714
129
820
759
529
292
659
820
620
747
190
537
424
1
723
585
671
97
341
632
560
70
589
107
757
462
705
316
104
373
817
454
815
324
32
135
125
252
340
397
28
307
151
242
743
784
584
14
302
271
576
89
682
678
394
198
752
733
751
770
633
265
101
761
289
596
11
510
286
413
419
813
811
462
649
179
463
708
522
473
607
126
401
404
816
453
156
577
533
275
289
67
288
12
627
661
397
493
186
697
470
698
238
604
363
736
501
603
451
829
593
501
767
656
797
86
604
80
821
129
51
332
305
392
162
353
655
79
354
735
340
85
312
56
478
771
49
782
432
733
695
804
565
700
657
391
122
220
362
539
206
617
820
269
753
559
574
452
559
615
168
496
388
542
28
313
6
722
29
559
7
672
545
540
130
39
24
222
222
798
224
137
59
92
283
439
280
91
283
672
726
489
432
35
511
336
503
619
593
278
209
394
253
404
771
191
8
748
345
128
584
662
537
147
725
211
686
81
667
144
192
209
425
60
664
567
782
282
792
500
388
163
731
506
277
688
66
507
109
607
410
71
687
802
81
164
546
558
762
747
534
672
360
123
465
555
322
362
456
129
103
355
242
797
231
267
281
190
287
685
109
828
317
437
14
807
52
634
702
409
356
451
82
330
455
291
498
129
570
649
36
753
813
225
267
353
690
557
174
418
94
216
395
203
420
668
15
390
393
96
430
751
324
633
27
678
693
162
830
273
72
315
261
463
157
242
741
289
486
672
359
580
790
783
193
748
216
23
109
490
773
45
480
67
314
370
446
418
588
648
704
142
35
128
704
298
501
715
711
36
57
351
381
265
671
461
577
171
757
301
481
97
114
706
542
257
497
304
16
538
344
274
569
593
665
132
324
765
264
573
408
795
89
239
692
361
432
542
248
19
332
424
668
570
746
433
210
329
712
644
393
437
283
124
332
794
469
39
750
20
649
396
66
333
634
386
575
487
273
143
741
116
502
794
482
744
70
818
461
764
779
59
589
415
282
648
332
247
514
22
798
14
669
712
587
390
187
61
371
422
585
139
520
106
171
487
170
515
219
539
686
316
716
454
518
541
306
151
775
370
112
228
38
346
325
357
491
97
284
17
558
750
257
435
284
114
532
152
796
206
571
164
155
827
759
48
84
340
40
220
686
461
741
533
293
15
645
31
119
612
450
755
725
571
425
264
809
795
260
23
823
328
390
306
514
281
414
479
437
776
203
360
581
286
820
18
526
126
453
684
215
486
385
46
512
250
290
281
788
603
363
789
236
648
72
230
673
524
660
374
328
819
42
709
742
559
117
173
642
34
185
637
427
14
653
310
401
708
820
230
315
91
407
485
229
459
366
591
276
416
667
632
288
784
754
118
580
84
756
657
427
171
385
818
594
350
287
362
809
765
816
126
526
1
159
264
371
395
728
107
399
253
270
406
668
11
368
478
22
377
487
576
2
733
738
160
769
383
231
328
758
648
130
565
339
423
374
319
342
468
755
787
704
190
809
479
197
703
11
310
427
121
184
47
754
234
302
53
321
396
502
297
267
453
394
313
700
83
69
216
141
345
359
493
699
44
492
327
49
98
554
684
54
17
383
270
378
760
626
45
814
220
563
53
340
691
124
671
216
784
620
490
712
206
335
423
687
755
138
700
812
682
453
339
760
371
568
12
428
795
511
549
564
268
83
596
290
501
479
822
160
6
284
629
229
679
295
539
198
97
402
776
344
568
621
361
726
446
284
24
542
589
665
382
8
319
598
227
783
780
59
348
15
289
237
647
416
120
736
277
40
515
441
652
242
81
821
485
296
194
273
771
748
270
534
600
209
99
46
289
149
486
582
81
422
235
491
122
159
235
108
695
276
528
37
106
412
236
632
223
37
823
596
481
27
512
453
373
290
227
357
343
562
312
824
248
458
88
319
559
65
381
62
469
184
63
86
796
176
428
113
545
359
630
284
52
734
90
618
465
754
184
5
241
145
151
48
365
373
635
341
146
569
783
132
668
512
585
510
613
325
390
497
149
170
42
690
5
249
141
654
174
415
169
527
92
152
327
818
392
499
809
596
317
308
193
466
697
311
772
92
823
779
617
336
91
212
719
672
680
541
283
233
779
311
179
376
359
400
273
194
389
788
230
349
510
547
799
138
260
715
411
530
418
433
793
790
395
351
332
89
278
647
681
207
9
77
30
606
207
791
190
250
2
740
434
336
266
259
817
704
562
611
630
108
297
715
166
285
521
720
521
638
679
779
782
340
192
277
282
48
197
355
69
388
320
684
333
558
559
475
367
209
501
43
763
286
720
323
127
830
197
555
649
821
313
309
789
208
303
349
410
561
764
512
798
472
548
120
233
167
659
566
417
444
218
814
581
338
244
169
241
700
733
352
458
420
458
473
609
802
134
794
481
229
532
722
352
414
791
453
466
282
623
14
304
185
47
98
562
808
747
154
640
511
197
698
701
169
408
554
231
280
322
132
134
435
68
131
381
783
192
174
352
32
583
381
500
258
246
184
138
327
462
312
263
280
395
224
21
279
8
597
702
593
36
192
616
278
381
458
83
265
637
296
309
345
172
466
369
659
400
515
561
584
492
744
312
479
787
180
801
768
534
482
354
212
748
335
394
426
778
175
147
493
70
441
248
511
235
749
338
438
92
207
472
672
788
537
48
408
129
382
655
148
516
355
178
758
492
580
713
176
386
204
437
220
174
19
393
661
580
694
108
708
507
457
473
89
205
771
467
736
320
5
648
544
484
571
795
440
765
747
432
378
105
96
806
261
333
637
711
722
358
615
730
717
166
96
323
32
781
381
239
158
297
97
404
341
29
181
118
107
407
630
349
429
374
203
658
418
206
262
186
447
657
670
368
516
174
824
94
4
544
370
332
110
320
560
705
411
183
96
336
814
168
276
310
486
171
685
40
503
170
547
490
506
346
734
286
514
343
438
530
69
607
353
420
140
380
244
315
611
523
635
262
751
735
757
31
537
185
825
298
480
212
611
231
158
435
814
554
509
148
603
696
757
76
393
641
757
735
315
631
55
270
326
619
570
607
547
339
349
385
789
92
496
800
158
673
304
427
707
407
190
347
571
97
730
16
605
89
165
509
608
200
652
523
773
581
636
64
547
785
385
18
36
786
724
383
425
43
345
663
754
579
555
242
632
4
788
481
278
410
638
280
284
105
642
723
799
406
704
241
801
101
10
225
402
240
458
164
109
409
681
118
488
202
590
217
522
706
474
591
378
673
184
690
636
96
562
777
245
67
795
408
248
609
600
363
670
278
106
493
382
415
107
95
255
20
129
679
763
673
706
181
689
166
474
235
367
785
23
390
724
566
127
89
212
349
799
492
319
208
456
421
608
134
560
566
374
720
369
813
99
603
227
691
216
346
220
790
828
787
456
726
437
612
541
344
673
739
757
714
180
320
1
161
783
154
276
489
666
736
327
79
731
714
418
30
611
463
544
727
563
571
774
654
818
508
196
766
266
35
82
228
531
178
16
423
246
325
398
225
414
719
439
83
818
226
703
205
460
344
15
323
320
587
215
685
772
282
23
705
497
232
479
167
562
407
335
821
182
100
195
803
481
265
453
223
511
152
304
626
215
706
423
18
504
629
674
802
748
152
89
805
343
81
591
9
523
408
302
98
360
495
39
233
354
453
419
61
734
785
489
522
751
373
398
314
670
158
282
225
94
503
484
357
363
214
370
375
688
131
720
25
721
476
747
404
643
5
440
762
220
474
428
580
719
152
78
242
272
268
93
374
820
183
697
589
632
511
252
541
616
64
231
182
130
338
596
249
802
749
471
305
52
682
508
607
464
478
127
588
167
714
469
598
366
423
574
34
237
547
81
378
41
437
5
728
378
330
189
162
8
38
387
465
631
112
739
765
349
8
668
301
657
522
648
50
454
618
594
593
79
316
35
805
781
494
598
503
416
200
183
267
18
738
305
100
655
82
680
144
301
228
716
47
465
50
618
311
779
272
94
574
236
74
310
566
242
204
451
469
806
601
144
2
99
58
268
674
513
531
534
738
286
425
729
55
244
737
404
528
564
828
436
672
601
183
442
320
678
306
691
316
331
6
382
325
351
345
353
2
756
360
248
657
588
445
232
677
670
583
441
622
181
422
134
216
456
491
709
810
605
20
515
147
46
672
363
604
201
643
624
87
793
565
829
526
600
174
634
713
6
224
594
465
379
502
124
96
112
187
405
414
304
524
80
411
615
498
639
175
784
669
86
226
302
245
307
256
220
339
141
812
429
13
707
34
290
211
558
370
555
288
734
473
523
755
401
588
492
471
457
468
641
544
272
531
547
640
395
814
740
517
71
668
179
265
495
541
530
749
460
464
815
643
368
102
105
441
234
461
455
477
104
812
664
452
65
140
820
725
475
37
670
238
141
78
702
357
706
435
732
353
772
717
822
619
279
421
594
540
11
667
450
577
583
633
694
609
447
270
488
581
175
456
259
317
136
53
675
111
111
717
186
779
699
816
535
776
67
540
582
353
256
765
382
788
15
289
611
279
486
89
653
113
591
742
578
623
464
330
767
108
513
781
113
821
806
670
510
33
281
271
52
539
144
415
465
576
118
549
617
89
166
375
326
322
569
476
261
705
442
170
467
338
266
502
173
74
623
579
77
753
154
651
304
509
55
516
305
591
413
475
176
210
17
459
757
182
32
265
116
386
275
793
582
198
442
470
723
349
220
615
162
353
305
344
617
109
275
689
599
569
744
793
265
55
830
281
190
374
607
606
476
155
360
14
694
177
321
757
106
148
812
638
296
795
440
10
403
140
289
354
744
114
135
123
303
402
822
229
821
609
704
565
283
261
750
510
79
247
226
124
641
216
828
4
792
807
201
397
337
119
726
408
691
695
22
503
436
170
358
260
760
699
397
352
640
595
602
687
478
770
319
45
273
302
167
577
795
116
110
28
279
453
392
214
790
427
399
758
46
699
735
812
136
201
394
440
769
740
354
405
55
765
5
290
110
336
577
154
782
417
554
581
445
550
281
731
647
4
556
98
711
179
614
106
39
542
285
440
445
75
625
247
388
193
366
422
491
209
829
464
710
628
471
252
822
171
502
377
821
199
58
754
139
572
14
486
536
58
539
542
587
436
53
664
743
293
477
780
155
497
604
446
257
141
92
742
370
578
335
560
247
62
201
70
252
607
73
313
163
70
533
24
459
174
199
731
367
124
628
132
569
277
153
508
271
535
693
453
438
335
642
563
314
1
12
507
231
706
117
680
112
455
774
668
803
599
339
613
452
505
827
1
89
309
387
37
108
414
250
760
463
333
229
50
438
324
34
166
742
660
5
416
450
65
328
269
727
623
116
43
251
273
432
696
375
445
571
15
148
478
678
64
238
588
177
221
20
185
658
327
611
210
240
691
616
521
729
239
364
207
388
456
151
338
523
147
351
50
493
549
443
237
749
426
296
486
583
518
696
527
627
714
404
195
126
705
649
587
175
57
192
478
285
612
300
240
64
143
616
624
276
775
220
614
298
637
744
716
302
190
91
802
215
492
367
416
210
329
42
495
793
363
90
370
485
171
521
51
754
275
660
59
654
2
78
405
116
434
10
415
570
815
208
298
67
154
792
180
242
290
395
398
824
236
312
37
85
745
279
27
13
235
680
190
509
336
252
431
200
65
367
538
487
673
75
704
333
235
805
591
643
666
530
638
87
681
240
171
375
382
62
421
654
622
811
158
415
134
608
507
779
120
45
724
139
443
300
785
806
68
424
40
65
96
526
293
278
319
160
104
275
633
176
673
712
569
469
356
776
547
223
762
646
688
549
613
114
176
450
668
560
522
336
112
536
417
469
465
659
778
449
134
371
747
27
248
408
809
456
779
11
658
387
100
333
591
768
508
374
95
236
691
168
317
557
165
58
793
383
12
2
744
421
777
161
219
181
103
218
496
617
465
70
401
481
297
301
214
359
289
608
174
157
350
631
36
497
91
337
35
581
740
54
330
425
250
71
654
220
493
34
664
428
78
584
23
134
36
415
423
802
431
446
41
165
199
656
396
100
217
126
51
216
319
45
568
668
678
758
99
810
256
65
149
743
754
168
67
830
4
276
364
358
583
129
580
192
86
1
510
825
167
467
47
28
338
109
75
12
602
151
68
327
675
652
323
675
470
615
232
299
200
363
389
371
129
595
820
72
50
572
102
110
233
323
380
387
328
49
270
596
583
765
781
149
161
651
682
310
414
522
10
175
657
278
111
643
268
735
204
491
535
377
743
534
162
383
268
440
388
146
715
355
28
639
584
544
697
546
710
468
397
712
522
617
487
138
612
515
448
74
476
112
69
337
519
151
493
664
229
205
711
583
511
264
499
104
386
132
462
131
174
82
67
245
812
285
564
589
339
33
418
153
47
475
103
297
771
770
818
637
61
615
12
442
804
595
290
531
223
414
655
172
166
760
760
658
595
473
666
419
608
815
46
669
91
677
29
576
360
273
439
762
352
333
815
300
803
406
472
89
742
469
182
46
785
504
422
627
504
811
550
463
615
595
538
448
366
821
101
707
446
786
134
132
456
156
222
248
638
67
649
276
388
313
619
626
408
661
424
328
511
789
533
315
702
634
103
292
355
67
204
632
706
687
780
763
155
817
539
238
182
53
96
351
206
400
506
109
725
686
647
801
656
554
505
254
638
662
229
188
115
215
822
326
336
788
163
233
319
829
23
640
157
134
344
500
722
148
763
175
261
476
646
269
672
662
642
553
121
619
30
175
69
756
42
428
27
216
730
162
48
797
824
800
118
601
556
528
251
764
568
59
659
744
516
181
560
810
470
566
271
167
601
437
223
84
492
669
372
590
582
14
340
140
604
399
175
719
392
43
738
200
578
781
705
131
45
500
727
346
428
274
527
35
579
45
349
480
371
245
556
463
786
769
612
515
212
662
162
717
344
10
114
617
735
259
592
805
203
687
719
282
82
679
231
350
215
27
469
127
385
813
641
626
554
416
517
8
136
543
244
617
605
46
701
818
492
180
102
610
282
38
669
108
805
383
511
559
747
414
803
442
204
554
439
108
282
153
628
405
85
624
174
285
242
366
481
288
141
775
506
339
505
537
709
599
534
578
129
280
60
706
192
217
383
470
499
177
406
716
349
816
373
120
267
17
471
9
673
608
204
451
123
171
2
257
401
434
54
627
62
213
736
215
204
546
236
807
340
785
443
598
755
174
551
157
561
31
663
477
103
423
769
385
138
614
529
633
31
499
322
539
148
336
263
812
35
310
569
48
347
2
553
685
779
553
218
206
480
711
85
144
589
377
589
802
359
215
16
203
669
230
654
38
456
358
650
30
594
228
400
56
338
332
451
328
790
184
463
544
812
110
125
594
338
662
555
73
670
486
170
292
587
519
636
22
431
14
184
134
373
596
321
385
262
192
278
301
48
251
706
86
429
408
45
707
603
310
552
367
722
253
181
85
371
598
94
588
155
772
45
378
829
132
302
493
456
482
123
64
69
814
501
589
782
812
335
807
424
555
462
783
564
410
337
722
514
348
286
436
570
392
247
47
442
171
209
534
657
208
535
369
232
468
289
19
155
557
140
706
167
805
138
25
573
246
20
369
422
581
335
702
190
307
483
735
744
702
705
34
760
86
261
599
22
170
571
190
764
231
650
765
812
702
5
591
286
785
280
730
445
383
745
430
448
225
1
302
719
54
1
498
279
463
27
176
435
470
713
88
92
546
808
102
792
524
660
602
572
156
229
746
198
291
409
578
722
57
695
693
731
679
775
267
84
763
821
368
421
145
530
159
724
534
144
15
395
541
304
287
274
601
705
28
144
199
694
812
222
733
546
166
650
374
175
487
23
163
707
324
640
193
348
510
533
106
197
74
754
410
264
490
322
685
451
404
81
5
828
104
256
163
781
796
243
357
684
661
356
218
267
310
380
446
463
234
321
311
242
342
152
129
273
827
41
674
133
522
552
173
18
756
108
63
352
691
718
753
204
667
3
333
204
276
608
207
590
115
628
541
761
249
170
215
512
178
668
295
165
341
649
803
783
697
804
320
741
41
664
172
450
246
818
308
325
318
132
569
807
464
555
138
49
534
172
44
226
394
118
340
160
549
300
79
87
539
482
138
171
10
224
523
249
191
780
72
508
21
433
355
66
361
312
682
234
804
426
195
10
218
382
530
391
789
600
607
638
285
501
2
201
285
133
247
825
435
67
561
687
820
317
432
628
333
664
390
191
363
535
475
99
636
334
586
811
532
236
716
328
807
447
673
769
649
571
208
507
708
324
229
158
563
78
179
516
30
487
658
698
123
776
733
635
532
720
820
629
290
590
10
191
144
360
222
659
484
348
373
302
486
136
248
365
576
380
683
667
672
116
97
776
814
347
133
786
300
355
818
209
225
110
331
816
326
435
508
763
236
794
666
743
695
569
245
218
756
94
426
145
641
294
808
587
227
242
200
690
617
526
418
88
548
349
463
32
426
684
373
367
217
201
406
351
165
694
110
388
468
176
73
700
392
114
14
221
746
260
266
167
826
726
620
178
395
431
66
149
35
646
706
408
100
584
225
521
592
512
49
44
169
178
152
207
562
721
666
145
353
587
144
651
68
382
464
34
331
137
796
755
371
191
266
616
194
279
276
492
777
224
488
687
151
18
136
345
130
174
804
560
119
704
487
408
141
182
276
220
822
426
732
221
413
131
680
425
551
807
309
104
431
105
622
694
787
244
55
644
97
137
768
605
402
712
793
250
527
493
811
505
472
736
624
304
440
373
258
502
393
11
354
359
624
107
377
820
384
449
304
162
185
581
464
94
579
548
653
552
403
437
71
336
816
174
623
363
404
403
466
789
627
127
300
5
351
578
81
765
520
521
69
47
616
291
25
315
785
311
40
750
646
396
306
783
43
356
470
493
174
281
229
511
234
490
535
748
402
2
110
499
282
321
102
592
23
2
806
136
266
220
333
148
36
23
206
13
775
239
192
381
430
443
697
117
636
447
674
554
355
206
525
613
604
437
706
762
213
637
810
618
475
59
768
633
10
698
388
165
260
379
587
75
454
321
367
586
678
788
357
746
651
277
82
688
301
694
556
437
809
50
461
189
220
429
48
450
200
725
70
333
529
327
166
125
59
823
217
517
712
609
62
514
413
450
204
310
251
717
14
578
306
475
786
47
592
14
25
440
72
415
99
457
621
85
324
512
221
469
95
223
85
353
256
771
164
535
13
558
669
706
497
462
524
656
571
291
635
363
348
83
534
221
686
615
812
552
727
176
417
189
53
577
800
752
740
111
752
521
374
64
153
212
197
803
173
42
581
426
623
314
383
790
277
49
707
369
362
407
604
135
157
253
179
437
492
256
709
710
497
400
380
286
410
431
342
751
796
298
139
24
637
39
557
185
723
352
350
435
710
370
404
658
709
614
806
548
429
774
376
384
239
638
504
830
332
726
737
802
64
737
449
792
321
1
601
104
402
798
273
180
179
786
152
637
557
59
776
473
83
480
701
695
697
85
169
405
404
325
170
392
689
126
473
747
169
809
522
533
559
785
769
478
556
28
237
148
178
655
712
627
610
148
89
499
468
516
621
68
768
607
765
734
554
41
127
744
464
412
455
652
46
191
3
98
720
438
440
325
376
556
726
327
304
238
765
741
694
168
563
678
508
265
528
213
821
705
115
43
652
762
91
768
43
626
112
799
401
504
23
698
771
289
51
209
182
377
700
766
562
188
598
230
348
105
629
683
755
613
49
154
176
506
780
97
553
754
427
149
535
43
11
578
605
436
562
531
50
519
677
521
219
690
401
669
788
152
68
346
525
644
659
91
550
41
309
656
322
569
144
640
184
369
184
146
414
826
725
510
24
283
228
581
507
760
99
824
93
540
364
357
38
205
815
575
46
17
236
4
644
653
186
212
540
556
695
226
352
412
42
564
384
814
663
220
53
704
760
636
716
351
447
454
618
36
410
412
106
633
698
746
743
223
596
205
74
743
387
216
543
694
286
341
518
732
18
525
226
244
341
584
402
188
313
468
130
462
354
299
198
272
758
396
618
222
746
430
65
571
451
780
586
381
713
4
556
498
499
160
56
790
157
49
720
249
826
503
812
455
522
268
9
770
23
814
649
441
67
624
687
758
434
493
804
621
27
529
191
372
109
677
489
637
403
256
22
633
467
736
317
565
615
415
217
701
163
225
558
9
212
592
37
218
491
14
392
52
285
586
636
667
544
23
265
725
296
253
204
678
612
535
667
563
528
558
167
49
593
164
227
111
126
255
297
83
474
797
183
20
642
222
53
283
588
165
225
767
425
761
462
753
703
800
598
744
262
457
428
704
57
555
420
54
490
524
768
267
389
315
711
812
726
758
599
57
552
449
334
653
223
194
698
785
600
338
273
286
262
669
50
482
358
414
41
347
215
336
396
23
604
279
96
829
239
651
470
397
608
327
494
344
790
132
467
215
480
10
410
154
591
521
533
446
123
103
35
403
201
9
806
675
631
430
811
741
821
279
743
480
74
742
294
650
188
657
727
296
141
184
574
579
377
168
636
644
371
174
473
372
216
815
257
107
501
424
807
25
767
120
296
725
504
402
98
155
535
401
440
636
70
379
557
558
563
383
63
628
301
202
87
406
500
514
585
702
640
475
36
583
490
349
336
67
200
408
561
168
173
691
768
433
464
235
325
241
744
440
272
383
635
599
61
627
754
780
327
522
745
161
37
191
205
206
827
546
610
116
660
184
235
511
605
216
605
130
792
772
327
741
157
4
718
249
600
223
710
364
549
130
404
179
377
251
516
596
541
657
194
358
41
436
392
593
688
168
474
717
406
116
266
703
169
252
116
750
363
458
629
648
622
638
68
11
815
17
325
262
711
593
718
614
734
361
810
808
1
403
260
798
23
605
545
215
77
763
587
403
787
106
803
17
133
257
406
481
420
379
133
492
573
106
697
80
17
30
591
694
422
196
270
107
48
195
74
780
600
773
31
780
577
42
760
723
753
141
624
804
751
133
172
400
153
131
289
337
149
236
591
628
451
823
659
272
328
287
204
481
619
233
109
72
204
615
488
719
396
197
228
181
108
672
495
188
789
808
795
627
641
294
110
556
366
305
107
812
74
383
817
711
716
358
770
425
811
666
122
442
2
232
806
194
165
382
817
156
133
618
19
684
771
617
637
620
396
18
116
241
683
531
732
789
86
533
404
213
117
602
43
679
725
540
760
263
745
105
344
61
673
146
12
469
39
369
554
421
758
324
503
533
453
358
565
563
168
736
367
454
292
117
195
818
88
506
525
591
689
253
81
799
634
277
657
611
547
209
449
812
795
730
380
19
296
801
58
41
288
28
144
123
721
241
775
61
780
94
205
668
82
492
706
494
306
300
82
409
777
763
50
602
474
75
440
136
216
275
386
38
638
690
717
596
574
655
133
710
378
396
607
77
55
674
776
221
243
278
601
211
615
557
786
679
320
718
452
791
747
198
296
740
546
50
699
688
46
830
237
8
158
476
741
781
827
395
13
702
559
430
773
63
738
330
575
476
82
438
243
294
475
561
315
97
784
769
300
53
743
370
163
381
708
107
73
129
6
537
189
429
325
90
552
761
185
115
811
162
271
25
383
369
697
506
529
830
660
807
68
221
662
712
514
649
392
172
626
410
165
349
138
212
538
744
671
98
572
824
74
41
348
566
714
106
3
232
504
142
83
575
613
802
656
391
651
222
518
787
496
190
421
805
625
2
538
687
302
363
210
202
252
542
109
248
359
468
825
235
642
689
667
558
293
164
233
757
454
678
384
436
372
422
145
130
210
513
518
259
641
354
316
229
164
428
390
213
377
170
343
83
382
265
67
547
743
667
197
670
516
641
163
542
607
691
131
685
659
807
76
284
790
56
569
20
77
216
62
267
488
797
329
177
613
112
538
826
218
639
692
509
152
266
95
415
166
510
117
684
488
488
161
647
25
314
762
181
732
770
404
653
293
245
392
702
246
307
799
49
754
11
236
242
615
692
98
777
549
252
766
547
316
487
220
224
762
701
211
388
475
50
746
362
542
828
27
184
515
448
548
591
108
471
212
557
84
590
271
291
226
514
531
652
41
244
239
590
437
67
26
478
531
764
137
459
454
395
330
1
737
236
570
298
740
152
732
416
142
715
441
802
283
711
818
785
400
650
610
234
224
181
701
224
744
311
176
134
733
287
258
646
599
751
165
639
287
621
72
31
745
27
571
174
492
423
410
238
129
478
524
40
199
380
471
108
429
385
504
668
677
223
93
411
153
704
80
61
45
666
464
667
4
826
630
193
429
17
620
723
39
9
41
450
793
366
823
245
462
384
169
229
168
296
68
742
271
612
540
524
504
223
433
811
708
191
182
717
651
100
756
521
506
701
787
226
760
433
168
159
533
484
591
562
569
394
574
389
169
640
555
541
565
256
147
405
788
262
264
451
177
635
772
746
207
484
339
437
591
735
64
476
424
677
725
506
191
33
94
803
712
613
469
164
55
339
657
185
376
258
123
561
735
407
513
553
119
641
775
183
264
494
472
238
303
416
298
248
521
403
669
104
586
781
717
460
252
405
322
693
36
301
742
620
131
564
442
301
604
799
733
776
318
516
817
127
120
350
38
248
454
255
736
502
414
495
339
296
253
45
714
800
452
649
509
567
33
323
781
775
192
827
263
534
694
451
101
752
529
317
7
589
458
741
760
697
543
755
366
204
665
242
588
725
450
782
351
654
402
499
381
463
435
262
225
90
364
185
88
363
336
470
92
365
170
511
691
311
762
316
590
494
240
273
195
21
86
194
516
720
185
529
203
154
199
778
423
114
605
13
300
593
133
414
437
664
40
194
761
68
200
510
780
604
580
31
107
725
439
485
85
193
251
583
538
344
106
267
476
529
208
287
497
30
714
197
798
452
227
276
736
50
525
500
279
205
830
48
378
83
780
228
119
10
463
280
46
51
800
713
52
526
270
129
432
380
692
494
190
195
507
785
657
692
667
337
200
811
713
36
687
511
50
688
705
684
372
214
768
159
327
62
5
369
298
394
592
807
526
135
372
421
39
472
754
222
438
531
346
523
163
762
224
369
580
670
820
95
565
132
85
637
111
677
752
447
182
500
584
819
671
661
279
286
299
238
93
673
383
306
35
493
655
236
571
622
368
376
229
808
372
343
546
671
760
189
609
736
320
344
32
186
742
115
170
708
21
214
205
500
675
788
431
702
251
174
205
124
196
768
201
105
623
432
9
98
303
548
212
335
143
209
488
77
60
209
94
458
365
431
530
326
614
713
369
301
203
647
142
543
726
787
141
59
717
461
751
568
330
349
68
7
276
404
759
9
261
687
504
43
155
479
119
500
185
537
390
688
296
238
5
339
623
366
192
375
515
286
500
303
815
137
311
30
665
604
597
382
213
672
167
415
712
691
424
414
552
381
744
401
216
736
414
194
422
89
136
52
140
433
286
731
583
494
317
349
435
477
199
396
806
127
577
799
128
718
381
106
432
67
65
177
112
43
73
277
526
677
195
239
56
151
524
321
211
753
720
101
113
552
14
250
335
155
725
366
523
130
600
63
311
377
618
426
627
639
549
336
102
269
477
669
673
742
191
354
567
706
504
483
827
185
332
787
160
177
649
453
706
49
278
539
581
493
39
618
703
446
609
46
553
765
5
2
73
439
431
108
751
369
614
565
329
211
496
350
98
228
813
78
157
663
439
799
606
635
460
319
71
770
141
650
443
475
265
171
580
618
437
557
155
455
304
391
830
186
783
38
655
324
825
776
151
408
483
693
697
126
756
132
602
612
625
154
587
267
103
742
512
532
461
121
792
454
499
57
688
572
205
382
336
541
207
442
683
439
369
818
614
369
14
688
323
823
675
10
701
543
438
314
602
809
542
9
784
274
376
165
286
326
215
18
436
711
312
693
505
112
575
378
42
810
537
649
233
13
122
607
537
772
128
315
151
425
170
460
375
111
320
398
376
208
237
143
758
431
533
757
38
71
596
390
590
94
826
406
191
314
453
394
528
813
825
84
50
810
227
699
346
453
564
648
3
710
761
536
508
757
148
472
342
255
794
508
258
663
163
27
377
566
684
659
762
644
733
517
703
515
505
86
561
544
523
346
775
517
708
8
96
185
355
186
719
108
609
758
797
246
423
207
72
509
532
332
194
50
780
174
575
566
570
375
97
394
170
527
784
86
184
649
285
444
385
600
713
425
486
541
667
152
122
362
33
627
155
513
314
495
754
300
577
505
625
404
352
344
724
422
350
126
422
528
401
2
655
366
365
246
504
249
709
715
35
334
88
600
646
600
604
253
7
148
342
72
364
492
697
278
480
123
382
586
677
185
511
457
336
115
352
238
691
98
168
568
665
659
361
757
765
715
220
765
276
96
787
360
265
534
546
555
113
72
519
583
420
196
252
522
335
361
541
312
489
598
437
371
180
28
470
523
449
381
776
207
49
826
271
127
314
222
204
596
114
321
458
372
239
1
211
726
649
795
399
609
15
383
107
720
570
173
659
398
708
526
505
491
624
511
1
812
763
95
669
45
460
44
399
248
93
459
427
57
819
259
689
709
788
146
454
139
497
89
404
331
101
29
274
494
6
600
88
403
498
241
469
802
640
146
175
615
111
649
150
705
702
99
787
234
179
568
235
463
75
570
145
235
692
615
542
82
70
169
109
518
332
396
148
236
693
118
806
172
627
705
439
62
235
153
492
793
318
484
457
142
38
409
14
548
134
369
754
463
789
383
795
692
725
217
159
766
390
809
318
185
795
109
622
333
274
666
24
18
130
113
728
351
530
562
563
593
341
451
803
353
563
497
796
394
364
225
573
125
769
277
197
6
310
75
571
201
208
20
324
7
724
606
451
443
479
451
534
774
61
398
133
659
775
556
258
559
824
421
349
525
613
508
81
563
418
680
439
262
285
595
141
760
133
21
59
322
281
216
241
688
742
406
702
166
319
798
353
644
501
770
84
506
453
716
759
552
404
429
216
746
488
534
253
720
801
620
282
736
152
281
30
409
78
333
748
493
734
202
792
349
789
430
75
723
217
589
198
130
34
797
421
351
321
10
762
429
580
441
698
800
541
534
733
139
636
774
574
23
342
456
149
470
505
211
539
89
809
315
771
689
255
183
534
158
748
671
689
661
504
820
523
673
620
727
68
473
604
707
809
133
547
519
554
67
175
401
250
514
668
145
356
103
785
438
828
51
631
232
706
507
771
139
394
778
253
460
629
685
593
325
171
479
290
246
719
491
330
827
712
399
174
103
332
258
228
556
519
265
44
550
263
691
301
809
729
305
14
566
466
410
404
470
349
336
551
415
65
106
532
171
253
431
561
630
644
291
788
176
464
432
241
599
228
283
9
414
391
775
744
600
246
163
722
514
584
441
437
68
247
260
663
236
721
687
290
258
259
500
127
444
802
418
107
174
206
538
828
77
271
797
346
478
362
117
247
622
471
221
735
619
434
530
637
675
728
170
312
36
508
188
182
381
12
649
158
717
227
478
317
554
551
686
781
719
648
607
767
513
274
383
7
752
268
766
222
713
483
368
280
301
629
340
160
189
164
686
109
385
569
514
496
710
544
602
635
1
370
49
478
191
666
391
263
79
60
739
375
582
376
273
525
701
19
595
49
315
677
73
437
382
290
103
725
287
536
179
18
331
638
542
286
735
298
182
181
765
472
186
679
160
362
348
723
360
56
153
143
398
287
217
221
484
819
622
252
406
726
549
161
153
54
546
168
681
543
589
608
196
21
582
549
292
389
200
233
234
351
569
210
534
213
434
612
301
304
90
138
747
619
517
592
656
133
125
47
374
420
585
360
403
354
205
780
153
295
22
416
68
530
538
367
677
108
636
379
368
687
515
770
604
169
811
668
373
442
32
341
328
48
465
185
203
491
633
331
481
478
627
391
694
214
764
141
777
535
568
271
827
190
481
561
339
673
556
357
36
503
367
583
163
277
417
246
621
453
92
789
701
189
454
645
347
90
517
394
516
723
591
689
635
561
298
691
210
376
561
215
307
178
571
538
52
678
404
26
406
646
762
455
327
445
318
27
488
740
814
623
718
753
485
500
110
50
391
795
712
368
310
787
83
489
776
675
485
278
115
605
762
299
257
363
482
519
476
703
392
782
443
43
314
237
740
147
346
211
632
387
472
50
35
469
54
529
364
740
209
606
715
710
111
607
64
365
225
518
429
291
479
535
372
758
431
773
309
554
160
638
757
344
166
358
60
105
318
463
91
139
484
31
817
288
150
415
365
156
207
759
685
57
703
257
576
588
786
210
759
713
748
188
143
124
695
726
669
88
129
366
478
678
783
351
492
607
425
77
707
510
749
85
263
546
559
703
525
475
26
78
288
619
819
468
527
131
32
449
509
379
351
293
427
69
558
698
751
49
784
738
455
731
586
453
180
209
659
542
448
433
765
114
26
718
509
624
550
505
397
560
23
504
258
185
182
156
692
460
387
494
593
69
198
653
41
353
36
376
461
632
777
27
810
80
228
827
388
451
354
507
56
774
634
59
351
277
183
75
763
566
165
814
623
517
626
553
679
249
166
671
779
124
590
376
811
265
168
56
72
86
709
327
555
529
47
110
677
294
224
266
376
126
262
105
733
613
741
3
588
671
808
110
202
469
84
214
159
552
11
607
711
339
303
581
595
483
553
609
271
754
473
96
120
593
725
582
755
104
21
300
236
428
322
578
4
168
484
332
12
655
257
319
683
347
598
754
558
37
726
448
710
587
726
790
712
197
229
196
655
328
146
602
384
60
480
270
800
368
239
303
261
703
477
660
788
397
574
368
240
788
395
22
51
408
563
613
238
467
778
322
130
30
23
106
391
47
611
122
642
390
561
347
192
524
16
740
577
793
300
315
628
16
335
726
554
227
367
508
373
348
490
352
119
140
668
477
44
711
39
97
626
714
309
597
742
343
354
345
595
437
593
765
363
233
494
359
358
60
162
671
222
8
625
435
156
156
512
729
634
88
648
428
363
493
353
435
442
765
597
281
718
330
451
167
667
144
393
159
187
788
88
12
152
313
732
418
450
27
298
511
229
589
93
709
256
337
648
225
405
487
5
667
434
655
153
547
816
123
309
657
7
693
271
95
68
347
661
323
128
105
370
611
4
129
95
521
666
424
413
472
741
270
491
719
42
249
117
676
450
798
625
158
291
164
25
317
570
118
593
424
479
708
726
141
293
104
468
537
648
18
121
588
703
221
96
391
719
816
308
345
185
554
359
698
17
477
25
307
743
10
695
362
155
716
558
435
364
167
805
205
604
421
409
379
731
594
828
218
665
561
393
589
510
560
133
546
191
584
241
507
532
499
8
281
251
74
289
368
787
313
457
698
104
563
338
529
316
650
122
668
305
684
224
363
471
405
519
764
772
6
712
283
807
775
635
451
378
227
110
87
657
66
318
452
782
804
733
623
27
457
391
661
614
114
188
64
517
236
193
62
698
16
308
38
635
592
402
202
630
779
323
105
507
341
224
647
216
656
256
257
476
616
491
206
98
770
760
754
692
473
802
816
141
770
165
589
422
283
256
735
697
766
293
265
339
323
277
705
822
684
20
278
222
341
600
469
221
803
181
731
734
377
821
590
282
707
706
460
405
825
649
575
376
308
694
791
118
669
365
277
280
123
620
17
82
341
221
647
802
794
601
703
751
204
122
761
450
143
540
607
640
568
48
590
248
564
753
811
631
151
576
360
123
121
369
374
447
600
608
282
485
579
29
674
216
666
319
250
445
517
188
773
775
263
464
716
762
436
221
144
530
560
182
758
696
816
709
750
157
208
428
615
487
163
51
493
66
730
362
458
422
285
611
352
695
449
777
596
366
648
70
537
176
132
526
558
307
444
100
640
406
312
186
595
728
368
211
402
423
300
45
687
47
50
124
598
662
218
454
387
201
610
742
355
615
137
253
258
445
247
530
233
39
569
83
767
707
680
270
65
282
762
663
451
639
272
250
645
617
605
702
797
412
153
291
696
474
669
582
33
672
744
148
130
584
531
618
489
92
667
419
42
240
48
560
583
439
579
466
809
674
520
182
668
174
173
794
141
780
588
315
245
212
188
744
222
368
137
748
588
312
327
590
225
792
804
732
325
328
708
20
463
202
227
339
424
471
731
334
3
553
426
484
770
723
159
452
151
406
348
376
150
212
104
491
426
803
63
695
578
205
656
688
484
612
9
335
353
525
437
689
447
310
710
543
306
197
380
563
655
91
118
376
144
98
771
463
777
374
532
383
588
596
97
780
39
790
823
94
44
365
296
781
157
578
88
465
142
489
734
24
396
606
792
708
407
680
414
729
465
228
58
656
71
303
729
126
302
257
89
75
637
699
674
242
161
555
21
366
634
446
653
159
473
430
317
769
380
728
732
745
618
739
527
205
644
176
258
647
140
706
15
786
572
458
393
778
263
31
253
127
432
305
725
413
4
272
76
392
458
795
770
41
129
447
383
337
271
60
430
721
589
763
374
746
112
77
314
320
606
499
722
491
595
624
204
775
603
632
768
715
74
308
228
749
600
469
379
229
45
496
621
60
70
72
806
389
52
644
607
157
422
177
546
534
794
159
532
275
351
525
489
509
737
736
249
256
685
273
675
724
635
692
413
727
804
153
823
149
98
445
113
322
631
327
634
704
755
391
777
749
71
126
426
655
761
437
340
611
643
814
754
717
283
30
829
96
69
355
771
92
471
645
394
545
640
641
634
67
89
664
165
446
454
203
543
568
490
815
21
618
274
251
591
721
126
734
65
640
530
498
445
416
786
667
580
288
118
516
502
565
75
670
369
275
426
240
645
500
636
555
381
275
728
54
512
599
638
587
603
594
431
317
240
477
318
718
760
95
398
480
192
632
586
403
342
226
137
794
56
517
154
503
64
712
287
66
19
453
84
326
108
343
341
606
111
119
606
202
206
317
214
578
387
607
569
32
11
135
573
486
742
115
502
547
338
733
824
800
121
721
62
661
32
710
428
782
40
657
548
523
25
278
539
239
764
707
209
94
333
214
234
302
635
735
582
48
276
787
749
123
690
688
404
389
802
86
790
29
177
813
551
618
698
735
548
406
608
409
279
5
602
88
546
803
40
814
249
806
424
58
66
808
321
78
340
455
815
376
378
600
92
599
179
214
745
635
234
418
361
305
651
502
475
91
251
155
48
635
552
743
785
594
744
82
367
463
79
271
393
763
702
230
393
827
160
368
364
404
736
617
199
476
604
48
375
159
682
162
427
581
514
142
185
717
752
807
162
144
21
660
121
632
561
128
804
84
748
348
66
774
339
243
272
87
697
559
765
368
135
80
599
30
690
785
5
112
126
586
746
549
177
796
677
312
734
88
385
266
530
754
620
422
53
15
592
572
294
706
735
79
93
289
281
742
258
808
363
208
718
679
148
603
394
189
77
400
283
470
96
804
147
8
626
601
770
524
502
812
666
108
640
361
208
676
404
608
823
391
377
164
657
200
245
394
202
214
470
643
249
759
466
507
64
138
384
72
225
332
323
680
828
421
611
397
246
596
596
457
73
429
803
212
99
804
737
340
29
335
41
586
207
502
381
638
304
164
686
775
55
616
23
25
682
461
2
790
119
107
224
498
237
375
765
165
391
323
822
43
676
85
379
32
374
560
517
448
693
95
113
132
313
68
667
607
225
350
279
577
777
234
691
19
340
96
515
564
600
20
434
503
333
335
198
365
656
347
339
317
19
47
625
60
9
237
643
386
146
772
745
298
263
782
704
820
1
729
221
674
313
29
115
535
251
257
343
531
525
113
275
448
416
465
679
716
189
538
494
209
63
530
812
88
186
156
632
469
342
536
575
290
238
30
666
573
114
514
290
29
616
818
498
94
153
464
413
603
379
459
788
412
759
505
513
588
573
70
521
486
500
615
643
33
195
332
72
806
418
473
483
177
329
163
726
94
355
643
666
106
24
631
517
676
181
454
486
372
645
588
728
661
286
776
332
372
509
298
661
296
345
92
653
239
111
4
316
331
817
791
486
629
473
40
363
103
638
235
154
462
276
794
499
10
4
790
5
193
500
201
71
645
373
544
526
488
411
355
282
222
610
714
339
312
643
152
684
434
47
559
64
271
606
360
243
393
710
763
119
305
535
717
716
342
684
433
827
754
482
657
715
495
112
417
623
679
158
164
421
144
818
748
691
694
493
29
233
597
544
409
257
713
44
559
4
446
146
29
465
346
35
642
211
54
358
771
114
359
292
48
782
711
456
76
703
726
278
476
732
28
592
756
799
300
357
452
541
635
397
238
330
257
166
552
238
752
549
344
213
188
607
799
309
718
811
317
197
252
571
547
22
364
97
232
245
562
336
698
814
87
636
463
598
827
213
467
756
440
198
331
229
172
690
565
378
144
487
770
543
791
784
670
435
654
9
638
355
300
184
185
80
571
427
697
635
234
709
557
395
638
560
560
12
553
379
472
354
463
76
380
531
68
691
737
70
222
384
320
295
70
391
231
168
420
488
308
187
659
513
204
509
540
777
824
409
430
130
36
581
108
123
143
372
782
536
477
524
810
595
705
116
650
688
740
213
575
9
51
790
11
392
519
446
503
498
224
464
157
276
294
22
741
177
68
374
715
62
542
166
399
780
811
348
37
745
735
290
28
438
699
249
448
243
625
202
819
459
457
587
116
221
824
456
418
409
456
388
74
779
336
649
353
697
499
165
142
124
147
555
736
707
460
496
480
177
407
212
671
585
706
349
294
15
563
809
276
358
786
417
807
294
750
280
581
419
451
130
562
549
398
390
347
661
48
392
31
554
652
138
287
287
560
692
783
254
761
722
830
723
39
269
512
514
794
55
185
605
796
34
652
372
714
97
632
91
85
788
357
200
200
135
464
293
309
240
526
687
329
740
780
790
557
198
593
781
388
20
83
399
233
382
692
43
780
810
750
627
700
700
523
215
126
729
282
19
630
682
237
339
523
220
136
191
802
404
655
198
535
490
517
278
571
78
756
266
501
560
383
181
396
516
418
647
303
603
813
179
614
239
384
138
568
724
659
193
656
696
1
717
92
11
28
642
635
331
674
454
458
610
636
718
166
513
566
539
227
326
163
208
779
763
111
750
419
458
555
97
401
101
279
270
645
175
259
271
593
26
561
105
439
230
624
545
404
773
563
499
484
112
581
236
385
52
400
380
535
762
594
273
190
441
517
314
397
428
43
619
785
265
328
586
456
707
91
168
662
5
558
72
435
664
185
566
703
801
406
118
670
416
576
189
521
291
373
25
408
295
399
591
515
547
47
390
5
802
57
459
67
579
122
272
69
364
802
571
452
778
617
632
485
671
763
193
519
499
129
489
547
65
267
396
160
285
51
59
565
813
126
776
655
545
87
218
496
556
788
559
699
196
93
657
757
54
83
134
344
584
805
220
759
371
407
314
298
46
1
291
650
533
809
734
519
366
359
34
508
212
233
429
540
482
387
626
29
467
771
34
382
487
442
433
228
558
745
166
701
26
359
587
440
774
219
450
770
109
262
186
120
380
748
278
781
452
670
670
667
535
610
516
300
525
166
550
165
248
461
12
799
785
495
772
412
97
776
193
73
820
499
259
631
207
728
433
733
630
283
730
700
5
521
693
367
724
183
267
783
793
317
726
586
215
745
259
552
386
545
99
795
676
655
245
451
425
475
102
282
678
774
638
65
762
680
500
214
241
191
12
210
44
507
655
35
427
373
573
636
187
815
718
24
439
466
180
807
348
9
176
620
67
388
805
95
51
309
270
735
408
819
246
530
77
784
647
791
195
81
174
711
600
714
589
250
388
705
212
240
782
176
531
33
801
111
44
283
474
364
793
488
474
18
750
50
599
692
17
12
662
37
611
340
106
367
382
376
687
438
152
125
71
214
154
111
28
149
733
354
698
729
113
16
86
559
751
248
295
104
743
622
349
772
559
62
145
487
252
806
396
618
591
346
460
45
642
776
799
478
709
302
63
219
714
403
74
388
26
408
824
391
385
436
69
20
784
422
159
642
486
683
441
124
100
9
755
369
806
103
707
332
209
18
282
758
451
243
527
528
766
112
195
286
581
444
677
642
461
72
85
630
663
327
664
273
724
56
250
304
830
20
675
780
543
385
219
168
294
63
648
476
326
696
468
19
597
341
620
470
371
567
321
720
68
680
49
820
204
455
709
91
786
778
768
261
361
104
678
522
225
83
593
489
445
67
449
757
304
777
647
231
471
800
579
735
29
214
157
260
119
720
583
187
455
512
77
163
12
668
496
270
396
539
98
242
765
691
193
324
90
382
630
220
623
600
182
683
699
352
537
398
78
321
562
365
649
615
174
571
248
674
11
271
673
199
800
47
785
95
294
539
370
133
266
369
645
551
411
202
612
696
426
50
52
813
158
358
476
765
357
327
598
594
782
261
542
251
68
635
481
327
563
116
95
537
765
212
444
687
445
771
298
301
388
59
89
93
294
262
413
629
724
175
187
801
804
274
72
166
659
452
376
492
269
35
309
221
507
385
271
690
660
42
585
605
202
407
151
343
482
223
736
696
799
823
342
674
455
16
813
228
575
819
244
774
198
149
682
335
596
169
325
394
257
105
747
487
689
425
539
710
492
515
308
295
239
21
107
528
523
103
668
157
371
591
156
602
4
490
532
720
97
578
78
148
606
243
463
413
140
136
144
5
824
568
121
610
673
197
494
558
762
701
566
9
486
444
743
830
63
209
204
68
100
557
43
780
591
604
38
565
374
623
42
651
114
51
822
781
228
639
710
209
675
357
710
417
604
633
280
12
353
56
339
708
517
10
713
203
88
291
700
63
176
85
50
287
179
251
541
41
365
830
18
298
9
453
516
98
164
422
236
195
92
63
737
170
416
804
805
551
468
516
159
389
487
75
678
759
338
119
415
622
606
525
646
126
462
769
240
724
355
486
407
385
81
643
595
301
729
806
233
40
323
361
505
17
241
338
220
509
793
578
725
513
112
398
633
318
264
512
549
137
103
72
275
596
442
520
305
486
800
491
829
145
244
167
347
773
41
75
579
494
791
370
157
762
536
437
395
132
362
797
14
441
215
689
14
823
113
272
551
78
386
296
238
249
721
12
542
561
643
340
277
409
366
284
356
95
201
795
499
28
363
330
666
764
509
618
739
90
394
663
111
15
23
182
163
211
599
400
633
664
45
245
182
247
551
269
624
103
229
132
574
177
27
813
456
294
786
272
221
460
669
221
675
655
94
284
567
691
301
268
667
259
768
107
424
584
542
271
337
670
674
766
791
474
445
511
212
26
355
171
134
105
301
618
766
530
183
52
331
462
828
314
38
486
160
24
613
442
720
168
292
248
268
614
380
559
665
569
136
720
295
667
114
683
406
290
535
460
472
381
635
350
425
780
719
184
361
134
501
620
670
171
99
249
491
690
768
73
728
600
55
126
244
133
698
810
420
186
430
610
636
293
448
80
24
483
211
577
746
492
256
69
544
458
568
323
822
342
4
602
319
192
724
825
517
407
468
652
796
812
61
549
565
184
717
428
534
463
728
742
565
697
341
83
176
457
642
772
223
580
133
764
736
99
600
19
319
315
804
228
521
663
423
776
9
34
774
256
255
193
100
324
206
85
165
297
57
94
666
79
77
658
15
702
789
495
503
127
83
126
73
99
810
557
556
75
226
305
413
271
600
41
352
549
604
555
248
527
261
602
294
13
111
78
815
424
329
226
605
663
455
518
268
452
641
281
317
208
412
357
469
48
363
133
307
761
485
266
516
165
491
386
154
61
494
819
23
33
382
394
310
69
706
551
694
350
741
70
62
375
668
531
204
577
469
687
121
713
71
198
644
167
264
429
664
704
82
675
449
677
361
320
729
353
514
428
309
631
738
326
735
770
188
361
490
15
133
60
298
27
347
221
38
95
449
735
643
401
224
473
5
19
516
187
822
78
296
694
170
497
150
309
208
670
434
612
403
503
570
740
634
558
231
2
102
179
527
802
325
131
718
710
795
567
47
68
226
117
98
629
769
592
75
7
337
108
278
615
571
485
441
112
711
223
161
39
470
454
656
28
122
344
142
402
579
54
124
417
168
779
467
434
200
290
812
215
565
4
769
709
328
366
424
754
9
39
433
82
37
743
128
3
567
739
621
282
743
67
131
627
721
573
238
549
751
487
409
69
172
254
321
310
198
591
593
582
370
672
471
285
268
205
11
489
596
370
333
71
505
301
289
555
753
122
355
204
776
427
202
765
139
635
561
131
671
366
656
788
82
813
366
128
76
581
53
4
685
248
74
668
225
662
158
131
295
598
180
355
327
792
217
150
673
1
712
694
789
810
550
763
468
47
561
78
326
139
537
527
351
544
471
714
444
29
545
808
489
344
477
651
67
746
495
89
298
259
583
383
50
534
579
356
208
439
405
300
430
821
775
535
342
614
517
612
256
31
484
226
495
487
349
736
336
702
658
507
502
190
161
424
545
598
346
687
558
717
166
131
580
235
97
648
319
701
562
589
357
330
668
155
117
106
752
133
609
286
126
615
47
184
155
730
486
154
462
567
780
399
189
445
121
33
753
81
543
620
80
623
421
204
697
503
577
106
135
253
754
821
680
517
607
597
6
446
442
297
576
272
408
433
23
388
728
81
182
520
714
265
510
135
638
742
556
682
517
724
381
561
778
237
716
224
285
376
313
343
95
561
543
166
102
197
546
645
564
642
438
664
545
41
288
170
65
478
506
812
575
370
818
724
812
285
223
460
3
407
170
376
109
640
36
281
33
121
21
643
521
507
816
682
74
666
800
369
455
51
448
291
561
63
443
61
718
210
214
348
127
130
537
577
787
291
45
724
4
673
808
86
599
228
480
173
174
302
635
54
5
206
143
417
575
518
23
171
40
345
795
748
366
365
345
760
261
611
208
393
22
102
464
259
812
496
189
679
788
526
95
45
6
239
253
800
239
706
605
9
738
723
744
43
96
526
813
234
21
726
213
243
456
160
782
339
555
605
273
381
274
591
735
684
197
330
337
616
20
446
733
526
750
787
794
106
705
773
677
630
92
706
383
688
363
574
334
334
742
506
803
341
269
36
683
813
285
294
714
604
544
713
102
824
769
373
273
356
401
785
499
267
325
333
36
708
293
397
468
722
102
787
592
380
405
413
349
323
790
235
182
463
665
818
754
210
495
613
673
339
380
346
263
150
167
417
673
207
335
33
706
375
689
520
464
336
611
711
812
197
660
193
685
648
652
300
261
390
274
522
132
718
695
439
461
181
286
230
341
793
623
807
598
251
416
578
757
168
681
225
568
135
607
228
41
514
329
328
132
169
768
697
827
471
23
311
4
91
154
392
329
33
53
88
385
473
583
774
67
330
518
321
72
755
700
578
491
280
106
496
75
324
727
791
148
795
578
687
4
521
425
499
424
92
502
292
188
436
168
493
689
144
576
120
409
707
695
51
650
23
340
567
670
295
179
585
57
377
786
59
191
505
791
337
350
357
491
21
362
458
159
168
419
79
31
257
194
167
322
485
439
273
178
210
554
338
572
733
583
599
635
757
371
118
171
177
67
817
308
596
765
486
803
523
824
697
409
527
621
122
46
309
370
668
446
638
172
278
278
819
473
358
637
237
412
317
795
540
505
525
390
824
426
704
586
711
131
141
298
794
211
802
378
543
223
259
663
804
790
547
758
455
336
186
591
583
632
420
754
248
781
114
226
572
525
337
134
476
112
378
590
111
262
420
459
327
483
167
798
422
814
371
68
28
813
74
643
385
463
209
78
450
113
812
598
793
188
820
131
824
189
485
58
320
102
137
256
184
643
374
575
748
631
283
323
104
753
628
542
33
653
288
545
390
389
114
149
510
585
352
217
623
87
4
264
315
184
579
262
160
377
26
440
793
205
460
477
486
271
601
405
550
458
670
616
727
706
189
421
119
682
626
259
659
350
282
804
437
757
641
77
175
389
410
737
545
255
322
482
276
653
217
297
509
762
3
702
122
149
601
556
474
414
107
250
452
827
637
471
364
668
217
732
600
29
720
92
435
350
434
345
98
357
25
66
678
653
643
449
675
33
337
551
520
74
666
255
787
613
265
101
625
334
450
63
569
526
617
332
106
151
244
591
385
802
439
137
285
687
706
505
304
477
812
362
488
410
824
89
40
229
789
417
267
772
610
494
778
500
454
167
546
171
211
89
40
802
786
703
509
464
104
99
442
302
274
574
531
448
668
94
214
144
118
565
22
419
819
172
259
521
365
393
811
684
697
43
581
89
118
624
382
437
654
801
644
287
242
514
524
255
672
435
124
365
676
7
448
155
60
334
350
473
821
379
736
763
690
126
203
168
560
610
29
340
313
295
156
796
423
782
284
506
370
465
624
593
399
813
265
747
268
230
127
107
661
317
233
610
71
95
718
687
551
123
811
506
812
248
55
406
539
152
562
292
426
627
181
782
596
497
59
533
441
605
147
612
370
432
264
520
458
168
559
408
434
620
667
197
822
163
395
509
215
648
79
338
751
534
481
130
118
595
664
757
527
567
34
679
406
101
799
140
79
153
295
48
564
829
302
577
75
268
331
727
54
132
691
351
480
171
542
352
372
101
536
492
144
108
325
460
258
487
572
799
700
348
579
615
669
91
761
729
48
520
65
810
145
743
110
486
91
114
442
367
199
142
565
116
622
621
323
276
246
194
603
683
400
349
526
640
341
474
808
176
385
347
407
150
503
114
17
502
171
171
374
214
329
119
517
678
597
119
59
663
421
166
242
24
646
177
28
213
650
225
386
335
408
446
363
690
827
357
91
731
467
30
750
155
7
571
670
305
576
789
764
181
792
306
397
13
765
406
184
576
119
768
381
254
101
491
258
342
280
63
374
319
132
297
432
128
149
167
664
769
721
15
631
231
81
629
491
461
486
628
474
685
176
391
384
313
737
742
289
19
72
478
178
773
295
322
123
280
9
796
407
424
270
774
309
453
286
818
603
125
168
538
662
541
260
607
118
753
497
637
375
666
306
552
291
585
292
21
664
300
63
648
767
496
249
46
604
757
676
41
121
174
309
293
654
407
207
471
436
311
179
693
248
745
347
738
726
186
51
194
780
522
137
453
735
776
542
169
564
638
373
499
455
98
104
714
70
815
477
299
762
244
50
132
503
221
619
530
717
245
136
50
830
257
314
540
825
187
363
440
275
807
195
531
252
261
431
104
579
56
295
315
640
167
646
186
467
120
391
629
173
41
559
434
133
70
377
699
357
346
631
663
599
805
766
373
440
86
743
330
248
662
563
349
568
599
207
432
655
207
140
802
80
646
731
776
448
156
600
266
601
516
751
281
357
205
804
177
93
828
7
717
186
625
53
775
643
487
394
770
322
361
763
796
16
530
670
818
780
222
331
155
634
745
433
59
277
688
165
714
493
725
205
382
7
680
548
496
759
128
706
699
385
111
135
469
646
802
608
478
247
384
519
407
491
629
307
61
158
369
790
820
312
129
786
225
735
164
808
485
439
434
130
658
152
807
114
334
133
656
378
50
444
34
535
323
412
696
614
62
792
816
18
549
466
202
77
319
262
372
821
577
530
540
276
77
664
80
337
57
57
589
554
492
31
458
527
495
187
86
245
485
196
757
280
719
370
805
806
697
605
15
31
509
181
575
790
31
706
418
291
727
46
707
415
707
288
684
451
76
475
239
20
57
731
632
15
97
506
477
786
227
373
692
668
809
211
570
250
805
65
353
490
336
573
90
275
22
583
403
58
42
746
83
214
814
461
2
79
543
655
632
37
749
197
621
308
520
796
762
126
347
296
357
357
663
712
447
568
144
610
121
687
249
694
551
208
366
797
301
471
105
534
309
470
288
516
36
580
583
199
533
707
734
390
762
156
164
429
390
449
523
747
702
185
162
166
498
352
735
312
720
333
423
212
646
768
618
354
182
167
52
273
90
417
742
62
822
70
462
400
409
377
170
334
117
197
345
668
380
146
585
21
3
741
737
486
465
284
663
590
80
40
588
56
600
334
640
74
811
547
796
801
669
288
652
240
138
405
32
196
167
290
71
105
294
789
500
94
612
615
524
492
273
815
318
683
576
9
259
320
274
462
154
242
654
829
434
220
460
123
377
537
271
11
737
752
139
386
246
430
390
94
459
509
558
388
383
746
776
605
602
481
31
321
685
421
309
572
760
502
430
640
56
801
610
266
816
811
678
667
125
40
286
607
270
536
101
52
425
785
224
207
257
763
344
472
441
130
283
198
14
483
728
595
659
651
517
559
456
817
355
585
565
780
331
170
68
781
429
580
811
202
98
347
774
760
238
145
289
759
174
416
246
814
692
178
654
421
312
735
396
129
72
44
753
446
643
548
5
572
547
693
563
234
136
264
734
245
542
58
629
666
653
781
343
272
720
750
735
256
689
369
302
716
603
137
621
660
356
296
556
128
686
535
577
108
209
153
647
96
737
478
305
271
606
739
470
706
480
327
94
743
54
750
98
339
39
411
720
784
703
459
295
470
781
647
443
169
439
351
767
519
535
117
353
105
326
688
367
213
751
90
570
564
358
815
542
805
797
554
189
309
825
728
265
400
145
229
559
553
22
404
380
166
504
210
625
638
663
434
672
25
807
291
363
78
352
364
489
734
16
255
344
615
357
612
187
655
722
702
643
689
295
235
28
686
349
412
391
252
789
730
802
361
24
498
669
657
210
710
582
478
187
320
795
409
623
35
417
606
179
32
201
68
630
494
35
215
577
381
351
533
143
284
617
824
248
83
541
367
145
807
368
57
679
572
637
332
302
399
493
28
156
779
11
105
765
508
465
733
538
781
321
564
537
61
464
806
779
208
107
714
518
502
384
43
715
787
714
767
74
626
457
633
617
462
479
313
337
663
405
452
647
538
345
739
748
29
357
302
176
452
534
228
675
61
423
663
703
101
119
107
129
502
621
235
155
172
768
753
774
100
627
240
486
36
830
675
489
773
760
396
489
95
677
749
724
489
445
190
282
527
760
363
82
91
822
346
213
755
46
720
470
50
795
354
35
731
287
135
736
365
256
797
645
283
548
726
508
217
230
22
570
410
474
553
818
344
463
770
267
828
637
624
403
703
718
793
541
826
87
360
787
412
426
197
609
637
257
816
523
817
418
156
584
507
792
158
405
133
152
751
524
536
754
803
367
5
606
59
199
365
40
521
438
29
219
659
50
796
121
389
159
468
515
330
177
622
226
350
24
717
328
145
433
208
511
313
158
220
525
93
120
251
100
349
663
26
557
697
500
585
722
26
39
512
598
156
746
740
286
642
645
299
743
149
332
662
175
530
145
733
579
181
489
129
286
449
233
763
256
596
693
25
653
766
63
388
62
511
573
571
753
816
508
377
364
184
174
821
455
63
97
95
454
780
522
804
260
28
51
225
9
524
541
328
664
264
494
493
70
143
75
763
236
797
570
334
645
516
168
386
445
179
587
34
452
574
736
398
141
108
730
462
73
752
517
296
165
488
538
466
59
738
458
323
705
526
370
650
554
774
36
171
550
23
381
132
254
333
784
75
705
258
761
388
572
77
128
700
552
329
351
208
487
609
712
668
829
471
565
350
288
306
288
119
577
516
788
828
633
380
113
650
816
19
308
318
176
60
348
779
591
118
170
603
498
139
311
85
708
778
419
224
561
1
264
632
210
39
104
496
273
188
189
354
771
240
784
458
322
273
401
785
220
738
196
252
708
231
363
638
451
196
771
329
249
765
96
452
439
59
642
20
107
623
464
431
740
457
526
453
603
528
667
310
487
342
407
350
757
447
219
577
727
811
665
806
629
713
291
565
478
645
427
251
687
634
689
60
356
594
715
698
441
169
608
432
803
118
689
394
19
39
296
289
739
335
324
724
220
553
266
214
757
227
154
136
306
73
816
194
639
548
773
436
545
519
793
303
743
483
453
572
649
744
809
597
161
101
363
764
531
502
401
514
416
648
518
658
297
132
361
215
750
821
535
375
382
36
515
813
387
530
802
819
278
196
192
551
352
432
81
107
99
23
442
108
531
633
103
567
566
527
486
702
380
646
421
342
509
461
813
183
631
219
630
586
568
651
56
359
23
202
145
10
481
244
798
751
617
585
655
196
224
28
149
420
520
701
546
811
712
542
255
593
262
525
809
533
313
589
588
568
446
6
487
539
684
477
470
618
711
565
69
497
732
98
432
659
455
516
485
764
694
795
172
615
139
619
257
16
362
266
166
112
788
182
176
592
547
291
619
450
553
242
623
421
377
307
717
28
619
805
287
217
526
155
167
761
101
93
338
245
493
447
552
793
821
460
604
156
249
202
427
181
1
569
552
263
814
514
21
125
441
615
573
119
355
268
202
552
367
558
462
382
48
94
450
143
457
304
252
391
558
486
342
616
817
701
777
300
91
449
612
178
355
515
36
182
636
217
722
138
206
199
32
806
537
182
485
791
613
653
159
179
166
744
261
6
204
100
612
520
120
772
465
347
663
636
7
405
751
483
155
260
125
574
300
162
400
276
229
684
598
636
579
66
99
768
788
779
779
156
740
615
37
663
819
613
529
210
683
704
556
700
630
753
350
811
536
386
446
483
509
752
171
663
209
455
321
477
181
282
141
18
475
349
19
311
278
300
9
421
123
254
116
56
278
29
616
603
343
571
630
370
172
78
802
219
10
663
514
65
741
330
555
307
142
446
612
259
140
608
690
651
51
785
729
102
300
729
606
537
121
585
413
307
577
695
502
466
117
762
487
621
623
727
220
17
525
671
192
371
198
471
539
210
724
813
394
222
400
499
821
73
123
793
80
35
105
397
244
289
493
179
111
574
304
419
228
253
141
8
37
621
341
178
699
399
638
580
421
211
816
550
505
198
684
116
256
830
212
34
690
497
338
159
262
358
637
607
828
138
123
430
688
107
348
760
6
61
461
468
120
797
737
217
28
245
331
788
491
269
120
16
369
101
578
273
531
77
776
761
646
216
744
50
565
120
767
258
732
446
151
375
61
20
518
368
642
338
204
140
802
642
299
40
794
709
208
567
622
821
205
77
321
145
144
440
439
394
375
648
530
45
445
75
605
63
799
264
36
329
662
319
35
636
311
264
568
682
194
99
551
818
751
577
361
72
749
543
471
561
1
383
68
111
497
23
77
107
188
80
220
772
72
181
504
766
19
28
689
771
696
630
424
161
759
119
328
732
677
563
680
39
60
577
356
144
492
330
283
787
539
691
323
109
300
334
619
520
178
360
123
503
128
10
482
799
538
152
261
340
288
645
473
354
464
110
215
61
21
112
823
568
468
683
621
136
382
430
204
694
690
811
288
685
581
701
264
162
759
15
261
247
166
152
365
699
511
828
88
59
144
673
385
571
229
653
735
82
572
68
106
699
420
422
639
427
135
593
540
672
185
69
75
606
289
409
684
39
243
714
199
760
751
565
511
563
699
633
330
209
745
202
335
241
436
788
511
552
606
565
540
28
385
255
331
787
276
329
310
765
240
355
403
104
346
673
642
118
384
351
693
446
789
8
380
559
532
164
632
65
538
545
727
529
671
743
586
594
503
58
376
300
767
740
497
18
218
810
439
138
482
714
434
333
591
410
387
687
653
473
789
312
217
722
524
540
412
489
673
66
232
76
175
776
790
388
437
458
432
69
139
366
229
27
713
315
480
307
298
796
440
37
447
387
816
819
695
293
766
580
342
705
704
830
515
669
129
89
752
58
335
726
296
421
769
262
528
135
697
661
551
362
91
234
803
727
185
60
140
94
191
731
391
741
684
112
793
689
275
342
329
164
563
91
257
365
662
734
448
619
770
455
366
671
683
373
773
78
770
39
455
4
720
540
695
234
796
314
593
617
645
231
390
379
495
273
687
690
650
241
459
379
71
322
241
42
456
824
35
456
754
161
356
219
762
92
326
788
568
266
383
617
486
758
150
126
378
7
549
114
450
748
380
161
638
525
25
817
35
559
497
478
648
285
349
621
655
267
467
784
323
622
157
312
623
1
15
547
629
307
510
777
230
495
260
526
230
98
701
678
295
66
280
727
276
799
48
82
249
32
176
233
516
491
317
558
734
465
507
306
566
542
570
151
155
731
240
659
529
688
592
512
42
590
115
43
533
304
431
733
661
474
615
241
153
707
540
456
302
135
27
433
512
780
552
269
168
238
143
211
817
71
268
258
311
419
139
95
566
466
751
260
624
186
521
169
500
458
548
184
569
263
774
526
412
254
51
597
98
345
727
806
758
822
216
435
541
560
202
574
707
308
580
723
402
625
799
234
239
20
749
313
516
237
298
579
312
273
287
117
759
211
218
57
158
490
505
41
274
421
240
49
121
405
505
34
43
703
209
212
645
223
331
359
180
721
151
680
780
218
17
597
428
346
143
429
737
569
286
313
320
392
647
298
79
669
563
183
427
821
192
697
531
68
651
493
520
207
797
738
395
154
150
32
346
361
215
599
464
605
766
63
593
456
554
245
338
293
391
10
631
388
353
17
25
544
295
483
388
474
113
783
518
104
816
570
569
458
309
409
11
18
114
798
650
44
407
740
619
163
142
130
589
487
157
14
715
219
284
260
4
442
214
20
292
228
165
494
446
60
91
354
566
320
498
567
367
800
468
325
124
273
237
509
410
67
414
17
84
313
375
33
572
517
83
800
60
792
179
830
556
520
660
147
297
752
500
155
13
6
202
358
740
570
500
179
749
633
705
397
362
709
387
159
664
347
163
472
614
499
586
602
667
41
652
666
472
598
218
115
60
735
304
214
632
371
226
790
427
251
564
550
178
680
62
1
554
580
722
404
317
93
267
119
473
528
765
619
199
765
634
623
296
485
488
812
664
325
818
543
363
257
642
50
325
7
221
684
417
342
539
820
364
827
410
38
241
788
213
522
402
830
545
806
272
466
195
741
129
491
56
628
389
743
172
190
225
38
675
395
180
147
674
662
458
708
478
364
78
520
224
84
694
745
15
151
23
48
669
426
358
765
217
152
380
660
683
574
257
755
14
615
360
672
216
753
248
36
613
337
494
518
314
288
163
503
692
7
63
448
528
718
392
19
718
323
280
379
551
621
102
369
421
75
614
561
92
562
619
497
265
230
259
182
590
551
603
734
218
733
380
450
22
231
819
112
719
192
618
624
634
227
113
420
580
806
315
112
394
386
404
371
507
610
299
160
561
604
715
761
362
89
702
78
712
393
532
478
723
557
696
463
540
783
589
642
491
252
395
472
271
95
531
617
271
530
388
551
445
17
532
302
583
434
678
375
252
24
200
139
672
636
716
46
453
665
512
408
633
789
438
133
68
385
124
540
238
687
157
360
274
499
529
182
756
525
555
183
659
252
309
486
369
338
818
558
374
648
399
670
149
386
650
161
268
142
325
379
307
532
132
36
820
654
720
541
812
25
520
131
80
686
566
38
410
530
628
610
501
233
229
63
9
157
370
665
660
307
556
799
645
366
371
728
94
423
708
116
81
749
345
89
592
55
175
352
465
51
664
498
289
474
771
367
372
346
25
24
417
585
362
714
575
305
712
632
472
511
422
702
735
190
796
4
746
378
24
424
268
767
161
432
213
230
231
113
650
488
624
118
782
553
775
577
486
209
780
652
472
686
648
473
683
146
485
488
359
652
602
551
66
564
371
596
164
282
596
180
297
765
95
523
537
59
703
152
174
436
760
695
528
722
25
276
142
483
456
767
382
305
226
127
340
565
688
593
223
704
265
399
358
268
13
604
755
743
111
587
36
521
181
577
65
232
333
412
398
674
654
234
620
452
104
406
508
2
349
183
64
704
222
219
269
683
658
602
289
153
18
184
88
735
615
241
730
368
770
566
356
348
495
369
141
376
316
478
205
120
738
83
451
160
494
751
287
811
159
289
206
45
471
438
499
822
104
805
716
518
591
73
720
175
704
695
243
768
354
99
784
437
120
626
505
302
470
255
294
403
490
674
548
738
103
67
203
560
456
771
208
74
195
65
125
475
41
731
219
519
151
800
825
201
153
30
748
49
94
753
512
253
175
794
436
718
213
164
622
254
242
44
786
182
560
42
472
427
746
180
741
418
738
268
135
263
301
1
8
623
489
655
830
173
638
748
18
693
635
445
11
786
252
490
639
797
784
103
454
456
647
597
720
725
727
651
104
151
332
816
651
254
746
678
213
819
198
817
598
447
439
445
116
484
770
40
699
299
598
69
345
248
782
615
40
737
470
655
809
698
775
456
448
46
622
125
208
541
425
212
684
264
527
441
483
755
204
580
654
117
56
208
438
117
435
801
664
403
792
353
43
702
819
622
745
740
809
174
209
121
473
108
592
653
138
799
321
291
535
42
527
252
392
740
14
299
800
628
755
308
280
109
772
298
549
192
755
810
342
757
292
22
189
684
400
155
76
224
216
299
48
47
724
766
770
804
177
48
429
48
773
636
409
132
819
610
290
733
358
97
523
111
784
415
578
156
736
405
432
117
123
101
792
508
287
646
88
597
321
122
56
313
815
173
84
412
534
467
395
544
394
472
787
678
826
570
98
543
734
397
778
714
626
771
43
530
76
762
245
294
579
123
257
357
163
550
317
312
161
667
165
374
647
278
602
465
402
41
360
170
199
102
160
12
683
423
253
531
532
501
71
373
435
606
700
656
105
119
756
623
404
371
448
828
709
354
625
802
642
442
182
16
553
278
541
754
159
493
337
658
809
811
11
13
796
751
167
191
28
765
83
621
678
237
233
762
753
744
469
18
6
211
170
281
584
404
827
118
1
212
816
461
458
747
47
589
81
257
470
91
164
244
523
666
515
81
688
656
524
151
498
813
126
511
234
714
43
475
793
141
546
625
529
231
674
246
704
116
226
223
573
593
169
579
159
557
244
129
163
374
640
428
209
49
703
695
485
690
700
256
386
242
701
737
395
244
563
298
326
292
794
776
614
253
720
255
59
779
517
268
294
317
708
56
270
211
778
388
85
9
144
757
658
459
206
446
47
47
582
108
325
319
579
285
501
523
221
819
410
189
421
93
62
82
630
775
464
671
275
747
629
199
411
41
84
738
801
462
527
153
714
593
671
739
568
296
755
663
208
506
811
427
713
424
550
681
316
170
196
316
109
612
147
522
728
137
487
335
212
589
220
278
437
630
25
629
805
344
130
274
83
268
579
791
493
328
198
199
516
332
829
143
550
3
381
162
358
409
449
188
421
453
614
704
534
310
565
356
268
113
444
190
733
425
655
825
627
445
826
11
827
579
328
448
802
74
318
686
610
83
313
819
84
652
503
242
628
154
25
466
605
522
247
538
648
608
608
775
753
378
110
593
243
639
661
755
797
176
255
127
729
781
55
791
753
428
613
474
519
701
572
151
700
328
421
826
499
770
85
149
348
260
801
283
473
531
121
188
149
720
10
791
192
151
635
406
42
816
97
81
472
418
509
759
306
483
216
313
456
456
653
591
591
193
522
544
673
619
381
252
337
767
276
131
813
130
726
688
180
806
782
182
750
66
211
325
633
148
262
278
596
498
467
469
560
594
54
443
794
165
171
403
543
548
112
114
40
576
595
720
84
346
318
573
722
17
175
736
6
482
142
561
19
263
277
788
763
543
537
208
759
478
677
457
668
753
56
300
602
237
365
755
369
74
693
420
226
6
264
532
721
237
56
183
150
439
153
64
267
366
555
302
268
572
175
236
797
11
818
562
283
588
698
559
631
345
77
263
786
413
677
513
668
333
646
468
145
675
558
347
255
43
647
615
582
717
758
705
194
440
191
590
37
10
815
587
537
700
797
1
58
487
224
803
265
663
430
419
507
52
810
283
387
685
747
49
587
494
800
319
91
825
80
188
810
53
498
60
55
50
664
149
315
161
742
172
100
538
274
369
214
643
36
513
195
394
410
772
70
427
119
598
757
644
806
483
476
218
28
24
44
371
634
115
30
614
668
817
712
584
87
300
476
351
394
241
92
478
351
564
587
610
809
332
214
808
287
30
507
89
367
500
797
718
735
327
449
791
182
655
626
771
698
825
274
601
704
38
478
118
761
24
433
98
352
152
692
489
525
429
249
207
202
725
659
626
469
775
360
816
824
44
649
695
423
75
509
729
200
296
419
266
177
9
469
537
725
724
83
575
195
638
703
46
808
794
186
601
416
161
406
430
544
29
502
326
653
300
73
773
705
31
152
381
568
45
810
678
176
167
157
163
597
270
351
692
465
443
827
708
811
450
49
148
281
531
487
417
369
130
63
822
548
341
141
349
289
234
501
121
736
735
752
705
592
149
359
436
166
781
718
314
131
328
22
136
183
237
659
577
463
573
190
470
713
807
57
650
578
509
436
752
737
254
494
754
256
104
281
352
273
778
172
823
252
578
612
284
226
49
811
178
266
514
224
679
406
417
626
487
823
641
542
242
248
28
708
499
284
803
465
497
609
759
774
264
341
636
658
612
382
789
315
91
330
201
314
149
677
373
794
475
812
434
701
656
307
826
40
236
133
631
573
26
736
43
765
383
461
112
706
392
648
495
84
262
659
384
545
353
727
215
86
647
263
749
481
354
718
367
53
60
520
326
499
114
538
56
429
536
606
722
189
808
418
16
102
765
270
222
18
449
409
723
485
761
45
390
257
17
463
55
304
124
355
87
50
699
688
385
589
730
49
471
285
519
685
385
401
312
498
10
585
191
646
311
417
51
725
737
509
639
159
308
247
566
526
457
819
157
154
797
314
466
402
335
569
369
809
551
124
641
516
561
507
119
363
705
193
699
770
782
667
361
678
561
744
204
286
640
13
28
483
420
24
469
246
688
217
32
718
763
527
556
488
665
443
203
379
346
694
311
335
144
269
442
588
328
234
243
704
342
382
262
298
203
567
759
362
532
556
490
786
138
614
382
444
375
332
727
516
97
416
101
335
591
628
138
221
726
80
752
233
765
477
623
215
346
154
772
485
86
807
453
382
505
475
495
461
88
117
343
627
121
272
301
801
523
719
545
140
440
534
182
259
155
409
416
121
622
109
189
828
689
189
281
217
531
119
676
138
199
526
103
732
797
83
753
783
69
523
616
766
456
829
650
203
655
84
67
459
312
154
485
219
540
29
491
130
193
458
77
118
228
196
758
695
444
396
620
428
255
191
772
486
368
279
554
182
446
137
367
271
58
762
777
373
527
493
584
383
435
120
372
299
650
121
124
741
469
248
46
204
580
703
388
63
731
32
126
716
487
299
764
312
200
358
390
334
52
672
586
114
246
415
404
784
368
685
725
411
65
98
546
5
792
652
691
812
512
81
535
596
515
788
531
794
754
198
47
238
318
591
614
334
329
336
159
519
432
38
592
349
246
525
78
360
166
754
620
105
287
27
436
740
603
758
112
590
111
535
669
546
672
785
283
621
684
370
687
170
374
602
278
225
116
664
564
31
570
438
47
698
717
704
49
44
154
524
558
137
719
639
31
630
97
585
702
589
94
711
534
256
321
579
827
412
307
400
261
592
64
791
570
674
410
100
452
511
185
297
97
568
628
30
617
531
711
248
71
591
618
814
25
319
813
628
345
363
609
370
609
736
438
240
589
102
483
817
256
560
538
105
583
399
22
15
687
180
600
382
528
287
387
738
106
820
294
612
431
265
385
639
573
522
479
237
538
275
531
421
253
357
449
667
466
316
825
634
53
675
722
228
91
722
153
822
390
4
244
541
470
352
39
723
225
181
554
336
11
460
795
528
773
669
828
153
348
738
176
362
93
360
578
784
378
506
719
754
390
61
375
60
813
87
384
101
638
191
375
481
227
149
25
123
337
478
246
365
67
262
697
162
361
81
544
820
222
678
763
514
442
82
58
89
523
759
201
781
67
422
466
174
603
222
459
703
685
115
384
280
208
211
430
182
229
784
510
550
136
426
93
8
547
158
37
709
407
431
442
393
312
595
422
375
679
528
532
159
608
180
224
663
418
811
570
220
459
27
460
289
240
717
236
181
122
654
144
720
436
411
62
83
482
133
600
594
430
527
101
101
341
169
682
601
522
755
315
119
815
815
707
209
825
709
804
793
463
559
807
653
251
361
254
110
101
505
591
690
511
268
208
456
229
96
69
19
18
171
639
283
639
464
262
173
53
396
642
354
163
129
472
345
504
467
273
33
50
543
83
487
489
812
694
772
584
69
394
165
472
554
252
707
581
10
532
319
37
223
539
817
394
658
723
68
672
299
780
548
591
378
638
249
478
229
657
749
464
102
65
635
659
723
437
653
611
342
326
317
665
225
56
2
403
196
765
808
1
822
694
559
270
796
489
277
489
111
18
252
49
248
805
419
726
496
675
756
221
309
285
272
189
106
161
510
565
136
326
282
735
298
12
117
336
776
356
598
572
471
555
69
691
322
632
282
675
688
24
792
545
391
435
546
484
673
584
709
633
32
323
580
479
657
464
146
630
564
376
580
400
548
262
423
40
17
396
430
557
555
211
273
473
355
812
142
344
16
828
135
503
31
141
83
184
162
412
58
602
211
645
330
629
211
805
78
15
601
473
491
630
702
307
497
678
581
718
163
571
812
224
287
206
742
70
727
541
7
132
152
181
747
751
366
282
66
797
609
628
537
429
528
149
571
84
158
640
559
373
337
1
174
431
183
420
187
512
755
98
135
766
764
535
829
84
54
643
576
107
168
375
828
187
385
542
334
113
70
803
377
703
576
496
589
763
593
766
49
754
435
371
77
587
488
208
265
763
148
26
483
214
322
279
164
203
598
250
224
548
13
532
104
744
490
538
215
725
190
796
378
118
724
623
111
278
491
112
277
651
230
816
597
292
202
13
397
501
205
826
326
670
316
129
250
43
402
715
632
748
124
768
50
785
173
426
95
170
501
790
759
388
93
537
21
103
341
567
240
608
669
524
698
282
176
567
661
747
542
384
712
524
107
522
546
551
731
492
691
30
249
278
553
533
591
78
224
725
144
495
58
359
673
780
60
310
743
411
139
799
746
767
165
358
296
707
472
496
437
417
621
543
601
560
23
409
742
73
777
64
191
529
309
740
113
793
431
789
365
322
573
631
215
320
576
445
350
661
476
401
380
107
627
558
325
414
412
267
514
140
200
794
15
576
115
553
44
136
91
291
403
559
172
176
658
377
48
159
133
662
168
474
500
754
626
499
705
571
117
763
453
182
823
688
96
165
618
698
705
366
225
818
683
151
612
290
588
582
648
219
595
798
616
42
480
314
370
777
388
380
247
624
713
565
776
222
267
575
805
32
226
105
526
139
602
22
830
603
391
737
113
158
184
736
441
25
125
348
701
318
327
478
35
732
232
728
768
708
789
406
204
18
345
531
300
511
209
797
329
124
434
87
822
33
443
290
729
490
104
278
65
225
812
28
721
112
218
376
683
104
626
465
546
2
475
186
687
208
268
202
797
142
819
353
282
150
819
456
28
12
214
714
349
678
413
736
379
118
224
315
149
44
1
816
672
564
257
605
430
25
660
56
531
637
386
422
712
364
221
164
172
509
652
592
437
707
539
474
441
231
349
27
17
735
185
13
457
601
47
341
129
594
759
515
826
212
409
758
498
77
682
650
448
570
431
543
677
449
432
621
387
700
786
310
567
546
129
266
305
64
769
728
217
441
641
460
266
796
771
60
805
446
690
142
184
789
174
223
7
584
199
120
489
90
791
627
92
402
261
59
97
819
223
680
51
393
222
573
796
254
636
806
588
106
47
727
434
358
499
569
595
108
693
272
284
759
209
695
176
813
290
125
541
769
199
365
352
648
760
203
547
805
9
324
272
644
311
772
651
576
394
538
543
128
193
720
107
397
528
161
129
619
558
279
158
252
222
508
651
44
255
463
493
143
52
678
24
826
645
681
805
461
363
378
670
462
133
96
754
758
130
447
51
357
366
566
381
524
680
582
255
59
426
196
56
296
243
28
217
742
611
747
207
795
151
675
416
604
84
470
655
224
21
482
92
336
86
646
715
575
51
63
33
729
22
375
452
808
779
680
537
590
442
674
479
113
706
17
375
599
597
613
1
80
492
267
680
827
251
549
459
503
84
495
26
758
3
169
200
789
210
590
353
437
688
187
253
752
652
19
606
398
647
108
291
41
570
577
660
644
532
80
124
682
507
704
31
287
363
88
342
545
288
177
7
420
474
820
150
715
65
632
30
20
583
634
159
763
221
249
345
602
90
301
488
194
213
520
662
73
471
667
542
370
484
565
338
543
142
533
628
673
376
383
594
349
289
516
38
245
437
444
310
258
221
43
193
820
771
229
797
259
615
21
354
220
473
95
416
471
732
600
550
209
358
149
786
252
30
536
189
111
234
813
311
39
653
798
22
189
274
143
665
151
528
430
751
315
36
689
287
822
706
9
529
812
717
70
521
206
748
587
774
20
648
525
629
144
329
566
641
344
419
778
759
90
793
751
504
252
419
752
746
488
618
553
304
249
452
781
492
105
293
638
399
398
304
796
713
483
126
586
174
452
495
1
729
211
34
315
93
587
724
706
817
118
44
512
500
735
745
171
298
828
702
84
199
206
223
299
520
160
256
604
23
18
473
642
8
519
121
497
74
519
246
762
611
727
364
761
584
399
184
163
663
284
471
617
474
824
263
276
580
709
565
515
657
533
246
113
743
774
482
494
316
369
471
706
559
404
816
626
381
463
705
500
802
114
665
153
515
540
504
11
770
553
801
28
601
90
730
388
4
435
94
349
73
814
557
87
753
423
655
365
537
363
369
33
545
664
366
747
616
83
759
355
276
238
90
35
679
391
231
729
754
574
450
399
637
355
768
773
490
802
38
213
304
401
2
447
94
483
684
463
82
32
150
666
323
234
157
517
19
574
527
723
573
285
807
656
456
423
216
562
247
131
692
228
161
203
624
34
344
482
301
219
385
774
8
147
45
249
732
587
586
114
166
368
54
799
777
434
742
568
338
628
511
557
368
597
221
147
199
203
468
818
389
402
214
134
254
109
197
739
497
131
524
464
354
361
316
654
236
40
448
210
37
323
191
77
617
824
460
377
510
70
151
573
646
774
43
802
228
280
550
600
193
617
715
653
242
764
783
469
39
604
464
253
88
513
636
346
294
255
761
216
334
328
802
704
648
686
145
180
787
96
24
747
82
489
94
300
609
498
587
74
782
359
418
162
752
503
393
326
723
66
156
577
277
674
148
215
633
538
795
329
830
366
216
783
828
101
144
321
107
725
478
193
686
437
193
573
741
698
337
639
80
69
18
593
796
38
495
338
398
206
723
40
778
703
704
597
771
416
385
728
212
253
677
559
609
136
298
11
125
554
290
739
2
508
208
567
449
601
797
85
217
165
635
742
358
590
215
575
433
418
728
542
826
529
269
765
587
58
389
347
625
354
515
340
82
753
101
788
771
151
355
146
60
233
1
429
191
194
346
821
64
140
781
588
262
681
639
758
653
477
131
142
798
133
140
489
103
193
23
775
196
523
113
740
655
619
308
217
75
516
665
89
658
140
30
827
67
401
394
28
332
430
536
446
242
335
556
653
452
166
249
271
647
717
389
270
647
175
582
196
753
38
59
702
260
507
759
59
671
504
31
301
414
232
168
592
725
687
732
187
8
461
25
189
384
769
500
822
727
254
310
14
327
17
697
523
336
2
72
84
515
51
789
685
47
416
805
786
580
755
622
27
204
451
792
35
673
824
208
377
219
175
442
627
658
10
672
371
523
7
579
750
28
282
539
242
694
238
232
825
292
232
205
70
175
209
422
665
104
92
768
322
284
824
510
773
522
324
439
452
697
675
459
505
614
756
777
606
308
488
132
757
352
687
154
829
20
388
105
589
554
484
308
259
316
758
186
485
721
358
399
811
325
791
438
53
824
685
596
273
499
116
108
20
57
162
96
547
118
101
222
574
829
783
206
214
479
345
472
303
386
468
501
35
258
776
530
664
233
391
543
248
313
71
227
568
170
370
820
693
455
525
391
193
284
348
116
267
747
61
566
331
3
523
285
163
272
334
687
554
244
455
556
795
520
419
492
311
727
729
443
791
619
559
573
319
516
718
311
757
630
140
66
248
548
714
683
49
676
445
321
338
752
455
378
535
235
333
258
454
755
772
216
561
332
121
395
696
660
295
674
615
688
117
519
184
531
776
383
807
486
792
610
55
645
821
95
262
362
342
219
652
151
205
146
385
425
789
438
536
13
133
646
343
142
76
528
643
108
541
264
714
795
663
763
74
368
47
737
325
781
630
603
754
710
499
755
547
80
395
374
380
3
100
731
21
608
806
445
669
334
365
292
138
218
116
675
304
95
227
428
662
170
646
97
232
461
34
175
50
177
171
446
94
229
243
63
756
48
749
568
34
801
37
693
440
108
396
441
495
80
808
505
452
724
317
242
561
233
612
448
346
724
101
248
402
122
617
85
375
577
405
660
233
295
255
272
81
119
122
41
649
774
528
1
583
581
659
291
344
461
395
38
579
495
541
397
663
801
598
433
403
129
747
96
604
345
713
429
528
626
579
238
802
355
128
457
153
109
58
30
717
210
760
520
341
251
110
444
80
262
607
352
745
802
377
322
809
334
221
142
184
173
531
339
60
345
156
24
682
90
29
797
633
85
40
9
614
145
171
54
193
672
701
445
209
356
707
493
100
623
201
189
87
504
306
666
10
726
395
711
679
297
759
346
414
454
593
433
627
727
346
209
196
472
460
771
636
731
403
618
348
617
300
208
7
678
372
304
490
222
34
696
286
349
589
200
531
150
20
591
401
611
401
553
256
596
624
796
676
470
405
578
642
824
321
519
198
116
641
582
606
660
145
483
775
655
504
697
327
671
429
305
593
185
459
185
328
812
426
662
377
723
41
297
378
430
309
675
776
272
678
706
798
209
175
642
601
729
315
483
565
286
257
753
621
100
812
315
162
403
720
615
319
687
406
799
582
619
670
598
293
663
40
721
732
137
96
675
768
194
764
535
550
591
768
106
196
336
665
42
217
374
309
22
544
275
73
346
829
645
183
194
578
54
787
169
803
720
114
267
447
17
33
53
214
478
346
314
820
278
563
294
498
195
244
184
235
532
178
122
524
276
134
381
742
641
535
461
155
445
407
397
641
776
598
623
598
485
569
372
428
694
778
770
455
15
825
660
403
148
535
136
441
337
194
100
400
68
301
97
518
431
755
206
356
743
324
736
282
252
250
608
224
440
459
530
389
733
193
337
24
84
570
201
507
205
539
410
7
673
5
784
595
235
34
458
581
21
42
174
785
730
421
519
431
90
795
568
289
454
699
298
528
381
288
749
209
708
577
404
403
110
325
819
410
210
631
533
468
416
640
177
559
129
619
63
131
422
114
79
637
368
397
137
626
363
738
565
192
628
811
514
367
164
415
247
723
711
538
149
553
499
173
678
98
212
693
105
792
670
177
804
79
741
755
521
386
351
729
798
813
328
320
118
529
693
305
349
519
617
63
298
109
572
672
736
421
231
718
256
773
445
579
268
136
670
177
426
610
1
9
177
696
563
43
107
424
494
190
42
521
145
353
546
229
766
730
738
663
624
159
155
49
18
794
811
614
624
45
758
230
20
254
15
613
172
14
53
307
568
90
609
127
587
493
785
762
362
94
496
258
51
118
273
307
390
51
103
19
705
551
173
374
359
30
687
289
539
534
423
448
20
277
701
518
274
662
198
676
25
19
822
593
158
324
217
773
566
103
10
197
677
227
123
803
167
613
763
17
23
664
206
199
122
610
317
235
610
514
477
711
148
138
516
610
708
376
135
254
19
496
573
658
555
118
592
648
154
624
367
152
281
464
639
787
205
795
403
339
625
339
31
381
823
119
382
159
814
713
312
278
29
691
125
527
564
712
555
783
269
346
759
11
75
357
118
551
234
815
358
447
483
411
256
123
636
5
270
455
418
737
207
212
167
587
439
32
112
817
6
796
683
689
569
429
47
196
729
283
313
267
90
288
684
379
806
86
563
27
794
668
398
810
176
219
118
411
465
285
562
816
345
170
686
144
297
126
566
730
578
125
346
92
98
785
409
221
36
449
120
457
655
667
90
146
549
513
139
766
6
131
219
608
522
259
177
784
817
606
13
235
667
398
704
101
816
649
465
642
225
641
243
620
602
282
672
40
567
633
625
217
7
422
740
351
227
368
286
807
3
130
444
479
413
404
627
255
623
470
213
757
753
68
349
87
262
562
268
76
296
145
283
618
56
413
822
78
796
212
276
237
49
771
770
819
74
620
136
764
636
319
210
425
74
524
653
203
512
482
798
391
648
481
539
222
496
225
379
52
642
293
185
628
770
802
274
434
40
80
748
200
553
500
102
40
292
352
14
383
737
70
712
437
124
557
735
820
39
377
488
677
514
314
213
718
708
472
339
172
6
102
166
711
793
329
78
355
250
421
30
405
95
517
241
550
602
12
108
600
756
347
186
178
770
666
540
272
115
683
304
77
519
514
657
515
57
552
539
171
545
65
755
181
608
441
596
256
763
334
312
441
734
763
476
249
74
121
382
219
672
386
691
249
700
105
373
579
433
310
497
286
79
94
551
308
122
499
96
310
655
652
819
370
229
520
117
236
210
437
224
342
439
423
687
742
307
21
178
137
59
377
50
737
434
606
245
8
247
528
551
363
254
264
191
529
551
536
416
268
312
829
174
506
582
70
79
348
207
62
577
185
669
610
750
223
686
518
188
470
72
135
547
354
415
448
82
374
6
606
53
658
437
512
807
186
220
583
262
1
124
795
737
238
725
550
361
661
9
215
324
531
345
180
437
241
186
198
697
512
606
275
104
584
81
313
787
265
495
645
103
658
2
169
752
343
615
764
704
7
360
697
300
19
123
341
37
734
324
787
368
205
66
209
121
430
92
748
593
487
151
270
639
149
711
205
786
195
803
681
104
209
241
682
251
824
575
619
191
121
711
729
676
289
27
387
504
66
364
331
92
737
160
788
744
778
539
18
666
69
605
762
278
827
737
801
158
550
492
222
462
733
276
673
101
484
444
715
330
311
369
171
779
574
826
749
268
476
318
514
245
271
799
56
477
743
406
84
297
374
811
36
353
718
599
604
52
110
190
134
704
62
615
373
764
101
244
277
310
91
537
270
730
265
129
9
625
404
736
485
604
3
474
452
752
608
628
305
310
719
527
19
400
428
636
745
573
663
46
359
629
627
431
526
784
370
786
616
411
26
143
796
285
219
310
273
342
170
112
456
212
256
655
655
444
421
230
163
408
332
632
16
599
642
459
135
662
53
813
760
307
448
696
623
800
62
439
423
487
303
454
545
44
530
658
799
657
215
433
761
286
771
436
792
159
552
573
94
218
243
292
244
823
591
810
109
153
808
492
5
346
137
633
457
565
88
66
129
188
501
569
475
109
364
369
100
86
756
174
717
728
714
794
565
382
191
272
448
469
719
760
550
223
443
317
118
751
647
817
417
89
467
59
247
803
318
433
741
563
525
146
72
461
78
649
180
170
683
547
724
490
559
303
185
95
284
468
343
24
164
111
592
542
250
291
254
716
458
373
197
189
201
528
420
35
118
493
785
702
618
492
230
291
810
58
458
140
68
603
696
105
574
648
447
360
142
497
520
140
271
765
148
736
594
647
820
549
404
701
336
198
173
747
696
509
432
167
92
495
86
381
144
640
80
329
274
563
591
768
329
248
260
822
410
251
654
22
234
574
495
758
506
705
2
206
715
477
121
636
637
293
284
434
550
188
263
733
286
292
586
194
6
119
100
426
421
478
778
580
97
667
425
695
81
264
235
155
567
529
520
646
75
307
437
234
734
7
680
55
693
762
764
11
406
710
408
398
680
621
113
187
764
245
99
104
164
253
95
718
529
357
26
513
316
22
673
583
572
163
728
505
365
200
809
553
98
689
724
621
276
586
749
15
822
78
441
729
504
570
392
193
284
828
592
771
135
198
89
22
55
316
155
211
509
784
808
578
634
110
32
391
623
313
162
301
535
762
736
410
463
520
350
825
227
488
606
171
467
690
486
587
386
294
662
378
786
428
726
530
551
148
730
149
625
736
430
221
647
60
705
153
453
765
445
131
441
395
426
77
562
530
620
281
32
701
399
151
68
496
209
453
53
31
626
337
318
22
584
66
97
801
385
583
144
183
7
126
710
229
30
647
164
406
388
385
537
807
553
63
409
5
337
738
738
621
822
503
462
600
317
120
717
108
528
605
270
59
295
533
676
307
96
619
315
616
693
498
599
695
498
620
353
495
22
753
559
6
649
300
373
577
471
97
681
237
448
199
359
19
262
145
309
800
295
417
80
811
94
95
781
317
544
418
523
682
209
90
574
645
270
93
705
17
208
147
735
268
472
584
618
556
588
537
695
164
28
723
573
584
14
154
707
236
11
302
163
218
698
405
806
413
785
354
331
248
496
499
327
151
48
339
286
448
739
386
269
800
121
272
500
240
298
122
301
121
722
32
813
247
33
728
134
387
713
119
588
271
727
110
248
129
716
402
20
25
779
46
626
692
177
748
826
498
674
817
311
548
385
248
311
769
432
52
168
537
405
22
168
77
226
297
140
478
140
555
377
534
587
143
558
258
779
406
71
238
372
494
691
320
172
344
559
457
80
507
111
789
119
617
828
100
529
720
568
787
337
199
700
764
654
776
354
821
391
484
70
243
226
543
398
503
79
127
531
354
483
180
640
5
51
170
336
31
635
723
632
70
521
704
768
613
170
555
709
355
683
735
612
485
253
573
254
594
85
23
491
374
633
732
519
629
193
343
559
472
93
62
215
462
647
115
789
202
119
55
164
357
404
22
238
342
230
400
272
315
543
194
337
323
313
516
327
790
133
208
578
483
568
329
54
433
701
247
698
735
397
353
734
460
735
676
578
93
192
724
557
702
805
552
114
313
105
251
619
537
188
379
433
585
258
741
510
755
101
730
317
285
706
315
764
508
39
191
210
554
352
4
750
425
330
783
719
248
444
189
522
135
100
138
555
95
6
570
252
770
447
571
283
742
642
365
601
57
562
759
81
517
432
112
400
696
668
46
76
703
502
482
363
28
661
122
284
787
457
543
645
716
109
102
121
446
731
429
385
155
174
813
28
480
289
313
94
713
191
423
804
395
244
296
825
508
80
704
803
362
259
199
137
754
391
741
195
619
550
522
623
126
559
807
78
471
35
829
685
306
651
286
490
192
117
341
12
45
339
400
635
377
423
372
237
655
657
262
652
743
430
409
729
125
427
237
641
374
537
196
316
70
555
585
38
213
154
623
788
122
219
101
455
84
151
338
444
599
245
342
215
751
54
98
394
532
239
15
623
657
639
19
696
276
71
163
715
204
813
376
373
712
689
503
333
257
655
662
111
347
142
720
72
740
277
225
779
620
184
358
225
395
254
634
386
267
389
717
187
706
339
613
649
185
678
367
198
755
697
196
725
443
394
787
626
430
656
513
656
712
125
29
118
314
559
430
695
175
723
807
302
79
300
714
584
157
449
576
110
690
312
454
337
403
733
404
554
29
413
221
57
53
1
524
350
445
550
122
242
769
464
475
549
563
769
708
342
349
538
804
66
815
87
71
298
18
123
772
232
268
239
379
524
139
638
172
752
799
134
149
509
163
413
370
749
60
488
66
755
147
801
192
828
78
288
542
662
691
533
667
281
591
29
588
585
174
818
82
663
528
262
7
72
182
795
565
359
95
586
148
468
469
525
669
339
738
179
546
667
94
292
142
673
210
378
262
502
563
671
756
750
49
690
203
179
129
374
603
252
225
741
765
262
766
658
791
320
544
648
754
646
566
486
523
85
512
713
805
604
197
152
68
669
93
313
409
236
485
764
263
456
700
178
292
437
682
351
44
382
755
608
64
128
809
28
711
553
105
812
426
399
345
675
269
607
443
811
231
315
377
631
394
520
290
282
7
757
657
320
433
667
169
535
270
805
692
171
603
575
455
171
63
141
14
746
523
683
663
644
347
124
743
654
190
29
273
64
119
647
642
266
447
170
99
620
825
685
459
339
715
292
443
73
217
54
129
243
773
661
511
636
144
635
90
249
140
497
70
452
479
347
128
583
681
72
605
473
516
763
342
433
714
497
218
240
778
578
224
203
639
227
250
486
504
397
104
239
651
209
4
525
435
411
629
22
759
443
178
252
273
57
822
205
402
491
590
762
559
697
336
304
33
5
36
196
153
103
353
70
439
430
255
252
609
738
498
259
130
305
274
288
819
674
1
717
518
718
26
210
206
384
587
207
589
40
691
208
742
262
502
320
652
415
105
354
650
230
13
613
257
496
410
390
747
119
459
560
755
736
442
91
825
721
644
240
87
610
188
401
456
175
96
17
89
576
307
716
94
194
824
131
577
650
646
89
368
8
561
680
748
565
681
271
58
73
659
361
694
759
520
366
677
408
821
187
193
441
646
379
798
189
721
626
609
488
226
40
512
159
321
830
99
17
560
756
782
764
188
769
755
6
337
270
739
438
209
566
170
543
82
99
1
781
443
645
487
410
781
339
621
549
365
179
85
517
320
328
264
662
312
236
817
198
126
805
678
257
575
215
581
690
82
441
360
487
830
180
180
507
317
494
63
281
280
50
687
286
633
101
453
277
356
587
351
572
750
626
687
498
789
147
230
100
414
22
621
182
130
64
56
817
816
244
523
511
580
594
16
756
238
630
270
678
502
48
9
10
116
595
624
285
539
223
53
385
786
10
820
109
206
427
333
781
650
346
821
37
202
223
614
512
321
322
15
213
603
669
731
171
716
591
293
650
186
493
555
152
421
380
555
546
401
121
220
30
317
127
151
209
491
681
141
143
180
42
8
640
365
734
260
646
319
535
455
42
502
15
809
235
331
30
593
189
804
94
47
637
144
639
121
116
270
123
239
568
211
541
658
267
305
432
119
354
40
24
393
31
463
122
681
47
231
81
804
468
164
476
128
369
362
501
222
461
288
777
42
274
531
612
112
334
453
823
741
499
460
340
456
163
588
207
139
516
472
649
490
605
540
307
558
780
187
73
136
344
213
495
191
818
554
616
107
643
233
551
515
442
730
595
425
381
377
518
448
687
227
708
465
28
78
711
646
319
520
65
469
335
123
534
364
811
431
605
158
684
745
194
234
587
653
55
698
15
481
105
330
505
521
463
483
14
675
785
183
736
150
197
430
361
455
675
9
698
451
672
472
242
229
418
457
560
113
137
829
19
258
125
785
753
17
702
782
597
359
339
296
288
790
377
817
468
309
228
383
238
813
644
224
274
678
153
524
441
777
580
491
636
410
1
413
11
168
360
632
154
539
560
130
620
71
774
40
574
223
270
612
145
415
534
471
452
403
382
55
510
801
191
204
638
88
825
340
124
50
600
85
455
281
573
286
341
772
128
402
649
673
361
787
418
49
717
288
526
113
323
782
472
172
343
289
808
789
130
349
166
497
16
453
636
157
286
700
635
740
175
718
538
320
470
358
193
291
800
182
791
229
694
454
54
246
292
213
259
139
584
736
30
208
115
639
768
247
603
70
820
208
280
414
425
769
24
157
403
748
130
510
585
227
104
588
546
449
556
611
781
312
450
826
631
694
598
219
710
46
475
684
741
246
62
522
637
477
178
180
317
737
270
303
582
272
80
553
276
590
752
434
206
293
445
411
597
174
706
217
784
3
565
743
61
387
513
525
139
714
424
646
156
502
381
560
334
200
99
56
43
665
335
419
418
456
191
165
622
327
137
278
691
568
812
459
809
640
23
339
562
711
738
23
306
373
616
24
780
420
211
403
386
218
336
523
815
248
364
198
539
297
619
120
36
177
610
802
562
137
58
259
506
182
670
504
803
566
488
585
478
717
1
413
731
287
432
551
246
605
645
775
523
83
632
101
68
412
550
788
583
516
654
187
461
607
747
555
360
425
69
78
813
517
740
587
115
126
405
651
714
604
104
423
356
158
761
82
402
655
56
584
823
645
188
822
97
475
151
336
398
593
746
543
696
633
299
644
248
407
182
247
297
120
615
725
387
332
379
824
354
483
740
363
37
278
760
756
412
1
212
212
84
298
78
708
196
829
523
95
248
233
156
775
782
327
123
448
139
139
186
621
204
750
63
445
53
567
153
119
411
771
685
787
437
398
758
316
545
472
584
4
596
98
92
316
764
52
290
806
618
448
185
468
44
759
246
450
227
542
442
285
127
679
528
698
637
781
559
137
125
765
729
257
769
165
145
507
347
253
612
114
59
103
315
603
568
758
573
146
827
788
45
659
669
391
760
661
43
176
140
494
447
652
195
711
409
330
379
276
459
372
38
430
385
341
423
102
625
634
692
239
813
384
134
202
18
436
30
750
115
233
289
473
101
139
545
213
524
599
799
596
568
31
51
477
358
674
295
66
715
114
514
200
490
79
198
50
61
471
752
163
337
305
468
404
71
693
760
626
428
396
434
515
345
333
817
331
648
540
560
174
79
505
650
763
699
377
231
155
796
384
359
569
568
311
85
143
683
642
27
690
789
472
80
478
161
603
323
54
443
182
234
647
824
311
759
297
74
829
204
749
742
734
550
718
727
40
557
755
724
30
701
699
815
811
263
776
712
292
802
774
443
40
301
91
553
623
140
356
816
528
339
630
259
76
510
227
91
622
348
276
800
30
91
422
220
761
344
808
380
753
362
73
670
418
414
745
483
304
514
771
671
507
304
64
486
154
200
13
678
718
634
64
175
554
487
74
386
296
730
152
488
208
406
498
598
286
298
483
301
300
423
287
232
740
800
157
227
494
402
407
196
701
234
727
501
12
697
830
490
192
163
49
522
683
211
236
271
585
786
229
350
96
436
600
479
258
541
461
111
433
46
795
147
781
152
330
54
100
539
499
531
778
266
317
401
13
346
281
662
710
104
704
802
293
83
72
814
142
584
31
782
654
522
570
54
381
159
282
661
353
696
477
608
295
316
132
381
629
37
484
738
223
73
346
493
575
124
787
134
75
577
724
808
340
289
530
204
785
17
481
489
346
68
809
85
129
663
246
602
430
3
50
505
728
349
355
406
480
388
755
179
516
423
433
691
669
53
483
494
807
179
317
292
213
736
385
54
678
709
176
500
200
259
14
578
123
712
442
641
135
127
176
288
106
643
526
221
696
602
283
800
257
711
132
285
695
468
380
215
76
329
326
101
531
713
131
1
150
661
723
273
469
275
662
80
97
451
274
48
643
270
389
633
798
700
554
726
334
695
769
370
324
522
141
580
607
62
659
591
751
686
810
32
685
421
273
704
427
362
248
508
344
218
300
521
517
756
764
440
437
706
227
484
685
821
187
188
256
826
237
299
587
68
364
375
693
68
452
406
176
21
18
749
2
216
196
25
515
580
656
282
347
684
124
729
755
219
81
81
234
311
763
625
313
329
410
425
77
647
73
744
664
92
153
817
436
319
765
573
154
664
411
38
542
429
704
176
285
375
304
184
754
622
194
61
688
603
595
267
732
390
783
596
629
388
511
21
822
337
356
155
537
556
184
459
272
84
759
307
469
728
513
113
475
107
248
741
340
65
224
538
732
784
513
343
474
226
208
62
571
553
724
709
587
370
167
681
731
323
1
365
45
429
746
232
494
623
313
449
639
287
598
430
803
188
788
794
368
707
381
807
61
763
523
568
13
133
195
827
312
200
491
434
705
366
632
610
352
63
491
455
803
701
556
728
231
467
300
474
118
384
620
376
658
684
558
368
490
288
151
596
31
239
587
242
764
673
248
829
564
18
497
529
327
417
167
36
597
701
227
749
564
221
661
659
57
395
514
595
411
368
208
266
458
817
696
370
779
304
144
82
495
723
824
804
61
466
275
357
3
6
752
703
125
27
540
736
597
254
649
783
356
445
566
668
409
759
55
449
135
183
296
136
816
352
122
452
823
690
20
327
600
326
581
251
726
730
305
549
231
312
642
516
169
444
718
239
666
152
310
779
233
116
794
6
665
448
518
560
743
645
396
494
555
803
693
222
199
511
785
330
387
418
177
124
635
782
448
742
606
388
203
76
385
34
492
764
41
303
559
7
521
663
459
205
748
353
266
422
448
168
16
176
359
38
152
67
485
357
458
763
710
625
706
301
678
603
317
558
661
700
570
621
700
355
74
671
653
441
560
111
541
102
92
519
361
307
50
808
761
118
341
708
675
242
551
293
188
88
568
414
473
182
331
528
385
665
198
103
450
439
61
811
27
123
789
583
143
487
522
138
444
23
321
284
418
659
127
291
797
416
830
475
772
82
104
785
112
505
20
16
19
450
270
261
772
278
256
260
708
114
208
509
481
248
610
578
711
669
525
518
452
263
131
82
119
735
658
19
232
183
15
608
184
577
601
322
490
104
675
256
395
42
119
759
526
600
372
301
603
227
82
726
167
1
382
792
255
552
117
772
766
814
759
66
659
740
486
283
504
546
720
780
525
232
658
733
828
372
22
451
78
683
245
795
106
231
81
794
101
20
483
671
590
42
166
49
7
359
137
268
7
272
694
507
524
108
542
584
103
405
502
758
339
79
9
814
663
323
373
552
55
719
347
547
53
526
179
84
49
27
482
566
726
608
168
304
380
424
466
236
435
606
766
427
283
390
453
826
286
124
629
554
55
124
417
94
560
435
624
431
710
761
436
3
29
561
265
798
655
116
200
49
565
537
461
716
350
624
573
414
686
818
212
316
430
614
477
690
484
395
436
229
182
549
224
516
448
591
309
754
169
37
490
163
576
131
52
415
280
59
342
565
74
292
768
483
87
168
308
636
603
431
279
312
36
783
138
60
469
456
332
23
483
233
317
643
812
665
1
310
676
29
558
275
635
643
603
514
581
572
251
376
191
98
424
361
629
607
246
135
93
647
544
326
254
386
298
541
776
85
159
554
604
681
622
226
481
651
830
109
817
177
163
179
774
763
577
25
731
790
291
739
485
396
631
712
686
685
82
177
243
206
265
345
778
541
356
474
85
729
229
257
601
630
293
173
80
467
218
762
86
717
484
100
584
512
432
602
273
128
472
663
712
352
825
9
379
358
161
333
237
333
155
33
636
556
195
659
8
141
409
602
312
17
471
570
698
651
356
171
410
175
258
216
558
198
584
415
79
531
529
751
492
194
418
386
212
437
625
797
794
572
303
377
277
97
199
799
618
476
272
204
391
360
77
318
260
549
814
124
161
379
81
629
378
689
285
498
564
813
589
383
242
810
644
17
767
610
211
632
229
312
535
409
188
673
168
462
171
824
187
359
315
588
593
476
376
228
792
485
787
619
558
824
384
352
720
427
603
657
55
543
89
309
292
174
57
185
329
339
32
748
647
87
314
21
208
27
667
442
341
684
471
774
287
364
346
119
803
148
562
15
542
253
99
487
316
817
157
424
58
35
484
696
817
637
516
217
639
626
390
674
216
27
779
261
227
480
774
398
372
102
217
661
51
305
66
392
616
321
368
827
554
202
392
682
468
704
649
685
487
188
774
203
283
322
447
791
500
78
707
762
245
495
258
513
292
381
810
457
220
6
369
25
315
413
732
544
804
657
600
733
159
775
486
284
752
428
410
399
176
294
828
136
826
293
608
358
615
726
683
414
565
709
159
546
754
584
398
45
465
426
585
324
53
227
6
816
642
667
660
337
230
809
28
536
91
125
822
146
309
31
780
84
201
176
88
453
90
40
95
31
573
455
699
651
761
584
513
765
676
367
212
420
828
501
650
21
158
196
605
574
172
748
157
407
522
757
225
719
76
421
805
135
797
414
74
97
291
618
555
820
248
301
495
72
87
96
419
226
396
20
779
456
339
793
618
700
77
465
188
725
235
446
622
94
47
580
48
695
606
570
232
21
582
687
172
506
322
707
180
117
725
425
332
199
3
807
632
528
231
464
710
126
277
38
417
589
247
477
103
320
419
245
290
602
701
316
390
6
100
167
256
220
51
780
333
750
432
54
556
574
660
774
603
238
309
631
455
288
403
110
574
491
431
781
251
331
718
446
681
782
590
222
117
227
275
48
616
676
479
744
152
643
230
168
236
637
81
525
803
327
566
16
86
465
607
9
39
381
77
283
25
433
13
491
177
536
699
722
802
585
760
724
280
478
425
519
802
410
471
8
487
305
512
770
577
489
161
534
241
550
473
218
235
689
48
517
235
738
688
655
774
624
817
7
548
528
802
693
357
56
768
656
762
497
489
268
359
715
627
623
252
643
605
18
114
640
214
26
112
515
269
67
432
142
256
396
192
827
637
17
801
352
211
110
733
103
425
134
562
560
729
382
170
415
415
61
181
265
711
730
234
299
329
723
258
705
622
120
553
426
416
380
793
827
54
559
653
121
271
748
544
385
7
95
676
188
340
586
401
720
183
424
616
213
86
395
346
77
521
91
597
284
788
629
428
449
63
38
556
690
98
433
544
778
360
439
79
380
118
647
430
171
678
813
178
250
350
120
164
341
120
93
654
784
484
819
480
517
761
616
228
289
677
346
523
155
404
627
745
410
763
106
407
601
133
217
189
199
37
706
401
292
794
785
794
381
752
508
557
601
175
828
503
714
556
297
792
439
565
495
769
402
197
210
293
34
101
496
440
597
414
169
227
769
315
692
108
303
796
628
632
310
222
712
583
22
605
361
593
292
598
66
436
468
725
602
301
410
49
801
42
645
711
283
652
270
495
163
26
717
533
187
577
813
117
816
207
131
188
373
691
788
635
432
180
792
192
494
410
701
724
700
104
431
679
796
493
615
499
513
374
290
435
398
322
701
251
56
564
782
49
680
811
195
495
198
315
501
776
57
769
667
804
464
617
800
295
179
289
533
642
470
385
84
505
754
706
217
796
334
683
528
95
143
361
133
166
617
444
753
448
637
789
330
531
753
802
513
264
392
547
442
194
346
805
683
786
56
345
318
391
50
258
131
2
187
471
415
208
336
570
765
109
458
24
649
621
520
9
149
81
704
673
812
343
818
552
446
131
94
6
706
398
230
782
483
588
64
75
338
481
193
512
254
707
680
330
730
588
449
267
499
636
388
730
495
41
204
6
285
135
449
670
756
766
148
731
728
295
427
514
584
164
546
803
219
140
95
584
455
207
715
442
183
587
34
486
759
5
78
756
144
827
664
167
46
149
307
94
596
126
207
727
476
179
162
737
695
99
41
334
551
457
332
137
598
291
402
650
410
685
329
440
571
167
770
830
421
371
377
155
409
64
533
468
323
221
364
89
2
19
823
296
29
521
452
319
709
678
46
5
332
269
169
396
654
327
823
170
674
691
125
591
512
670
438
67
543
158
409
60
532
778
291
829
746
759
301
783
513
380
255
226
100
736
399
113
154
154
37
55
37
177
507
691
415
629
439
654
212
83
449
246
333
568
664
429
371
506
775
595
724
531
319
560
211
728
819
279
311
144
609
449
26
272
643
313
565
130
376
109
469
608
651
322
124
72
748
77
203
133
526
299
727
283
734
88
557
297
779
61
486
283
28
332
226
484
77
822
446
308
331
738
702
207
192
772
464
288
46
172
280
247
554
537
584
785
610
207
809
609
351
252
365
207
520
462
83
791
385
298
143
599
637
94
261
186
275
8
334
145
412
231
756
61
606
26
607
443
474
387
283
728
56
293
751
528
72
112
587
270
197
823
565
677
794
685
789
133
747
503
373
547
772
155
178
527
749
424
782
565
427
382
410
52
201
204
8
658
703
333
272
189
134
821
212
216
779
128
763
734
820
252
164
751
248
450
761
766
150
430
561
647
447
459
743
380
505
79
620
566
546
577
300
401
707
718
23
715
67
27
751
125
117
766
598
235
26
476
763
413
349
771
770
164
594
74
632
128
637
484
573
135
746
691
391
73
638
72
102
678
498
159
359
37
13
671
1
40
168
465
580
815
781
698
609
232
50
219
810
610
393
314
487
588
115
257
780
554
671
281
81
265
562
392
686
56
370
139
633
738
259
808
140
331
429
357
610
746
170
693
147
62
758
421
778
328
616
281
539
310
796
402
501
535
193
520
611
313
606
305
429
239
461
129
359
167
286
369
502
14
40
525
453
746
651
212
312
814
370
48
58
102
230
792
629
150
783
563
302
87
240
663
577
281
258
523
154
187
599
798
74
669
498
244
33
124
618
138
273
265
789
182
198
219
489
330
389
540
316
637
330
473
326
535
623
197
809
60
465
94
818
517
562
747
315
501
830
559
181
776
267
105
511
382
827
311
223
425
433
460
248
673
533
221
195
531
715
113
281
311
52
64
348
74
801
175
696
304
14
493
729
363
699
47
167
208
374
205
588
772
198
758
612
154
229
170
150
348
278
573
500
214
222
543
608
461
120
469
275
140
788
512
362
31
258
240
350
286
214
78
17
538
280
601
392
625
223
667
726
154
214
421
378
710
279
542
262
80
300
130
299
348
5
563
804
336
641
286
605
770
309
433
697
309
124
539
55
712
427
227
254
634
501
828
73
668
424
647
505
356
404
795
731
651
569
196
625
15
357
3
647
703
428
814
605
418
265
142
58
16
596
531
639
294
790
449
815
584
617
543
250
71
158
184
218
332
750
334
331
139
621
43
378
301
688
648
794
9
142
447
61
337
570
395
390
830
433
319
504
566
27
781
622
372
632
363
743
650
301
376
605
774
75
13
779
405
691
173
562
679
520
498
512
660
45
372
650
166
331
576
825
281
198
402
826
804
655
239
635
101
648
573
263
60
83
383
575
476
778
282
743
227
70
588
468
577
418
676
533
295
644
678
43
780
10
642
788
201
61
554
160
29
193
158
31
273
491
143
189
708
401
273
551
816
716
311
371
356
746
149
647
294
123
707
813
435
343
155
586
226
400
627
456
415
570
301
687
570
628
747
464
202
133
116
60
433
817
34
375
216
582
65
116
392
565
130
766
111
649
379
441
661
285
479
572
264
774
278
34
503
18
772
688
787
170
137
640
759
600
740
315
278
750
163
379
231
576
649
746
134
466
344
608
624
18
122
467
467
776
763
630
101
681
704
294
594
784
719
613
417
781
641
569
803
828
297
436
157
299
264
131
335
684
376
656
589
518
417
296
339
416
538
324
830
75
332
369
630
156
675
18
465
645
91
682
614
779
122
140
2
756
34
537
456
686
158
525
376
68
456
406
438
651
430
282
266
53
472
438
473
599
356
115
10
742
825
344
112
538
460
17
29
61
781
250
790
4
466
219
259
463
554
777
20
375
219
224
150
161
626
597
133
263
514
93
218
715
464
149
338
472
461
145
327
267
811
252
369
698
572
11
636
550
179
551
259
502
350
714
264
150
566
440
409
64
824
594
349
213
718
139
172
354
599
245
120
335
542
622
453
777
15
3
762
525
494
566
444
466
53
588
360
217
609
666
584
555
700
50
198
800
466
712
345
124
339
408
78
660
233
309
823
54
362
225
646
119
182
347
808
688
316
558
338
824
489
279
728
465
464
315
334
19
595
729
467
246
548
255
4
232
268
637
71
219
89
581
388
235
228
399
295
175
387
172
606
795
659
523
559
6
304
380
550
583
391
247
117
75
590
56
631
774
295
99
53
774
369
800
470
126
770
115
716
658
505
487
512
440
503
118
481
689
528
307
644
290
713
470
662
819
92
232
264
76
93
55
553
503
806
258
568
389
425
338
783
36
757
424
465
329
346
428
335
679
716
821
770
162
287
62
8
759
465
486
262
777
431
693
697
142
769
343
273
761
11
344
440
681
400
14
309
56
533
331
678
695
698
507
717
465
197
95
554
137
625
87
159
731
118
672
144
414
660
550
765
730
428
11
289
459
628
661
181
181
519
185
193
524
580
659
803
716
608
200
188
235
63
747
774
608
681
251
781
416
360
224
291
441
241
657
496
139
399
505
336
183
739
262
295
485
442
497
634
367
294
444
387
826
704
809
558
219
73
513
270
421
428
809
692
535
627
621
269
613
402
166
419
255
716
409
245
481
75
339
180
594
508
138
209
565
570
106
156
212
600
122
197
582
508
699
509
678
548
191
707
778
507
272
346
548
496
590
681
228
756
413
809
181
411
232
730
602
255
684
335
405
739
829
214
803
149
371
693
332
578
216
768
566
754
433
347
787
130
59
513
265
313
251
81
162
180
626
744
373
404
649
89
522
693
623
264
7
647
366
119
152
142
198
524
704
351
333
482
478
179
379
514
823
26
140
687
8
811
329
364
563
121
478
674
823
205
481
740
578
477
493
217
132
125
314
549
410
317
259
664
517
543
420
556
74
786
568
225
432
249
756
155
534
27
344
296
652
514
205
276
90
527
604
629
639
405
563
149
613
8
367
384
504
625
122
749
560
135
442
147
434
569
692
236
311
469
469
74
85
89
431
817
229
358
518
554
206
426
715
753
601
111
663
482
252
622
728
226
8
509
809
169
807
171
292
6
292
556
552
665
397
161
742
560
303
74
568
269
717
618
798
174
662
679
534
601
808
45
627
680
588
456
127
747
701
777
350
47
98
508
260
419
143
164
460
763
260
228
66
227
148
474
266
49
390
104
419
470
805
131
521
189
507
149
13
329
377
36
450
203
605
359
379
613
277
277
422
495
77
363
689
444
372
700
397
8
722
308
170
173
732
802
116
361
143
799
511
267
510
8
166
408
280
669
823
744
228
606
222
823
42
705
97
391
419
205
277
661
74
72
322
267
701
317
57
522
744
537
764
246
310
68
477
35
371
367
265
483
424
32
718
284
737
775
103
218
609
32
403
172
519
107
435
140
105
431
138
558
264
808
678
489
815
37
505
78
152
713
552
730
735
59
130
400
417
495
150
327
151
278
133
114
773
193
748
637
695
104
562
530
55
523
445
218
460
544
314
828
582
90
153
391
388
325
828
420
284
666
122
609
689
435
752
660
150
577
111
725
260
592
330
649
677
301
754
795
132
742
650
759
484
243
239
81
337
759
804
555
350
320
152
680
561
278
811
598
18
548
43
196
712
234
27
339
517
395
334
273
522
749
205
93
139
653
586
530
828
723
195
360
335
103
753
334
650
154
675
787
692
136
772
114
705
626
587
345
350
275
40
176
291
32
531
4
88
770
523
817
735
270
95
485
79
82
402
599
47
653
14
2
408
392
658
730
296
531
330
149
825
260
756
139
10
776
652
683
257
732
191
801
83
355
799
807
6
323
374
107
5
654
578
588
273
674
626
236
411
433
377
396
172
548
369
21
318
568
814
22
25
779
16
789
46
411
678
694
503
343
307
590
228
442
362
89
440
172
808
709
805
397
789
26
348
192
630
731
238
50
671
592
89
386
716
648
159
287
754
35
133
510
61
757
35
245
738
152
143
686
520
415
97
594
691
765
22
199
92
44
687
520
490
86
418
779
119
411
529
427
604
806
774
102
471
320
471
573
566
225
572
606
245
734
829
195
75
280
65
386
173
315
751
579
366
621
627
81
746
817
96
803
21
735
365
339
448
202
37
732
187
775
292
119
809
803
117
428
94
143
624
617
365
14
334
323
315
427
284
376
79
386
219
733
393
31
369
138
473
342
604
476
524
616
277
600
565
713
253
106
146
18
466
177
696
443
228
225
413
51
683
107
682
621
294
533
72
459
699
775
63
297
271
802
514
4
648
685
25
524
707
733
276
531
142
672
503
79
508
310
748
117
812
581
524
185
474
353
730
703
73
571
32
328
254
283
759
574
149
360
614
606
370
385
402
378
257
215
502
807
110
355
52
248
256
467
785
547
571
213
221
655
117
619
414
117
540
628
248
635
475
358
78
769
58
502
635
553
257
702
802
547
96
347
412
198
461
14
391
644
347
163
434
362
10
563
406
577
814
605
403
622
765
21
497
222
172
685
72
383
721
433
401
212
474
673
488
754
284
774
596
604
517
25
114
148
684
21
321
760
296
133
582
676
354
494
192
44
101
200
480
71
331
746
139
380
581
54
348
684
510
118
37
561
203
805
706
654
45
365
210
636
92
749
135
549
448
419
516
759
301
244
798
418
818
506
297
253
127
6
370
54
449
654
588
47
234
324
217
152
405
563
587
589
420
737
189
601
56
460
138
85
540
499
411
367
594
682
787
261
336
689
525
161
815
390
630
378
472
170
4
482
507
133
519
428
725
749
28
756
555
234
8
714
275
829
704
353
156
32
525
519
526
276
217
45
723
830
751
784
752
263
607
339
50
622
528
254
604
699
262
764
30
787
556
152
426
703
236
96
474
263
504
89
498
656
561
4
466
43
585
643
448
515
380
710
578
310
390
228
333
761
34
343
783
812
630
735
783
650
503
254
359
668
518
660
194
25
445
472
785
50
84
433
122
273
46
284
556
357
608
486
645
135
56
456
648
481
771
658
569
730
121
280
102
712
318
391
108
387
636
60
167
78
317
741
264
172
23
801
411
377
131
540
795
500
17
298
29
83
171
433
513
775
356
560
332
555
466
655
555
559
604
142
582
710
768
718
250
437
570
98
737
212
598
397
587
23
394
618
268
755
565
190
426
655
244
346
830
506
167
177
12
371
370
37
444
185
731
649
257
185
654
217
622
42
375
71
827
99
176
215
203
808
482
715
394
775
654
810
3
391
22
613
485
824
550
121
522
746
443
53
97
357
188
372
72
295
579
225
659
589
25
151
565
685
367
506
467
804
620
33
222
551
426
140
76
284
380
27
253
456
731
19
490
332
428
126
577
504
825
745
220
212
35
718
374
30
568
579
346
623
18
724
223
262
826
410
259
773
775
732
97
433
616
142
294
650
398
68
309
407
286
365
617
659
494
351
675
436
815
165
210
86
174
158
773
392
230
425
669
253
707
826
814
71
278
513
482
356
582
572
50
502
483
555
290
386
679
301
671
377
197
307
824
177
351
426
341
694
387
587
442
817
188
180
503
221
304
371
5
725
806
116
134
483
703
712
280
299
151
810
404
600
17
106
153
603
813
174
51
784
210
452
46
448
641
56
284
158
272
606
38
570
180
39
612
21
155
239
575
182
458
593
29
558
425
793
214
98
518
676
444
390
495
744
757
721
142
479
611
412
190
737
247
676
178
524
445
807
87
121
713
180
46
489
529
701
422
545
352
160
751
540
544
577
711
218
613
61
233
654
347
690
456
755
681
165
224
302
387
780
316
382
196
374
37
440
509
567
119
187
444
269
648
130
353
368
697
62
540
281
450
820
797
40
472
408
479
749
412
664
748
659
657
312
271
478
66
60
34
110
660
603
413
777
188
722
194
673
807
766
148
351
783
728
492
733
723
47
65
549
777
185
799
683
263
588
742
633
99
502
129
130
110
272
36
687
662
637
665
72
438
596
564
152
82
228
238
556
101
626
209
822
448
773
313
459
320
563
715
402
157
96
175
564
506
648
281
821
423
300
220
750
322
389
792
428
330
496
343
203
454
685
230
343
562
79
634
109
62
269
538
126
469
745
44
648
4
660
435
341
810
15
820
583
489
384
466
638
731
434
658
38
133
717
314
799
93
516
787
713
630
300
157
458
610
753
717
595
128
48
540
735
26
828
187
327
602
569
815
240
662
767
656
384
493
737
135
781
349
86
82
509
160
325
26
447
635
819
6
592
731
663
407
219
745
177
285
252
487
85
488
509
448
644
761
732
91
587
255
624
818
819
709
105
714
368
659
46
413
177
720
11
325
765
454
168
402
826
830
53
89
318
6
348
278
787
254
84
580
433
50
9
261
118
249
269
686
56
465
87
429
763
400
555
826
759
666
453
202
415
688
681
586
591
791
380
352
485
45
468
700
782
580
221
524
23
142
13
784
771
716
413
592
254
192
482
415
744
131
479
60
279
589
203
222
805
551
736
118
540
473
210
711
741
420
131
381
282
703
594
272
806
660
500
12
76
224
458
177
617
292
72
534
212
439
351
618
231
248
693
780
254
87
321
767
555
226
46
131
112
143
580
698
666
503
772
789
242
289
651
573
396
710
134
257
757
762
612
289
225
128
620
232
177
719
589
656
749
700
83
444
52
437
179
246
782
434
768
602
697
767
384
804
123
685
598
145
493
390
211
794
217
600
716
350
671
652
427
51
777
32
715
400
327
720
808
679
364
251
167
298
813
311
200
364
146
108
233
283
551
706
361
343
450
350
467
627
313
510
827
386
172
277
77
146
362
230
571
386
754
136
20
294
515
616
418
269
815
54
59
146
301
627
576
487
87
688
120
734
469
615
739
461
5
95
650
353
398
269
169
680
346
604
660
203
339
755
18
820
680
494
655
308
147
180
272
147
265
439
808
699
56
689
183
415
629
349
456
799
681
149
589
27
133
380
63
29
771
227
283
679
584
456
418
351
2
564
131
281
87
36
515
69
346
672
717
212
103
124
455
659
731
496
474
654
417
421
407
124
274
355
592
379
258
439
517
174
158
53
657
715
268
13
358
552
383
243
783
758
564
167
512
4
334
578
353
54
665
645
342
169
249
536
425
50
513
732
60
783
194
144
781
443
823
363
373
337
44
597
400
816
403
494
322
363
218
115
576
331
466
753
658
492
454
118
572
322
828
418
620
727
544
408
376
295
689
338
40
259
98
22
311
682
594
155
300
120
725
374
394
780
371
192
464
100
224
739
607
567
776
747
522
622
356
473
715
807
696
421
724
500
748
550
234
93
777
581
299
41
179
347
478
465
566
322
377
753
679
448
388
506
480
351
77
406
374
610
138
20
795
583
482
180
381
612
686
277
647
310
547
211
150
191
459
785
104
9
290
187
257
488
590
165
553
159
745
191
686
442
537
471
316
291
276
608
606
33
577
505
124
205
103
650
83
251
773
547
532
615
589
830
318
322
668
616
550
274
226
77
588
260
724
192
612
737
226
569
65
54
600
56
57
579
129
236
16
62
467
405
251
322
371
717
469
239
273
207
76
19
258
581
467
72
370
671
38
556
592
132
309
208
125
661
722
48
778
246
68
217
513
438
571
263
573
2
660
444
583
577
310
656
765
141
524
436
284
639
284
730
377
767
799
111
299
776
802
181
36
25
639
415
431
266
712
41
121
658
430
133
582
588
501
60
8
591
709
135
118
682
471
224
378
381
388
151
168
52
122
197
222
187
132
559
133
305
729
512
87
155
444
42
169
754
304
241
164
681
792
221
438
148
796
110
396
743
579
501
488
383
805
271
13
585
85
740
118
65
785
85
566
89
568
32
341
433
572
365
72
547
739
728
165
759
246
118
449
814
420
758
13
752
640
592
87
339
294
77
4
80
645
748
130
61
674
747
250
699
207
740
533
69
60
679
828
158
539
341
280
556
422
728
332
531
565
684
616
389
555
585
714
402
503
96
644
241
618
318
89
33
282
420
23
633
647
386
532
426
732
482
85
611
55
752
576
700
780
663
589
370
90
33
66
260
213
736
736
726
277
290
187
225
229
588
661
384
165
652
726
400
285
252
143
193
283
530
323
625
677
628
344
427
431
659
612
429
297
192
59
285
733
142
536
684
389
765
159
285
256
759
760
674
454
742
593
12
326
503
234
311
81
306
673
166
612
662
93
170
456
83
195
416
678
789
101
560
146
583
377
202
771
294
365
259
793
779
398
659
171
218
424
474
609
250
306
237
546
592
57
492
144
266
135
509
796
789
811
50
193
519
623
366
786
334
770
152
252
742
778
104
253
98
594
611
525
570
158
534
576
629
249
132
39
782
280
458
7
542
330
537
736
483
2
120
255
522
13
596
304
300
247
366
433
56
324
351
773
482
759
189
711
757
562
2
424
657
249
3
297
503
639
353
785
391
215
589
4
150
477
551
814
328
217
471
486
481
3
74
549
37
112
98
797
581
151
29
144
780
586
289
538
372
719
34
7
523
769
701
583
209
176
453
639
800
589
632
494
179
103
281
233
285
73
602
666
763
817
318
670
239
325
817
529
355
477
763
481
781
653
757
170
476
405
31
261
672
513
742
203
811
261
397
607
50
228
473
35
83
150
752
374
790
779
20
321
771
132
733
254
563
105
722
491
290
653
660
428
410
359
590
790
83
711
539
580
822
326
411
341
85
670
275
758
11
794
555
725
555
56
817
427
294
736
210
793
288
637
791
807
747
638
631
348
56
663
713
619
494
182
803
154
639
644
298
618
195
791
426
217
266
352
447
431
420
3
752
104
455
505
636
268
381
100
728
152
199
500
305
564
111
447
579
96
170
419
346
753
722
355
594
517
495
738
664
487
380
342
435
778
322
740
517
396
438
421
403
669
45
787
135
731
336
264
588
274
644
507
491
788
661
690
687
58
313
87
492
371
712
166
569
393
628
617
177
40
363
732
767
418
332
391
467
615
798
121
709
787
231
4
266
391
551
124
65
390
35
110
338
221
27
574
483
707
495
743
466
25
501
347
120
216
750
262
662
501
193
417
759
124
441
595
311
243
46
637
622
644
725
277
114
522
808
622
278
517
770
174
459
549
457
759
49
313
244
178
388
503
104
105
520
224
582
287
325
343
749
132
30
512
233
687
377
478
522
437
533
217
735
293
783
465
303
199
686
48
676
37
14
676
555
152
537
604
428
199
818
677
563
106
246
714
819
638
472
67
124
337
525
360
238
803
551
399
763
801
754
498
573
459
682
106
254
286
666
530
812
474
283
712
678
244
797
700
446
752
275
497
178
159
182
178
299
309
735
793
594
534
71
257
283
588
500
828
69
179
507
504
772
154
443
581
609
628
760
198
11
104
734
43
27
727
541
727
663
289
165
163
32
743
780
764
217
127
536
332
520
93
592
724
296
21
77
798
572
273
582
152
710
33
458
214
438
563
826
430
233
813
508
413
487
639
77
344
765
381
270
502
147
525
91
624
51
325
340
176
273
690
647
789
419
466
703
63
626
258
381
95
258
15
633
558
805
12
234
389
380
634
416
1
98
492
533
470
383
161
315
416
830
825
700
180
576
301
302
197
596
330
750
358
598
745
112
192
808
287
166
359
486
537
96
681
386
153
228
527
169
514
281
505
528
346
66
210
194
193
18
104
802
699
726
489
445
730
297
788
317
152
287
663
341
367
18
83
313
749
824
748
33
758
599
6
640
598
46
484
686
755
8
816
34
133
521
93
531
406
238
298
380
828
334
499
204
33
633
137
264
368
540
457
778
519
703
766
826
541
167
249
720
88
261
675
776
631
734
483
98
607
368
371
433
564
545
448
419
575
637
354
596
708
741
784
402
162
235
438
823
453
301
345
227
254
802
781
462
639
407
169
350
685
805
347
1
75
775
196
568
708
722
648
709
723
724
672
46
720
526
663
256
242
549
292
721
736
640
530
741
36
4
624
109
331
815
602
415
801
747
434
443
346
386
76
730
740
398
570
571
542
428
431
291
776
181
745
312
72
603
776
534
483
640
582
524
525
799
592
516
394
544
114
211
671
288
592
626
640
497
92
215
622
59
714
546
782
776
482
123
317
532
248
26
4
129
691
534
119
648
400
340
69
624
566
770
574
345
417
799
20
613
815
228
491
118
701
59
349
471
665
530
769
370
800
130
38
461
385
241
8
14
602
718
603
599
408
278
176
459
748
173
800
88
274
149
58
500
572
711
54
271
95
267
8
332
345
12
137
702
783
444
598
573
354
58
126
631
50
179
411
546
580
431
767
366
419
731
680
719
53
701
443
225
168
444
510
468
690
51
142
191
636
71
386
173
155
799
581
600
702
590
267
12
231
512
245
725
4
134
174
715
332
355
476
99
409
53
670
287
122
220
564
607
392
501
234
255
473
804
675
459
203
67
193
341
513
504
35
639
615
161
509
483
766
660
798
47
649
508
495
312
565
40
210
226
396
807
128
700
561
520
138
306
242
171
521
305
662
677
543
369
53
250
573
573
76
772
472
758
218
612
247
698
623
312
602
441
190
761
244
137
442
811
413
737
324
404
546
480
223
184
513
137
227
539
664
591
769
87
4
509
680
402
322
44
621
107
37
329
347
102
515
750
577
430
414
554
12
222
768
516
381
526
598
121
590
325
465
651
100
390
309
587
429
762
498
706
466
409
716
13
498
585
790
752
142
49
112
20
773
594
151
667
536
420
51
267
282
22
129
249
244
712
344
211
380
411
484
179
731
509
460
315
439
494
763
85
207
215
284
349
731
671
194
562
658
424
259
643
574
283
204
615
99
388
274
240
116
60
260
519
489
82
430
370
210
240
647
711
26
242
753
220
633
304
615
28
483
117
821
85
427
382
42
819
338
794
61
77
105
330
2
392
422
364
31
667
657
38
17
657
210
368
601
682
662
587
197
185
672
706
520
426
77
429
670
526
672
826
624
824
457
811
496
233
688
323
609
42
197
520
644
810
762
258
335
789
462
662
396
531
478
26
818
448
146
767
464
225
489
632
133
17
368
29
622
63
231
64
49
65
549
325
65
31
226
579
74
288
443
118
287
315
17
796
725
783
477
159
694
147
592
543
814
796
808
822
243
712
228
190
600
308
811
364
588
268
169
653
574
225
704
534
94
517
464
82
19
359
258
768
500
73
634
353
580
637
174
203
207
821
243
42
377
56
10
823
161
764
755
671
176
606
113
60
805
191
706
793
698
172
58
375
496
747
519
800
643
288
426
341
238
800
372
678
389
12
611
253
37
228
752
145
738
312
32
702
740
557
415
160
412
85
319
660
530
465
41
660
157
497
318
702
278
60
135
446
302
205
450
505
417
198
813
428
584
110
488
561
687
18
493
806
741
476
606
161
760
73
753
233
268
2
243
518
229
621
240
732
99
816
405
481
69
451
319
486
552
265
641
827
643
46
536
500
470
549
12
477
602
690
559
777
155
62
289
829
42
248
582
20
492
746
219
660
659
598
101
178
16
470
473
123
31
231
306
248
473
611
575
149
165
676
312
392
776
296
204
202
448
273
412
786
614
782
672
690
475
691
97
394
122
632
727
19
539
125
244
581
92
409
457
330
737
528
90
558
175
280
424
34
417
282
524
434
379
374
442
259
595
364
140
70
197
155
801
349
641
170
600
86
385
442
733
599
637
337
771
822
325
187
59
3
478
66
530
777
383
222
379
115
508
360
187
264
235
573
100
167
168
632
711
42
782
562
153
516
599
116
31
524
318
469
662
1
291
551
511
19
733
732
81
761
247
139
526
153
363
691
299
138
47
658
547
3
580
572
26
540
24
158
48
550
81
176
765
66
744
138
444
815
290
236
342
605
241
682
556
563
816
612
711
556
101
627
259
743
200
149
748
92
18
133
670
221
142
33
402
547
203
284
824
374
202
759
33
280
619
24
34
823
107
545
346
170
414
296
662
767
417
510
476
579
374
735
110
321
347
405
362
486
468
392
625
301
186
716
133
406
480
486
794
281
809
653
73
251
323
580
494
51
355
467
345
175
548
156
409
704
776
749
450
681
624
570
12
788
157
279
19
35
73
618
75
362
14
82
524
44
102
66
770
765
114
107
547
476
529
504
782
7
421
66
752
324
278
129
164
811
296
338
707
469
677
12
391
194
222
112
492
571
587
214
571
424
626
799
170
749
479
88
663
600
422
273
653
570
339
538
814
269
394
726
97
592
588
293
633
561
825
438
607
191
368
207
552
36
654
236
252
585
138
86
370
70
284
97
165
622
658
180
726
717
623
713
634
331
495
131
375
806
431
461
190
770
780
501
313
571
568
265
496
370
318
124
216
644
691
727
767
707
749
363
280
414
269
204
822
525
697
752
767
2
576
63
13
5
512
700
401
673
235
676
227
536
812
498
144
225
583
254
319
341
764
116
451
279
32
356
31
351
399
821
397
753
139
770
206
109
198
428
697
172
3
454
123
410
617
605
557
779
358
51
483
106
748
579
17
210
500
817
248
541
52
13
358
101
86
612
164
345
630
154
406
439
360
97
403
375
635
691
344
171
291
400
46
223
226
775
568
414
520
823
782
183
470
522
66
512
431
458
211
345
741
220
715
390
524
427
130
519
3
613
682
361
335
73
390
385
803
697
615
798
7
488
81
705
289
657
134
571
394
745
682
510
458
41
562
128
377
697
88
89
275
14
565
759
596
340
37
326
500
363
641
82
221
113
635
227
505
485
572
618
714
317
574
301
634
243
527
182
188
509
659
483
359
466
363
478
177
789
511
624
511
87
74
356
601
189
446
346
472
295
826
339
437
638
804
207
175
530
190
584
619
37
201
282
381
96
479
303
651
21
191
456
589
289
381
587
188
39
659
362
478
215
525
530
250
717
110
507
128
156
559
673
484
87
671
273
136
570
793
117
728
372
67
797
641
799
288
784
628
801
671
156
2
525
222
118
40
555
385
68
528
290
611
682
552
562
444
175
424
277
455
371
549
79
671
409
368
680
263
657
342
173
219
645
179
826
331
148
425
647
191
352
298
605
153
265
593
735
250
553
561
781
488
494
694
312
129
189
460
54
768
110
589
69
329
406
780
399
633
765
297
494
595
658
821
635
636
723
613
182
499
398
771
444
639
782
445
98
187
407
309
829
805
205
25
734
167
144
21
509
130
19
201
364
325
358
412
648
368
315
623
123
3
570
411
373
239
146
137
396
529
14
579
9
79
223
717
54
738
576
174
205
565
273
443
128
189
305
527
606
289
733
572
217
239
740
106
428
382
396
815
78
695
313
680
779
169
249
453
247
474
597
341
630
35
710
708
5
98
647
420
66
650
790
650
766
616
408
645
762
203
421
584
333
154
822
390
662
758
545
65
149
247
37
370
797
401
829
420
423
736
511
474
383
536
260
743
345
642
761
418
144
393
345
102
21
395
6
176
609
71
792
8
115
469
267
673
671
753
167
748
347
263
193
796
770
282
622
507
182
745
172
195
508
572
690
828
815
724
425
220
609
370
62
161
471
240
340
540
647
641
392
25
779
187
685
70
394
35
531
798
790
499
216
400
399
80
629
635
719
52
401
800
657
304
724
798
767
702
436
789
192
644
726
272
376
759
239
754
623
550
114
777
628
247
107
355
576
128
469
349
753
85
16
583
785
650
190
167
450
222
623
103
342
564
574
74
552
228
317
823
781
504
12
67
739
195
461
416
219
187
363
655
776
136
752
152
385
457
739
299
53
440
378
791
661
443
721
439
662
339
317
295
34
512
752
576
710
366
12
316
417
117
538
196
286
779
591
298
719
51
442
685
806
773
489
83
189
707
614
748
681
17
709
705
555
645
690
117
310
367
524
383
760
70
516
224
719
488
205
583
347
23
17
791
658
445
799
444
788
654
478
128
788
740
22
18
337
562
187
749
756
131
38
114
251
165
700
30
228
383
23
100
266
67
610
727
787
145
510
616
718
100
81
219
276
199
234
348
169
282
372
616
771
26
275
792
360
174
652
228
544
593
292
378
169
686
536
800
394
11
188
380
326
560
121
713
255
33
261
175
755
334
154
706
262
459
647
650
145
217
284
577
790
215
289
177
602
799
312
382
518
714
809
820
247
231
526
797
267
153
631
179
546
597
311
684
563
426
556
574
759
399
115
312
428
134
104
333
457
627
229
510
554
715
500
504
639
134
319
662
383
690
674
552
825
355
93
755
14
530
513
746
607
359
185
45
504
121
96
828
632
215
429
757
234
76
231
731
220
755
760
332
328
246
503
343
152
378
615
332
824
79
455
257
756
563
728
67
637
453
173
281
73
496
168
502
814
68
542
90
21
624
548
75
184
499
599
70
279
663
371
734
374
788
562
303
23
334
469
221
312
596
618
48
530
668
501
513
168
179
811
327
240
809
9
470
809
337
619
646
676
707
697
73
331
545
352
731
752
723
227
195
363
460
464
457
419
176
183
716
808
699
412
803
581
61
247
325
272
612
353
811
99
98
23
5
51
313
111
685
439
107
39
14
531
667
126
35
728
486
423
465
647
310
393
256
567
480
249
219
577
380
138
768
276
281
297
448
364
749
359
793
495
495
137
434
619
722
186
316
340
92
431
479
592
741
675
497
216
415
619
27
794
658
452
296
564
90
40
712
55
69
264
296
638
497
123
722
474
51
445
217
421
469
491
686
442
343
390
730
327
695
363
596
823
711
206
534
188
380
700
757
561
304
393
649
407
535
437
30
200
730
615
610
781
460
268
643
463
647
707
193
461
728
146
550
19
17
309
584
484
593
718
662
784
361
775
396
492
23
39
217
667
552
313
386
759
423
779
34
653
232
618
468
537
198
447
425
828
557
17
34
470
508
813
306
426
217
29
109
239
206
567
785
314
522
699
672
284
227
284
472
281
329
275
96
801
441
411
116
218
741
796
397
757
54
18
590
205
451
572
186
173
724
416
258
585
698
630
74
459
201
802
574
774
368
447
174
12
707
639
45
509
105
419
135
668
574
37
600
343
257
525
482
383
413
371
595
365
727
251
783
174
71
572
37
8
647
760
542
501
124
789
188
279
676
110
543
94
636
201
206
209
735
815
322
821
431
330
609
400
477
620
402
424
46
197
787
733
540
118
69
135
12
423
234
626
534
604
673
356
507
524
408
631
99
735
599
172
821
558
141
88
177
10
450
423
293
186
818
184
716
181
514
33
463
507
590
405
104
423
296
59
823
795
16
374
535
676
369
676
23
143
398
564
663
77
813
806
463
211
75
217
97
242
43
570
564
187
459
172
455
279
117
507
414
803
162
819
543
563
253
384
327
825
598
778
20
423
660
4
337
494
232
287
472
81
696
61
272
41
637
579
411
242
721
123
404
127
48
283
631
218
273
216
117
762
769
826
248
120
96
36
485
536
38
631
690
34
729
256
160
743
262
353
668
768
419
448
246
85
426
3
585
591
190
112
446
517
509
78
467
480
586
133
718
795
492
570
320
821
96
486
58
82
276
144
820
170
527
342
499
9
807
718
415
568
504
665
397
567
301
443
591
409
731
158
585
425
476
494
7
42
564
343
487
405
574
720
353
531
505
222
97
48
331
470
146
499
140
298
558
43
380
666
299
599
45
689
159
87
330
70
744
380
259
92
780
817
12
622
177
68
209
61
691
288
686
721
751
454
716
59
781
604
721
107
419
575
207
313
98
628
16
274
52
783
408
735
544
423
732
700
156
589
705
719
631
85
689
301
292
737
645
48
567
113
419
332
403
520
46
423
429
539
75
379
177
157
261
697
230
479
709
507
481
582
411
815
14
675
87
62
627
12
160
561
388
115
801
563
735
418
426
514
646
586
503
419
282
516
113
113
829
335
811
654
409
52
227
698
629
492
254
149
120
14
302
24
385
552
282
535
254
785
218
281
640
58
440
190
388
337
650
66
494
437
637
406
424
645
808
737
502
408
607
629
618
311
11
734
104
571
244
469
62
689
804
141
290
290
651
502
477
47
381
111
67
116
422
751
736
355
776
149
353
216
519
212
250
759
567
5
817
551
452
31
237
526
100
472
22
224
559
411
716
262
678
539
346
75
349
235
21
354
294
715
99
322
261
427
314
571
781
460
380
767
168
787
651
348
461
595
75
777
310
63
236
590
199
190
29
68
110
72
663
6
304
412
94
1
56
142
158
97
522
362
309
372
33
474
704
601
454
746
45
584
699
760
667
510
479
356
686
251
636
756
165
437
432
687
463
461
402
810
522
523
571
779
695
686
67
759
295
799
392
682
608
636
431
457
378
11
173
469
271
249
673
668
530
819
294
123
39
391
211
278
24
797
157
70
612
211
39
70
590
589
424
225
315
285
449
807
31
50
373
212
545
682
710
724
814
320
499
120
27
187
239
160
179
455
281
285
229
702
756
5
794
40
650
574
788
611
255
452
183
416
261
84
796
784
751
543
641
163
414
829
29
160
654
470
814
65
620
188
58
327
330
202
385
405
187
174
458
107
208
580
55
821
477
220
446
548
411
25
347
213
493
628
205
813
363
500
827
460
566
371
64
663
7
791
716
387
325
383
543
775
262
781
745
377
413
89
278
581
115
166
450
322
405
272
444
72
428
679
29
741
309
185
52
432
493
283
214
461
158
755
417
654
273
660
717
681
234
204
824
592
198
449
442
629
586
164
338
615
666
52
420
646
307
589
264
96
411
568
140
797
736
349
585
244
779
721
253
548
171
552
743
289
122
433
389
443
821
119
337
753
172
446
790
514
542
142
523
171
606
538
189
804
122
423
365
132
785
781
221
283
413
521
185
807
570
493
682
521
773
435
86
123
722
487
328
240
622
741
439
771
158
774
311
574
69
274
232
24
60
53
78
549
584
281
337
755
172
597
800
161
369
472
260
500
683
640
526
362
545
606
657
72
787
365
798
343
306
338
308
202
642
522
787
246
396
220
454
643
88
7
577
275
337
680
295
418
257
239
524
345
5
603
718
38
783
665
464
87
331
571
151
724
237
580
415
551
493
763
261
169
26
777
253
701
450
85
27
374
311
766
754
737
687
769
647
191
666
557
131
558
374
118
237
810
682
276
688
33
635
572
779
768
456
503
8
686
715
332
254
753
670
585
750
30
758
663
819
235
303
357
747
537
829
600
96
287
14
159
599
619
456
291
366
80
570
520
782
694
20
238
531
567
305
786
40
201
596
467
295
199
822
498
723
69
465
325
316
490
535
643
571
737
378
698
123
451
525
430
188
542
476
431
273
27
280
484
628
185
141
17
588
210
402
343
68
245
641
366
413
374
307
823
229
497
108
6
359
754
555
475
737
678
778
142
730
63
395
246
775
50
777
50
234
578
747
742
193
491
448
662
400
777
627
530
821
546
624
431
334
237
519
660
356
519
773
153
174
558
206
607
272
640
808
744
575
575
427
84
702
610
451
182
472
704
563
367
574
426
210
402
815
616
212
707
613
39
223
75
572
423
395
181
466
333
20
327
722
698
518
92
413
129
613
105
343
550
733
444
349
631
810
720
754
759
403
556
357
9
173
3
93
25
451
247
385
4
599
227
779
667
24
588
711
655
151
531
486
245
420
23
757
269
445
331
798
320
484
419
99
823
328
778
616
318
66
813
417
156
593
586
36
499
623
444
250
205
797
543
176
398
37
641
589
23
784
83
102
224
526
637
829
116
444
68
51
804
47
462
701
457
524
784
587
250
211
715
373
126
648
509
312
426
105
551
642
121
765
253
264
775
618
589
417
578
143
386
61
270
74
712
550
142
470
734
357
257
215
80
565
204
378
648
803
169
763
799
419
481
336
99
149
64
491
501
127
703
479
814
90
530
540
823
597
142
217
516
105
358
554
158
491
66
691
503
94
79
146
811
553
597
256
351
544
751
570
327
760
365
391
556
133
706
662
555
796
563
183
790
243
31
487
627
444
449
707
610
158
530
126
513
130
212
761
278
230
196
443
364
549
140
197
73
514
573
735
767
309
242
36
539
296
30
40
544
239
415
823
505
694
785
809
216
411
525
806
506
760
584
81
275
69
309
3
450
806
759
381
62
16
241
18
708
284
30
305
659
370
383
189
217
291
65
17
586
545
61
20
22
795
277
253
34
583
344
243
205
487
614
401
459
284
310
789
606
335
132
641
440
561
358
23
49
553
486
210
406
252
228
352
251
578
79
671
353
145
106
218
754
320
194
608
532
19
146
50
460
283
30
693
426
621
361
407
375
143
385
487
397
738
722
670
58
686
357
371
607
391
812
14
460
14
180
210
511
211
614
484
564
809
206
563
761
113
714
132
171
422
455
297
576
406
429
58
482
331
788
514
765
639
14
685
529
315
641
811
720
260
734
585
318
589
676
500
768
573
106
448
452
31
732
365
241
714
597
709
248
728
656
483
736
319
127
135
237
531
655
627
574
620
765
806
245
271
649
377
24
632
544
588
227
82
218
556
429
27
437
694
202
29
114
574
559
17
31
661
388
511
28
151
688
291
656
87
10
119
351
194
783
536
651
652
286
643
40
487
601
308
68
147
570
198
797
635
341
167
704
668
404
629
109
504
579
666
398
577
53
55
813
583
478
71
675
477
825
791
18
489
599
220
446
255
754
493
571
239
788
335
652
487
632
532
323
819
377
329
676
693
443
438
486
288
588
15
454
826
297
557
557
771
682
735
441
372
287
61
422
294
4
497
318
52
12
103
743
739
336
2
662
65
759
430
14
268
170
738
512
276
537
497
130
281
113
816
634
792
329
299
36
258
632
669
545
216
684
653
91
476
38
419
752
755
440
531
278
461
276
473
127
355
442
258
776
772
566
572
377
162
219
221
609
68
72
576
321
117
665
678
586
830
422
254
543
33
823
121
254
292
619
791
424
228
323
369
498
18
793
113
773
472
799
803
302
73
519
521
70
817
654
490
657
588
335
161
331
666
2
4
531
513
726
226
2
822
675
521
711
388
84
769
786
714
440
484
221
224
150
162
363
799
247
354
360
136
774
66
88
187
257
251
108
746
670
183
629
493
484
445
103
523
39
484
67
560
264
392
178
262
651
453
157
204
251
731
393
137
675
782
757
141
558
486
169
135
13
361
150
470
47
199
392
494
8
584
514
798
728
695
443
703
443
684
547
647
669
531
644
21
50
341
49
270
533
562
180
173
573
181
14
225
231
37
736
631
822
195
445
704
91
727
194
649
119
758
409
172
455
559
281
206
578
588
565
152
58
714
451
63
246
327
802
459
185
314
282
479
518
303
60
267
337
441
112
599
486
767
431
85
781
220
247
600
36
626
164
780
516
104
762
535
607
109
372
200
110
448
708
287
614
21
18
306
291
407
545
250
683
365
571
16
364
127
696
536
253
562
603
49
237
111
285
180
525
190
687
80
101
607
231
305
216
554
132
764
437
604
691
693
442
562
257
534
345
729
750
436
41
380
472
541
573
136
15
321
300
618
21
515
519
766
443
60
720
297
425
795
229
812
764
521
271
581
661
387
222
622
368
282
807
446
223
137
739
726
596
634
676
276
251
55
603
367
208
114
20
14
136
704
247
672
434
456
6
80
505
423
234
407
752
550
556
544
773
447
579
562
240
629
758
252
396
184
625
333
643
266
817
521
361
615
618
577
654
76
388
657
766
363
710
385
777
417
739
411
736
301
196
148
209
456
515
12
515
774
406
507
24
90
145
553
399
506
284
284
26
291
89
452
671
31
666
112
298
484
451
111
531
105
73
501
100
741
614
182
299
80
466
804
401
786
411
45
416
17
160
197
54
278
175
290
125
579
183
467
478
468
89
583
301
347
570
71
161
341
24
528
515
561
671
456
636
709
406
374
76
57
755
508
762
132
404
830
9
107
314
29
805
545
428
767
167
338
518
424
164
358
784
396
331
213
218
41
564
559
809
643
315
572
95
22
339
21
234
209
745
566
173
633
641
699
342
129
731
463
307
712
423
761
370
347
515
658
193
64
743
743
510
810
210
615
388
586
311
700
31
79
152
746
134
50
313
458
321
440
334
657
240
418
672
469
478
383
674
592
706
727
152
242
140
134
330
802
725
747
816
237
626
225
706
244
333
203
414
522
316
686
345
827
173
22
483
663
321
507
315
749
154
567
593
225
460
53
585
563
569
510
285
150
119
216
114
641
733
66
79
147
643
753
593
548
426
38
199
203
624
353
476
280
121
134
339
112
596
65
248
462
441
335
598
161
7
540
357
813
374
767
176
408
285
755
629
656
377
279
220
673
271
525
608
257
520
34
606
791
778
780
751
361
244
457
108
165
661
417
225
813
521
168
562
356
685
423
489
593
674
289
34
6
688
239
474
454
100
149
663
315
192
456
585
321
778
580
41
50
157
719
32
639
127
522
417
688
202
536
679
335
165
518
660
47
162
119
112
829
270
803
794
3
357
191
463
260
812
650
700
606
152
799
289
447
807
75
58
714
262
154
106
20
729
700
314
268
356
654
57
202
433
466
511
308
502
722
782
402
379
34
370
434
82
152
354
534
725
418
328
121
169
262
674
801
192
358
629
573
721
493
114
584
292
75
171
797
396
322
180
51
819
554
186
721
525
216
636
466
223
406
719
651
93
620
78
67
200
756
122
656
763
179
494
618
422
633
695
772
613
81
121
508
784
495
725
12
481
742
543
375
677
318
217
282
811
439
566
303
74
671
385
195
122
484
398
88
308
167
76
403
808
409
87
381
10
786
251
528
540
182
395
724
465
701
384
213
85
385
9
218
823
748
557
778
370
213
95
389
383
27
756
428
55
734
361
753
661
294
679
656
483
189
621
724
774
263
282
645
411
461
128
701
418
662
40
785
390
337
606
360
757
549
181
655
663
485
298
700
715
528
673
146
457
454
413
395
304
359
659
819
44
613
245
182
369
199
137
777
29
571
552
312
104
776
605
197
195
646
746
617
102
454
434
606
133
345
173
684
26
41
339
178
208
787
697
543
685
151
178
681
318
613
614
829
327
782
493
522
400
772
246
528
778
602
759
409
233
542
309
71
343
78
703
596
39
139
508
261
352
536
27
715
474
3
719
290
386
450
569
698
734
140
271
361
633
558
244
207
169
115
95
300
206
817
755
705
563
145
331
353
187
381
42
320
220
274
503
778
440
561
413
220
472
284
215
20
252
399
584
755
342
812
685
14
370
309
453
820
781
114
435
22
733
643
780
488
802
413
263
241
585
293
633
390
509
321
568
675
644
53
622
541
695
778
614
494
242
595
712
542
819
420
587
737
292
345
211
781
179
233
423
694
571
754
411
85
679
648
731
654
209
540
530
12
129
570
239
352
281
246
614
373
198
807
644
335
198
734
187
217
382
721
282
272
17
444
757
234
548
506
632
406
652
113
29
283
257
759
539
533
469
710
452
618
709
32
339
736
237
721
664
261
727
245
390
9
214
585
393
386
639
549
359
792
253
256
9
278
497
358
16
310
144
11
535
504
331
811
51
792
115
174
430
794
797
603
674
806
119
653
805
337
754
454
174
434
817
218
252
3
699
124
704
261
20
576
245
173
775
104
197
91
325
612
469
577
695
689
163
424
665
374
439
5
456
212
346
506
164
367
693
161
715
763
218
649
547
368
829
803
197
412
136
510
436
49
829
438
654
668
783
820
98
32
71
153
99
471
349
280
470
4
87
392
376
480
644
321
687
211
299
219
754
762
407
157
47
159
591
431
632
459
557
361
134
525
350
211
207
55
517
345
153
204
487
663
413
60
136
589
252
715
114
707
228
545
444
460
185
646
315
276
601
366
698
593
804
689
197
752
644
684
73
100
238
753
340
806
754
185
134
223
451
348
414
307
177
736
815
267
613
241
12
85
143
154
701
601
369
731
542
192
71
731
586
719
364
590
613
658
509
676
303
264
614
500
728
114
492
759
30
519
472
717
173
699
643
602
378
309
776
693
349
494
804
677
51
683
829
159
520
399
6
428
121
767
109
654
453
357
804
397
672
338
655
589
352
256
549
361
205
177
568
21
429
487
539
302
16
317
634
314
722
436
612
373
15
540
644
643
697
476
181
453
528
411
767
474
473
113
216
691
395
758
462
420
311
698
552
733
340
36
679
469
433
496
345
113
438
415
154
587
85
311
722
722
827
819
260
549
48
292
715
167
399
145
811
661
177
173
815
156
241
338
630
657
357
787
28
677
390
822
323
451
444
127
736
789
407
719
420
473
428
584
419
759
649
375
540
689
84
18
256
418
647
70
371
35
377
423
595
556
208
130
327
462
136
131
286
417
111
1
727
749
544
385
209
48
759
489
52
237
53
316
781
326
120
656
779
556
585
57
682
43
97
327
12
128
183
302
505
264
313
258
772
719
790
120
468
588
293
608
394
371
507
180
735
259
130
100
366
377
543
251
770
103
521
557
89
667
96
761
580
777
354
803
286
652
473
799
825
65
281
492
483
741
203
235
358
712
160
524
70
392
641
721
231
7
90
722
246
70
744
647
299
688
698
633
175
13
206
607
52
226
693
381
74
42
274
718
807
452
603
751
725
306
496
573
21
655
477
576
352
632
83
141
293
443
647
101
716
250
373
78
180
164
193
611
280
562
120
548
44
487
159
202
104
117
226
88
610
614
341
487
17
761
393
495
8
656
111
734
563
517
641
424
190
253
97
747
396
792
818
22
156
149
486
830
302
765
590
701
432
744
433
26
140
324
755
633
304
43
452
121
522
248
567
530
812
37
742
212
260
263
233
314
314
15
232
179
676
98
691
43
394
35
535
606
225
286
804
170
272
490
698
434
753
266
243
154
286
188
812
563
378
575
339
459
397
804
672
597
39
352
453
486
296
175
231
446
815
298
496
493
807
214
503
574
264
545
305
759
729
189
374
112
380
585
534
287
580
382
30
65
360
282
198
390
560
790
155
292
652
727
233
638
514
92
526
395
432
767
821
533
350
724
504
92
761
532
333
403
653
64
19
542
475
486
31
414
501
680
273
70
652
152
357
611
608
500
534
793
686
555
619
148
596
554
531
718
689
541
606
798
666
366
89
371
539
620
542
366
413
775
776
603
346
724
791
238
705
572
543
4
223
230
427
648
7
77
445
493
481
424
830
152
488
59
482
519
272
375
585
145
33
806
332
350
740
373
526
139
519
273
504
621
469
527
395
822
614
253
535
491
462
449
748
717
212
290
392
150
726
340
94
476
641
776
381
593
371
479
439
569
23
643
126
670
537
304
321
773
119
528
489
466
805
36
188
232
541
48
553
467
542
597
801
359
25
193
384
76
642
634
7
643
556
101
693
19
361
565
277
282
256
138
787
611
722
383
203
439
511
230
489
389
24
405
412
394
336
698
170
103
125
477
562
309
362
574
408
54
409
634
451
120
486
506
354
40
345
681
183
409
73
821
110
137
645
5
739
89
333
216
314
181
124
800
471
56
93
827
285
732
494
102
184
513
102
469
575
785
116
332
122
684
32
428
513
267
689
658
53
701
383
10
396
517
232
724
633
576
741
186
229
540
439
316
29
82
635
57
195
63
487
289
646
768
599
346
286
552
285
455
516
483
111
139
811
101
771
719
607
719
659
788
725
689
605
331
186
823
394
53
322
9
773
773
802
442
335
356
389
41
652
319
478
352
650
286
82
397
375
597
132
703
76
483
281
110
260
515
163
740
204
545
588
530
623
121
202
236
451
112
701
191
302
353
803
259
576
665
636
792
759
373
363
399
70
116
269
124
610
602
174
745
805
683
308
790
520
662
210
748
275
37
134
239
224
238
153
290
702
80
115
620
706
405
412
117
673
269
489
661
687
693
186
101
318
822
755
600
101
398
293
129
822
293
613
616
549
318
302
555
214
564
662
767
376
765
659
197
816
324
684
610
165
131
719
308
324
87
509
429
412
150
396
495
208
145
659
631
299
243
635
326
427
254
536
812
725
186
161
731
206
418
538
643
608
289
340
76
366
390
547
21
560
84
382
68
12
184
140
544
562
624
241
410
95
624
810
442
624
779
783
270
139
369
799
554
65
11
682
791
385
817
697
494
331
781
33
643
392
41
681
377
333
268
116
5
550
313
268
162
549
301
481
650
373
202
10
164
723
365
774
177
98
646
233
347
440
332
309
311
318
428
432
741
118
672
33
260
762
66
599
438
74
171
560
810
787
478
711
732
694
202
662
692
528
830
359
73
279
377
829
185
235
454
766
794
448
706
256
830
195
344
113
222
710
292
818
608
272
424
100
537
438
429
814
148
367
56
478
569
352
374
327
30
609
307
15
358
3
256
355
573
385
401
740
714
362
197
624
178
458
823
524
762
40
116
351
295
82
205
313
614
787
467
701
35
210
746
158
482
484
178
597
413
220
163
542
552
338
241
120
18
155
734
717
422
330
217
288
626
346
500
506
771
323
569
533
459
94
53
411
761
700
534
320
203
80
503
725
7
99
266
477
577
431
438
537
527
71
379
573
694
432
275
304
693
75
101
129
705
780
755
550
602
370
201
526
405
163
447
370
513
476
38
412
779
437
459
351
130
717
781
177
547
34
225
401
135
335
464
426
222
706
440
738
196
435
228
114
776
303
488
738
98
460
9
434
627
432
322
650
57
296
736
685
336
461
317
797
441
735
189
95
242
314
811
708
128
765
544
393
635
54
255
42
477
291
529
217
769
559
741
182
383
329
87
158
473
282
138
146
760
47
405
600
489
194
287
8
609
222
350
14
242
379
585
487
741
127
718
714
538
218
59
567
709
333
298
241
498
534
32
504
362
687
372
78
622
426
401
807
61
702
195
122
683
289
662
517
313
474
410
406
275
634
312
205
587
627
492
603
345
112
43
141
374
304
535
479
329
806
689
365
802
513
501
359
595
265
587
828
461
521
164
568
586
684
201
728
434
475
787
64
312
502
474
458
384
378
571
111
290
355
261
793
553
405
272
390
124
437
774
627
410
508
232
103
386
421
793
432
77
591
525
767
59
101
348
78
109
560
45
516
694
114
505
138
103
529
613
188
673
511
150
525
211
136
272
250
641
436
184
272
571
384
476
252
81
667
612
451
432
601
158
637
169
802
404
514
128
674
172
166
828
528
519
83
654
391
255
81
271
537
63
306
713
46
172
708
161
346
61
253
92
314
90
482
29
464
289
385
319
628
127
261
695
241
43
267
350
539
517
262
320
625
97
436
34
40
44
199
53
234
625
508
580
78
6
595
188
312
166
469
764
192
277
498
485
194
646
174
350
669
370
492
446
737
806
322
711
153
625
171
61
222
2
519
653
12
224
541
530
399
410
470
695
455
607
658
435
697
652
605
96
804
557
310
761
141
266
34
798
294
166
464
702
123
541
474
119
407
140
316
578
275
727
259
825
427
202
683
319
764
415
92
227
235
787
500
611
413
462
824
205
303
699
222
168
456
663
743
387
156
572
425
652
291
217
618
314
313
619
446
452
487
55
681
625
11
684
659
759
787
819
469
503
744
136
554
439
239
312
482
617
176
205
96
329
635
65
382
526
167
26
721
191
635
740
766
810
600
54
384
223
722
109
513
779
63
471
815
21
617
147
195
318
162
730
140
643
51
539
655
359
545
548
698
522
679
708
505
339
136
353
786
469
318
324
249
750
29
21
608
499
86
715
91
23
221
278
519
494
284
571
506
726
592
749
16
108
33
203
662
399
8
393
104
367
560
14
750
819
759
685
400
8
461
590
121
275
7
532
662
734
213
827
793
791
2
420
466
382
764
455
788
332
456
405
623
396
386
619
433
753
429
351
639
334
52
187
520
509
635
600
784
543
256
681
778
434
791
5
779
97
278
532
319
634
445
473
521
288
668
710
504
623
424
68
404
172
550
89
38
233
388
416
340
786
265
325
513
767
41
172
685
781
776
330
413
216
716
354
201
662
618
295
790
503
657
450
744
608
89
807
5
387
652
445
245
437
544
84
290
469
3
620
347
65
81
829
678
776
108
546
398
712
276
574
59
5
591
579
91
305
228
698
362
761
179
142
182
640
634
415
398
575
731
710
394
513
278
289
676
161
335
460
598
193
385
623
239
89
605
203
799
700
599
808
814
143
323
812
490
499
558
641
702
368
507
573
144
130
714
755
661
333
71
123
245
75
377
685
286
461
184
511
34
472
758
272
733
111
799
30
205
119
518
791
583
550
557
212
316
619
575
81
185
468
660
444
209
360
159
713
721
325
703
559
737
285
573
49
487
328
793
429
18
729
179
50
541
30
495
104
566
654
661
358
268
265
42
738
785
453
309
631
122
262
274
233
273
77
447
454
679
772
669
166
768
667
195
243
199
645
611
240
663
767
729
17
826
807
566
535
22
119
103
93
39
246
828
516
631
333
730
672
108
720
34
811
106
785
3
486
84
715
377
764
160
255
740
345
448
236
372
371
755
783
260
515
545
781
88
506
629
382
680
807
707
605
360
570
549
236
586
200
634
462
748
276
548
688
217
133
447
670
312
416
14
76
403
536
601
254
809
657
531
667
269
667
389
573
498
271
267
576
482
438
822
345
54
636
373
264
496
526
727
82
247
550
656
306
200
718
705
716
611
625
829
117
530
363
35
567
34
706
486
403
347
155
172
651
798
828
615
711
160
544
646
234
428
823
665
79
446
348
10
175
621
18
821
405
11
69
260
683
489
183
208
369
8
267
278
702
728
67
800
69
76
144
518
231
549
24
180
671
496
758
661
799
581
250
622
156
414
308
61
579
15
243
747
329
630
806
423
95
258
430
357
423
344
629
737
479
806
701
460
254
651
266
621
120
293
294
135
696
739
344
507
45
394
456
719
360
132
58
403
749
376
84
378
614
691
245
392
668
491
789
386
315
620
689
256
531
589
426
120
748
769
596
145
93
707
691
768
495
273
134
483
361
481
306
619
690
138
217
332
634
83
294
9
348
484
619
513
154
30
806
519
534
448
760
677
419
809
662
282
794
327
805
117
74
355
341
544
803
359
569
546
254
642
440
666
2
36
514
635
817
720
424
333
490
738
135
795
25
251
65
324
444
807
729
620
416
387
355
555
605
258
334
375
188
172
2
157
546
260
137
187
185
306
541
379
815
520
99
473
781
375
337
219
736
96
801
88
425
397
464
604
61
665
701
744
649
789
338
86
472
211
742
161
3
423
245
325
410
55
260
85
724
150
423
259
133
398
385
789
192
427
546
210
361
315
571
363
666
63
675
757
84
538
495
548
442
429
93
231
134
90
799
560
338
358
101
427
676
595
66
290
476
543
659
579
751
354
607
675
196
435
185
423
397
425
453
818
424
460
535
497
462
291
335
244
195
637
599
820
682
252
456
10
581
370
73
520
571
254
412
531
628
532
357
276
538
511
30
513
128
714
540
727
218
295
825
682
368
337
770
721
440
227
175
558
278
336
306
816
556
44
553
640
756
374
278
336
41
603
439
165
792
494
478
36
533
664
83
283
206
378
437
137
241
776
692
207
623
251
229
549
653
177
186
116
557
94
607
715
531
741
72
227
268
123
207
387
169
547
52
757
790
35
546
208
698
123
494
229
646
769
399
461
561
713
547
822
594
352
555
686
404
267
825
331
92
612
783
218
718
126
787
54
87
88
17
611
257
8
85
28
133
511
731
215
509
265
594
138
587
500
583
298
634
149
679
641
348
97
89
767
615
596
44
620
545
98
133
459
655
197
680
610
302
578
692
470
364
506
647
170
392
462
626
431
466
199
500
285
365
179
830
502
714
81
632
453
510
397
122
149
409
642
285
173
737
431
15
375
516
51
64
82
513
348
312
333
659
224
290
680
538
538
84
727
506
690
524
273
267
669
193
467
767
659
354
407
516
375
606
418
824
720
393
356
486
150
200
659
691
653
48
537
105
776
140
741
196
794
716
32
10
505
609
755
787
346
304
524
160
175
441
472
344
213
527
24
408
250
363
37
576
697
656
19
303
778
308
321
652
51
548
591
182
228
767
511
451
27
250
642
86
468
31
720
530
499
506
145
496
458
432
104
194
266
83
735
395
628
816
77
201
474
154
44
262
1
135
229
380
464
362
725
93
175
187
733
416
433
81
218
276
529
645
213
807
722
439
404
369
491
94
351
563
693
228
608
430
151
469
616
224
44
305
521
335
17
483
636
702
724
158
20
354
53
470
557
470
592
760
675
554
24
804
30
501
133
800
656
496
270
474
466
765
333
643
789
468
606
620
543
19
202
92
356
336
721
570
142
467
637
174
3
205
814
158
206
286
692
361
587
762
389
197
582
481
488
805
497
400
81
524
558
434
611
313
578
238
645
608
341
446
268
88
291
294
633
134
792
274
701
595
225
146
737
568
25
548
85
523
198
583
560
353
753
528
495
706
465
525
241
520
578
619
507
659
167
547
308
373
293
691
234
541
244
481
616
626
612
369
788
248
410
243
779
282
477
506
413
212
151
493
732
60
243
209
451
201
211
524
153
86
386
357
17
440
625
510
256
243
713
344
374
601
306
824
525
485
149
243
626
299
509
409
575
763
506
440
15
209
68
175
373
80
446
366
805
477
69
165
20
371
436
200
244
471
527
694
588
211
556
786
722
789
330
435
812
497
829
246
357
479
8
584
92
142
157
326
72
31
78
209
639
288
558
372
56
25
728
792
386
562
89
812
156
475
295
26
356
682
522
781
253
143
55
62
267
504
161
438
553
144
536
113
527
188
12
364
773
424
715
485
29
578
742
544
690
10
27
438
213
177
663
261
132
310
452
654
376
182
619
383
786
356
525
574
319
345
722
122
364
670
315
220
109
676
455
113
565
303
666
802
768
400
751
604
48
632
453
284
357
229
21
411
210
131
244
302
769
254
538
8
470
129
224
817
66
5
417
358
582
689
59
427
593
717
461
293
26
624
627
458
58
32
228
129
674
456
317
508
643
188
805
505
807
320
234
294
223
112
89
619
632
288
35
416
513
750
274
686
526
483
312
624
55
310
820
542
187
466
325
127
86
400
698
733
260
753
157
94
632
598
316
651
45
628
626
676
231
159
533
138
105
452
795
311
390
806
800
548
273
291
678
369
599
348
389
772
540
658
813
653
612
620
553
389
723
266
387
358
811
315
197
776
780
544
511
623
826
107
607
690
581
271
585
520
443
803
427
16
587
720
484
816
440
322
820
247
45
600
792
763
170
301
272
481
411
372
643
393
671
387
345
290
377
707
800
307
594
726
437
818
722
431
334
1
227
729
756
165
168
567
155
693
437
28
209
188
321
505
677
745
453
815
790
255
416
103
527
178
656
783
710
268
63
680
88
59
827
827
824
35
533
775
158
381
249
519
331
695
86
203
817
426
642
235
568
274
586
5
291
83
603
677
434
282
68
230
405
321
823
650
386
298
431
685
674
702
330
427
788
82
552
485
471
237
631
736
56
437
589
422
71
732
117
821
319
683
643
224
751
208
44
609
752
341
198
47
736
384
595
33
129
46
216
370
679
338
362
354
542
208
465
573
181
737
14
84
93
722
671
292
789
402
549
472
546
735
34
110
158
272
337
347
267
490
409
492
618
286
17
701
482
749
337
446
219
607
106
86
743
573
47
445
582
296
512
172
317
88
338
562
442
273
56
408
302
374
583
280
203
141
587
273
35
709
649
355
96
342
586
699
542
752
499
356
331
672
728
229
382
131
755
356
582
768
508
164
141
351
125
697
386
150
188
237
592
77
45
285
241
686
756
48
577
250
400
590
320
650
262
600
263
599
390
309
284
805
648
785
232
454
467
746
747
427
133
445
306
438
419
578
279
609
118
292
245
180
28
154
410
525
302
662
625
412
265
200
646
802
235
717
333
418
241
725
416
221
505
798
161
416
38
349
175
84
793
60
688
19
134
27
743
507
616
367
794
779
456
247
315
426
183
290
828
319
741
293
362
192
30
304
452
559
744
148
427
755
442
343
371
350
392
198
410
779
532
242
502
484
260
22
150
773
19
762
804
341
92
711
754
421
294
399
362
725
608
418
721
69
350
636
134
775
78
488
142
134
92
204
366
650
782
356
58
312
457
435
494
500
406
617
701
79
723
272
537
493
537
614
192
435
593
246
237
335
682
645
578
317
20
142
364
710
302
400
110
790
2
830
256
503
180
674
672
142
71
74
196
590
322
9
711
814
182
719
147
719
544
138
374
112
221
297
406
750
472
270
731
234
751
726
224
216
621
121
721
343
21
655
199
164
562
484
156
546
668
666
821
612
188
209
636
447
577
598
21
139
104
52
228
65
384
78
552
429
519
768
318
458
72
702
460
619
153
721
418
556
99
203
21
550
393
510
169
674
281
373
60
311
823
50
476
704
321
177
595
821
742
603
583
693
630
688
536
248
417
605
257
103
599
792
390
427
70
441
517
457
498
133
60
604
572
550
591
93
622
185
83
398
650
565
314
777
482
708
330
238
103
644
4
644
798
83
572
618
665
276
491
117
370
803
584
658
349
491
243
286
192
433
243
269
675
262
640
576
518
752
688
262
376
407
759
632
72
674
202
355
268
461
491
315
575
808
364
710
652
586
53
824
665
790
453
355
612
314
561
244
378
534
29
678
607
458
606
351
238
111
134
73
613
181
203
198
37
41
761
304
705
465
548
221
228
430
535
303
399
441
46
100
200
438
349
350
18
635
528
649
272
487
645
131
203
463
510
136
607
329
680
753
54
702
449
770
760
167
731
292
347
775
267
244
759
624
686
199
203
510
540
331
310
293
176
126
650
769
144
284
364
614
442
113
664
747
49
630
677
241
290
306
94
417
5
69
60
802
237
610
228
71
116
277
116
821
91
119
329
385
176
228
52
696
124
407
760
666
314
420
350
404
726
184
561
382
560
332
69
718
722
475
632
807
413
829
494
630
555
666
45
512
186
604
44
604
770
451
732
352
51
631
269
372
813
411
789
280
542
396
442
194
714
692
180
508
210
350
53
425
343
666
563
629
240
826
793
306
560
775
245
820
653
342
811
375
268
614
432
59
546
466
586
660
182
370
705
528
34
711
781
85
819
136
358
373
604
590
634
326
578
489
325
240
297
424
371
608
114
626
572
506
760
608
748
155
275
460
138
589
783
546
78
804
110
802
780
258
712
122
22
322
619
595
763
763
574
128
145
656
412
8
485
755
388
19
777
736
637
164
576
135
698
261
270
510
785
360
263
674
576
224
44
89
354
160
602
586
490
469
418
39
699
736
469
303
428
173
510
824
195
795
90
203
503
263
638
333
604
765
3
165
598
830
766
582
112
823
133
644
682
814
199
205
40
798
26
450
120
611
192
388
625
164
439
687
550
612
127
141
563
810
137
753
509
418
327
235
90
447
246
714
319
330
185
563
509
89
827
64
680
170
500
783
311
461
295
55
66
348
105
646
618
69
565
439
310
63
168
791
460
361
548
617
284
616
759
305
144
271
457
652
780
519
578
54
634
599
794
453
459
794
206
228
772
334
363
245
509
245
51
553
795
39
25
102
179
745
661
632
246
715
238
62
828
397
368
47
438
644
364
367
633
597
425
410
255
558
159
653
669
12
550
665
231
748
114
80
517
777
323
789
702
121
703
451
341
633
203
565
636
85
656
23
330
778
624
520
787
591
306
236
576
557
420
818
623
159
522
336
128
129
316
96
20
237
143
685
713
13
466
732
502
713
34
261
815
384
453
776
333
122
147
283
540
817
306
620
161
361
674
32
107
338
403
2
130
272
701
713
710
667
826
154
682
129
762
360
629
468
92
247
816
424
309
267
402
24
659
670
507
468
784
588
303
826
126
154
374
334
211
263
338
794
724
238
89
197
795
236
50
241
481
325
395
280
810
358
532
64
523
409
523
33
266
440
37
661
292
552
663
218
19
57
211
185
525
158
193
685
429
305
544
60
404
646
741
100
696
554
225
388
630
304
485
437
112
368
352
31
514
540
786
400
157
595
354
737
502
343
583
536
609
627
560
185
355
228
398
214
177
7
274
101
160
99
324
815
785
628
531
188
500
236
786
202
80
433
502
57
780
47
69
769
397
146
344
440
737
463
329
788
134
324
692
464
733
488
736
233
412
787
827
86
435
408
589
529
699
12
365
247
277
306
656
37
141
77
129
718
544
810
22
321
409
382
794
416
173
524
243
13
826
205
210
713
651
211
783
612
550
816
571
355
394
443
121
260
209
193
50
578
329
298
574
471
78
796
768
690
461
112
817
455
356
521
170
360
809
189
518
294
482
453
27
610
214
238
492
126
372
181
670
184
544
598
445
819
73
218
633
400
521
501
431
41
576
411
450
372
381
583
264
461
564
818
421
591
151
799
276
566
448
449
117
427
565
219
537
818
477
605
52
555
256
581
315
247
174
648
510
153
710
369
456
19
215
301
795
45
32
403
244
672
280
828
134
58
691
631
566
128
72
573
273
392
792
801
656
343
790
403
595
244
293
366
819
151
34
94
292
585
406
744
574
8
777
521
346
341
601
652
129
218
281
779
690
738
256
326
377
254
758
572
594
722
629
555
487
191
709
739
350
249
404
27
415
189
608
43
701
34
5
359
582
338
70
614
533
738
488
601
226
704
87
205
385
154
254
151
108
428
289
311
767
513
502
672
312
761
134
709
600
328
730
454
500
620
590
659
290
450
799
773
647
152
272
293
564
518
470
257
812
191
707
689
740
412
5
222
600
600
601
704
144
586
262
230
471
182
429
748
20
454
262
830
76
824
175
577
799
586
787
707
572
548
812
399
290
607
292
663
129
387
338
702
659
627
257
506
125
583
819
288
400
391
220
585
131
792
743
438
389
743
305
551
135
660
644
269
85
522
307
88
243
258
199
629
502
633
3
523
721
568
35
422
123
572
240
807
686
43
107
678
615
808
84
10
218
379
2
727
65
705
353
490
685
583
713
519
664
497
687
399
3
182
54
78
180
623
412
510
437
417
772
787
22
55
139
323
724
109
690
323
415
420
315
676
404
640
154
276
548
487
50
288
309
594
382
2
149
468
408
464
587
168
280
418
44
633
576
261
544
737
329
575
426
651
208
518
87
223
672
572
332
770
285
320
159
782
45
365
486
571
189
592
545
197
478
718
633
200
142
485
158
773
369
520
625
458
172
169
282
768
77
81
301
109
818
258
6
712
723
648
604
63
479
10
275
95
381
334
381
529
748
348
784
22
197
212
447
212
89
366
186
375
149
105
334
560
412
666
627
555
789
284
697
583
301
704
121
732
266
590
151
464
333
299
628
645
527
42
759
137
244
141
443
325
542
552
688
628
728
208
127
69
250
538
792
201
124
295
684
365
206
59
177
127
404
689
706
169
75
668
45
259
497
774
115
689
10
111
445
146
606
791
53
24
802
273
631
717
793
290
137
24
719
756
409
723
393
474
760
462
600
245
484
370
179
828
695
398
251
645
674
309
254
330
582
285
728
107
791
301
395
227
280
651
351
344
153
164
518
261
509
442
523
639
816
530
534
168
822
695
551
355
181
164
768
317
367
275
74
756
139
669
398
766
624
571
35
589
327
517
714
305
360
814
12
87
15
122
623
726
20
428
508
808
90
312
25
590
11
132
483
641
36
415
819
302
772
653
49
626
682
151
726
385
193
481
808
230
597
571
374
543
381
385
333
351
385
126
542
688
73
386
374
174
82
285
425
645
150
174
242
255
816
296
200
612
387
537
826
828
664
616
266
83
10
212
203
579
650
601
376
559
38
640
743
66
599
190
307
204
397
81
121
584
331
211
447
578
170
268
315
504
338
681
81
413
7
177
95
483
787
203
780
166
175
216
17
503
137
98
609
762
663
800
347
72
105
554
808
48
3
654
137
824
167
640
484
695
460
827
439
155
140
731
131
470
11
535
829
239
63
217
160
422
53
789
357
702
381
433
612
649
811
22
30
682
108
764
719
166
505
200
477
528
260
609
147
484
665
96
433
386
160
495
758
612
214
688
380
302
359
547
165
169
121
692
345
423
799
621
175
659
130
150
219
582
156
310
140
263
494
394
498
116
123
764
675
349
588
163
592
242
126
260
283
556
282
151
794
634
498
254
510
269
724
674
278
392
14
591
490
714
445
483
611
572
331
278
762
398
542
535
605
163
408
799
660
515
96
90
334
104
548
733
104
205
174
562
78
79
108
89
650
747
155
749
16
724
677
165
186
441
508
341
478
473
110
280
508
219
517
660
465
793
721
364
343
473
469
704
86
450
168
88
410
132
212
613
103
292
162
315
117
179
150
355
383
339
107
770
342
394
575
574
760
365
304
770
412
330
139
655
788
157
423
89
329
467
740
435
802
352
733
625
718
289
540
315
97
801
656
171
618
626
258
218
141
718
621
780
562
269
529
118
465
777
827
85
497
290
226
507
459
315
484
423
736
268
554
453
705
4
197
368
424
780
117
654
119
254
37
730
379
339
801
557
643
696
441
143
807
85
827
150
830
696
105
31
523
753
785
499
141
143
635
545
632
574
247
426
403
806
157
422
774
768
3
711
399
660
77
444
178
155
309
518
759
662
737
712
420
454
690
146
463
325
613
82
665
246
127
366
541
664
781
377
147
424
752
593
467
419
626
445
644
197
450
539
626
43
220
622
503
88
347
232
702
652
121
91
6
400
759
143
820
696
727
134
598
665
689
569
794
256
281
201
322
234
529
74
266
365
169
306
49
42
358
62
121
65
761
483
315
174
742
150
504
22
135
182
493
401
447
800
469
355
448
754
206
489
205
381
46
795
588
432
351
642
709
792
701
320
245
808
825
67
423
138
210
397
360
129
155
129
493
294
440
651
803
467
699
116
296
564
263
702
26
104
170
638
289
401
268
822
651
826
78
507
32
718
795
495
690
723
27
89
63
356
68
673
728
740
408
489
379
787
268
599
203
709
147
355
3
714
261
133
760
266
576
487
700
250
727
488
583
680
742
550
206
14
145
12
404
116
802
617
323
506
224
262
544
167
336
182
498
88
396
692
151
72
543
9
401
440
175
401
758
797
617
232
754
550
595
731
312
812
267
569
9
305
657
372
615
729
156
252
408
604
230
824
626
383
359
658
307
393
815
10
98
586
8
613
538
542
298
433
726
658
26
204
747
517
619
48
24
708
205
566
175
465
604
88
370
328
77
754
316
776
204
382
469
718
505
467
254
495
417
119
331
688
282
363
755
465
522
219
187
332
486
709
288
570
268
187
351
80
425
659
211
419
796
676
445
10
104
165
9
235
455
473
716
359
699
796
535
33
555
296
640
627
717
351
422
645
344
665
342
70
739
208
576
350
128
74
537
62
211
599
75
101
128
474
737
746
454
320
39
585
462
528
801
443
803
202
374
729
504
622
213
48
163
589
620
122
332
27
294
515
803
272
674
122
343
807
217
169
772
27
511
719
485
592
381
749
91
648
364
45
763
270
99
494
195
696
111
626
385
735
168
637
718
463
723
23
512
394
807
520
552
631
180
46
720
313
615
697
402
327
403
1
274
166
190
768
688
519
230
340
493
227
498
126
241
747
80
392
720
578
27
468
421
220
403
731
778
820
714
502
105
825
173
660
377
559
2
71
775
89
192
808
700
40
188
514
576
234
597
360
32
193
426
65
573
255
713
80
333
552
593
318
342
678
809
99
76
712
499
805
214
603
29
9
303
367
783
591
445
740
373
489
800
95
379
19
411
685
672
25
610
395
358
131
726
285
120
132
701
22
607
51
720
321
95
729
447
827
762
678
206
416
733
751
680
89
567
384
133
541
796
541
441
454
696
564
172
571
228
596
592
376
144
498
544
756
374
283
265
132
195
666
14
608
302
263
748
302
57
565
213
527
470
657
487
15
561
731
138
735
8
475
542
313
63
511
349
800
176
764
20
22
216
7
751
611
423
156
513
252
673
198
282
478
42
605
347
193
178
369
215
499
803
398
538
574
648
15
749
589
374
688
400
359
652
513
7
254
522
199
681
527
759
461
235
652
269
401
300
665
739
770
162
577
672
758
745
673
537
151
663
683
723
465
656
387
717
298
90
602
504
92
431
597
710
18
199
687
227
494
217
34
367
48
652
507
610
149
548
235
401
602
217
647
56
429
183
695
363
829
51
595
449
414
106
231
364
772
63
175
493
505
428
342
388
653
376
828
115
442
705
527
128
612
784
425
654
716
607
405
256
699
114
414
332
502
9
470
197
58
49
678
233
779
252
58
173
485
126
255
548
182
228
636
558
14
45
615
314
581
536
571
476
214
419
33
575
75
532
710
457
361
402
824
479
361
87
279
108
728
77
593
366
174
365
608
451
154
293
136
639
116
25
315
234
28
812
807
664
633
42
350
675
724
580
616
731
682
689
767
117
683
227
671
193
488
796
271
213
175
813
343
122
535
161
476
784
634
180
815
269
692
372
469
224
552
524
270
416
657
519
367
647
21
413
436
203
490
579
59
217
768
390
766
377
10
737
708
301
541
84
145
379
669
529
93
639
36
696
534
578
399
798
526
441
375
131
477
483
233
457
66
579
228
304
669
87
653
660
397
349
214
543
165
572
247
394
121
511
45
328
523
773
41
480
306
752
463
349
392
390
55
130
596
305
271
572
746
386
60
117
15
285
247
499
738
476
732
821
120
644
659
166
38
25
626
566
164
206
91
692
399
526
233
70
341
713
522
624
760
631
507
242
402
270
675
213
435
407
544
300
368
129
98
414
602
674
41
602
666
52
73
180
365
610
648
312
289
404
511
214
225
188
549
516
549
161
287
135
213
809
288
373
781
140
618
211
683
384
421
387
733
219
454
721
715
9
555
777
490
224
39
768
628
146
300
757
214
760
448
781
148
769
564
734
341
770
374
605
423
167
345
543
529
715
65
518
571
146
598
106
67
255
635
275
65
611
644
751
69
159
377
356
687
148
707
245
819
148
792
811
735
828
428
562
714
680
619
660
734
674
611
754
645
778
45
19
466
640
741
708
549
788
417
150
152
569
667
260
581
293
759
309
380
573
375
409
17
700
805
662
412
25
680
239
713
511
146
476
273
240
487
225
526
135
747
284
418
45
437
171
760
419
13
705
279
686
189
254
302
258
728
229
515
196
322
147
645
416
745
147
155
453
313
27
704
380
471
414
747
524
384
523
826
710
492
491
264
574
782
408
423
588
207
405
447
101
354
82
170
7
680
517
758
23
155
299
352
340
172
728
584
348
444
107
534
23
761
629
442
186
211
821
358
278
442
664
313
91
417
362
449
83
199
706
301
346
74
22
365
164
347
271
384
745
718
525
614
103
544
60
591
695
370
711
138
656
316
732
701
289
328
363
222
5
102
208
5
78
496
584
793
121
4
56
49
624
174
399
146
247
789
190
387
741
5
501
344
54
473
558
118
439
17
535
434
663
355
616
205
399
607
711
61
773
86
108
775
251
284
757
420
644
505
743
435
58
457
729
117
589
635
345
395
153
734
293
636
778
434
443
292
430
259
789
485
515
791
260
271
675
684
581
431
14
178
356
705
271
550
682
220
126
152
324
811
277
469
8
256
107
665
728
215
390
39
338
620
169
473
549
189
672
70
369
32
374
662
665
720
821
552
107
328
238
341
595
705
366
592
701
389
240
163
379
752
450
403
62
630
79
684
554
303
641
691
149
661
577
789
401
561
329
649
557
342
308
488
779
707
3
446
416
503
821
315
128
134
3
93
678
407
631
455
464
231
642
682
125
708
276
119
535
274
451
619
283
388
636
753
214
684
296
466
259
361
217
416
90
109
747
557
95
77
383
771
790
28
395
402
114
319
442
801
489
748
230
397
586
700
700
97
440
640
423
454
590
188
662
525
221
749
292
100
65
750
16
369
438
4
143
63
430
315
143
156
623
578
413
73
749
602
203
808
427
772
645
184
202
679
12
270
511
5
246
250
543
821
537
157
828
350
677
808
254
263
16
778
737
711
371
539
254
339
316
695
620
228
558
311
19
620
778
270
78
475
487
637
636
534
665
489
578
37
382
426
66
419
676
249
231
741
92
743
818
456
403
438
526
62
520
314
245
467
738
478
120
179
202
58
263
389
599
222
58
540
296
564
577
565
166
115
323
124
30
521
311
96
101
88
575
220
743
750
81
427
781
264
184
827
663
464
426
152
238
52
242
390
181
561
24
613
730
829
473
642
823
360
572
494
661
367
281
83
602
706
482
138
829
566
825
114
499
331
113
438
372
461
387
686
360
23
500
746
777
381
46
368
689
719
115
355
713
288
499
464
203
828
803
349
223
297
705
382
735
411
665
631
681
667
439
705
19
750
631
92
294
385
299
497
299
442
269
186
736
76
126
700
35
419
253
562
310
538
806
152
533
292
157
295
56
419
197
263
575
377
58
489
789
767
336
456
207
187
725
769
807
144
318
478
769
689
481
755
467
160
795
92
825
401
206
814
149
706
358
230
351
689
504
276
267
677
531
508
470
329
605
75
470
536
402
363
817
506
574
447
579
383
280
589
728
567
582
630
822
366
780
629
667
277
281
817
787
46
637
363
339
675
220
218
83
657
305
734
244
540
453
488
410
289
29
706
367
549
85
9
151
698
539
763
309
566
402
172
313
104
541
296
288
17
449
777
495
800
275
133
485
311
564
202
327
674
192
109
774
664
326
393
680
281
296
407
261
741
124
672
331
172
262
630
282
762
824
498
164
256
299
68
632
79
70
329
682
513
143
107
649
324
252
304
338
393
206
573
539
749
261
780
793
571
85
503
766
804
573
368
736
345
47
751
580
177
822
388
410
46
155
495
397
58
453
19
280
829
188
550
357
504
203
613
768
483
306
344
696
170
113
30
751
432
725
380
391
574
48
178
329
12
223
146
422
109
256
369
809
355
675
30
82
462
795
356
703
448
573
141
492
727
431
528
688
421
507
44
412
509
170
422
213
157
303
758
49
640
4
809
374
36
706
184
622
811
237
52
677
203
16
456
223
759
324
541
259
293
331
747
65
109
352
93
437
114
639
78
767
465
159
477
769
690
488
123
334
353
674
391
18
748
474
319
804
771
548
34
422
800
647
572
711
40
559
107
781
749
30
715
468
445
78
618
317
37
90
129
146
553
253
780
658
674
173
718
130
114
494
655
403
322
255
575
328
505
732
780
430
371
353
797
139
193
819
372
608
295
450
606
304
673
447
724
770
726
81
446
298
675
464
443
125
568
162
277
519
466
424
300
453
726
683
150
698
247
613
100
153
468
507
665
177
403
570
153
643
821
683
127
556
718
509
479
508
526
83
751
366
713
250
723
425
6
830
319
517
206
258
816
283
787
27
184
20
335
339
108
100
131
808
289
148
369
669
211
759
554
798
747
508
354
543
54
807
590
600
481
591
395
6
113
92
382
559
200
324
797
142
16
304
789
263
614
529
465
80
81
578
375
655
572
709
664
256
502
27
675
464
24
522
519
760
647
193
753
513
726
475
528
206
687
745
712
811
760
290
508
51
154
692
128
34
755
370
418
524
372
389
721
26
507
782
792
752
531
106
818
103
795
805
712
238
749
216
726
61
288
507
586
672
260
21
456
531
614
770
249
202
243
739
807
600
507
510
242
590
446
219
346
486
404
804
492
421
463
61
10
604
56
275
383
181
471
74
625
100
626
150
484
248
312
21
549
170
615
457
807
599
64
285
58
600
811
321
253
650
340
643
751
791
472
425
654
677
325
785
768
502
690
787
536
414
60
268
652
294
354
704
263
539
403
228
780
299
645
25
162
685
149
369
714
219
524
95
736
257
817
659
601
314
473
527
547
416
501
765
398
337
619
609
584
547
248
364
54
10
365
571
738
454
128
255
772
511
379
243
151
537
458
139
747
420
455
718
731
672
464
619
198
693
743
634
565
610
307
383
213
462
408
811
483
251
345
228
407
305
647
369
674
575
692
209
396
341
186
752
6
199
751
331
772
463
825
377
261
544
182
583
206
98
241
283
638
456
585
294
811
48
763
353
275
139
235
420
340
152
432
485
185
66
661
509
46
282
624
447
677
551
418
665
199
390
521
130
813
736
140
461
312
729
300
189
149
92
365
723
677
538
726
772
767
712
805
420
587
659
494
152
678
320
102
306
617
792
481
713
613
238
372
70
744
520
696
607
546
728
251
211
782
439
101
460
310
319
3
439
466
769
343
667
673
536
523
236
409
281
187
588
294
782
740
650
309
816
672
129
755
277
540
608
547
620
194
371
357
254
102
618
620
547
148
787
1
743
172
306
323
46
614
32
444
5
98
755
71
520
533
453
787
627
534
520
349
675
413
255
570
684
799
692
588
605
452
67
110
508
44
137
594
469
535
44
538
228
614
347
660
559
364
562
639
433
209
124
505
583
223
459
491
576
245
53
326
488
340
69
314
516
83
465
683
118
352
291
428
479
257
363
616
310
456
32
274
18
765
394
59
762
225
59
731
10
553
372
476
500
449
165
40
669
682
803
824
392
542
572
716
74
827
143
22
297
768
508
515
738
99
688
704
793
643
71
491
700
479
558
282
668
497
156
146
265
129
633
274
819
384
775
123
418
563
225
559
481
690
320
83
463
526
51
116
209
174
296
608
352
777
551
204
644
603
236
266
404
790
271
150
597
428
426
764
64
17
816
750
332
452
761
241
756
633
245
76
521
588
52
389
606
666
193
123
348
470
620
792
765
651
11
61
163
347
616
807
603
593
385
673
86
439
551
221
139
5
50
17
389
506
785
757
230
819
223
174
476
795
512
103
770
535
412
651
167
253
482
209
33
105
206
493
368
367
311
770
779
596
108
375
257
76
105
469
388
637
78
708
320
811
506
355
70
343
771
468
668
802
387
521
69
169
41
204
591
392
362
324
34
95
803
466
548
679
110
154
623
793
3
448
378
420
553
555
617
141
140
64
286
747
313
101
463
560
825
133
46
13
723
498
243
2
203
123
394
112
466
466
575
64
55
516
170
39
214
585
798
377
454
486
526
688
513
672
692
148
60
601
766
756
430
97
80
431
603
68
526
1
485
140
153
380
712
533
241
609
108
490
536
508
825
828
257
279
813
439
392
778
285
579
386
283
201
415
57
723
27
393
724
228
709
608
519
194
582
750
276
663
161
825
450
159
381
412
411
417
638
12
544
420
438
209
246
290
524
213
631
164
600
761
249
440
104
653
288
680
27
408
354
756
255
371
292
431
641
409
829
572
664
323
263
280
161
656
303
692
118
730
151
538
195
583
428
779
380
465
480
648
272
741
499
619
375
292
585
582
179
40
527
812
78
779
469
283
755
452
409
382
351
62
67
732
762
283
780
728
363
220
373
105
57
823
119
444
16
88
399
814
236
238
551
233
438
173
492
265
615
303
59
225
441
122
117
613
81
447
164
619
86
611
362
430
262
411
131
270
587
618
222
449
635
411
710
73
822
226
619
299
793
652
314
703
424
245
117
325
675
288
288
823
464
365
309
745
718
212
380
715
755
374
682
691
186
474
188
815
134
486
558
769
142
212
276
405
77
333
103
159
263
479
71
259
105
458
264
93
133
583
245
576
197
80
325
199
397
509
175
529
189
765
200
663
232
354
641
790
422
607
651
129
601
57
416
122
673
667
541
705
108
454
808
32
576
683
90
48
646
30
485
645
277
761
718
225
475
346
714
390
261
214
455
751
223
325
668
279
680
565
4
759
64
544
218
63
586
298
520
211
647
312
723
578
756
809
109
221
539
551
281
535
254
135
196
154
428
119
558
207
660
329
273
692
352
358
758
684
130
502
753
640
202
414
336
25
273
161
416
456
483
103
719
733
229
314
795
808
11
401
565
47
661
398
151
395
377
376
444
341
173
119
663
580
7
380
4
457
698
117
449
419
739
269
416
60
277
247
265
523
303
738
438
145
3
49
404
708
495
615
84
776
281
554
48
713
297
58
450
383
666
196
204
461
360
273
402
554
465
706
740
149
196
276
808
733
521
781
313
156
681
358
716
293
373
719
17
515
810
106
177
266
328
106
602
803
404
601
110
373
823
826
587
411
451
25
262
830
83
627
790
391
456
133
147
682
170
266
698
505
651
519
383
132
288
761
526
621
34
781
202
552
149
89
143
568
237
481
605
815
741
292
269
588
214
533
748
769
150
45
415
624
516
311
455
161
755
277
298
259
828
800
679
2
788
580
670
389
528
769
310
571
268
661
449
317
570
431
34
534
803
164
397
602
741
122
51
64
731
296
226
85
357
274
508
535
143
591
654
665
783
684
157
270
786
780
555
61
152
632
241
227
260
78
259
103
437
361
13
762
373
528
190
89
823
324
624
419
360
256
271
238
101
488
547
515
614
60
253
370
283
1
177
75
537
99
29
806
147
202
466
719
680
123
335
474
822
819
374
730
611
354
389
90
671
782
720
25
538
419
21
803
395
525
793
766
565
6
120
463
717
605
155
620
274
318
119
423
194
311
154
499
392
181
64
135
519
568
311
508
670
546
64
643
483
797
403
78
623
729
577
767
105
408
651
276
522
10
624
206
618
108
616
809
283
740
281
417
470
632
3
813
628
262
727
458
509
690
48
41
624
596
514
495
134
371
224
279
625
540
285
707
4
805
799
344
301
447
821
178
298
397
111
240
61
115
740
363
57
533
276
668
136
367
537
446
209
165
364
394
706
165
611
290
642
233
566
38
311
193
273
556
116
822
169
640
602
289
580
392
388
33
91
70
119
732
788
507
517
798
653
402
510
400
790
803
328
642
720
583
66
15
225
741
681
264
269
355
795
206
310
392
326
430
127
728
223
118
320
554
5
821
689
544
262
21
218
796
251
207
279
109
320
86
191
136
416
547
240
79
127
559
595
483
475
286
826
50
779
816
134
90
199
328
617
177
548
357
349
815
785
155
756
651
795
565
542
390
627
550
391
816
708
754
564
176
747
690
235
348
453
389
830
289
766
313
560
145
345
616
578
547
96
89
363
825
357
730
357
338
496
602
691
715
365
55
187
784
377
639
258
46
516
767
616
143
19
195
24
175
24
369
664
692
396
339
753
773
105
215
8
375
41
60
717
722
654
243
184
721
198
682
330
320
377
443
122
824
51
42
828
606
310
591
93
690
565
771
637
266
464
85
110
340
584
142
503
173
264
350
282
351
249
74
665
733
757
155
389
469
395
387
37
172
226
804
178
520
250
99
492
798
106
435
598
62
47
174
639
349
217
134
606
799
371
417
614
586
402
413
310
461
278
83
605
299
254
389
470
577
113
478
624
229
522
33
528
41
822
665
431
438
235
46
69
791
79
531
278
589
712
400
600
466
293
532
754
354
90
16
80
123
541
421
197
343
75
602
401
195
709
461
660
208
719
808
511
424
818
586
113
303
65
529
600
169
820
515
468
403
331
13
631
439
277
756
483
319
181
230
295
103
225
580
549
75
326
605
288
230
100
479
469
552
267
245
497
292
610
48
553
259
409
36
744
798
587
233
318
710
729
733
486
301
583
458
558
79
102
605
111
254
774
445
812
23
116
656
521
377
622
695
120
473
126
776
202
94
597
769
740
676
369
765
555
550
708
683
64
677
140
778
357
233
462
427
710
545
150
300
61
703
394
97
346
734
681
19
721
786
648
584
756
184
773
275
595
186
495
146
639
67
363
152
330
311
612
301
733
800
364
721
734
541
490
616
220
38
334
631
130
175
548
610
359
377
183
469
16
621
102
106
382
505
118
394
406
603
653
811
324
790
635
594
688
347
103
830
549
787
697
314
591
615
617
681
26
273
235
473
237
675
789
145
604
264
726
791
826
129
516
273
829
538
567
793
180
289
274
716
405
456
570
660
610
468
662
284
272
627
390
420
133
322
821
760
827
645
248
176
380
82
457
223
513
26
215
41
468
342
390
239
444
546
362
677
251
194
572
752
256
361
328
430
705
44
22
533
371
489
190
406
367
314
704
367
454
273
534
111
118
786
12
277
613
750
150
465
208
383
65
10
482
479
205
306
176
232
807
656
640
685
57
353
826
237
277
706
277
741
549
443
151
554
626
526
802
107
193
301
594
606
39
621
796
174
609
609
578
660
67
286
607
549
183
407
611
554
174
297
713
605
247
10
660
611
439
81
342
127
316
112
34
135
537
389
439
354
708
779
175
451
337
92
610
381
261
201
590
724
565
385
18
163
611
744
34
184
619
127
648
505
399
763
197
124
769
718
750
492
59
151
168
432
12
210
623
402
14
540
693
683
268
547
574
497
165
278
347
302
142
148
598
685
454
224
632
443
711
639
454
764
702
734
428
650
814
238
47
359
271
137
678
68
91
389
39
520
752
642
324
611
382
430
416
674
321
439
494
707
494
477
681
434
567
477
378
830
483
50
742
32
34
524
664
114
703
188
543
512
94
794
686
72
295
492
91
660
562
413
372
663
263
656
356
73
575
661
477
505
723
520
746
444
597
316
60
562
187
436
767
742
320
694
475
1
84
575
53
802
8
139
379
428
355
142
216
618
423
570
754
101
461
444
106
112
233
436
813
744
613
611
138
331
634
148
318
612
310
577
782
374
752
471
317
222
677
40
383
716
438
577
36
461
124
496
124
412
153
269
227
764
96
547
259
316
341
263
8
14
490
607
81
453
93
799
8
614
741
464
58
715
445
789
60
623
155
218
18
661
360
528
30
726
347
24
22
195
62
585
129
132
398
135
670
348
609
640
143
264
682
291
306
635
811
271
33
284
158
749
828
406
734
481
611
263
640
62
663
332
2
435
787
826
657
492
262
617
441
537
418
330
2
436
251
808
519
504
12
274
721
779
568
248
151
331
10
761
51
343
268
512
711
533
83
76
72
739
334
372
423
809
704
215
714
250
366
533
315
61
595
529
384
196
194
311
369
33
142
483
560
583
197
129
806
306
410
686
625
354
445
594
696
762
722
240
485
31
818
264
129
739
67
179
780
559
35
285
249
384
32
432
426
194
598
675
766
229
453
102
118
651
338
57
216
373
559
201
114
701
508
64
800
747
349
174
683
694
589
545
295
747
504
483
542
296
828
554
57
610
733
50
557
756
802
217
344
66
25
770
779
747
328
576
786
309
387
104
380
607
233
604
765
519
405
203
316
280
439
293
268
818
266
206
665
201
313
382
290
690
590
721
252
645
422
240
514
174
488
679
133
650
571
356
246
557
342
759
553
806
409
191
506
165
297
651
708
829
375
257
371
553
186
815
217
694
160
121
114
821
41
774
520
827
70
297
726
557
333
88
28
753
685
364
440
296
688
751
159
500
640
586
334
698
456
145
213
824
264
102
1
592
88
752
341
807
763
443
732
248
740
313
234
184
614
582
171
450
44
490
829
335
757
260
523
424
452
237
242
175
813
268
2
344
522
223
156
801
738
158
789
755
200
621
774
437
260
221
78
40
92
138
653
132
778
423
114
265
458
524
378
776
502
276
679
654
791
649
4
340
88
712
684
334
525
412
379
122
232
581
812
590
98
798
658
475
391
183
661
797
154
722
208
591
802
433
587
445
125
298
163
149
600
191
614
759
149
822
103
657
285
268
357
605
17
502
765
381
182
235
69
481
735
555
102
112
132
359
703
188
407
656
751
519
513
644
726
685
19
610
138
420
125
741
317
668
193
559
253
416
664
167
790
444
419
346
642
663
521
217
266
771
239
22
705
88
308
817
24
140
199
503
35
190
236
628
34
316
139
590
409
807
602
399
144
823
537
247
689
181
426
625
476
212
240
467
691
37
21
626
185
602
760
34
468
106
210
210
351
642
473
10
200
308
88
47
804
426
497
699
214
558
666
314
178
410
406
325
723
440
463
278
60
222
488
702
202
343
225
731
119
97
85
592
281
438
262
700
552
400
479
43
221
800
812
161
214
276
531
309
820
478
261
579
166
85
503
607
494
319
451
726
630
20
369
539
820
389
555
83
200
230
462
626
388
262
98
770
624
20
694
582
452
496
207
317
383
468
342
287
229
773
648
647
556
206
382
529
635
708
691
318
700
89
145
825
820
595
9
332
647
68
437
185
396
125
73
745
719
803
670
637
233
643
79
393
287
537
284
168
177
635
748
511
353
6
33
480
638
206
484
424
289
552
321
120
739
709
474
229
789
748
805
722
228
442
649
388
469
249
297
593
326
91
824
186
12
174
104
812
134
333
2
681
436
602
62
207
543
103
438
601
588
515
582
442
318
523
707
596
72
427
430
90
763
707
745
335
314
714
265
208
16
830
785
826
568
790
554
335
455
164
253
14
263
463
439
823
170
435
338
685
458
784
739
651
327
117
9
688
136
785
815
546
328
599
117
549
25
815
704
803
323
325
747
351
247
355
689
648
282
542
716
100
121
757
236
356
473
663
147
324
490
124
59
507
803
801
560
168
281
560
581
455
550
324
294
21
785
635
390
819
548
683
283
575
724
108
376
500
227
554
640
320
243
284
341
378
269
579
310
419
596
802
675
700
660
588
547
73
435
258
565
726
787
553
266
456
788
547
557
347
112
712
173
117
328
694
461
208
562
388
780
49
614
85
721
565
517
194
134
99
86
521
416
725
801
465
702
135
120
393
365
18
34
599
105
166
434
115
680
826
449
286
156
709
678
36
39
537
741
433
288
239
218
121
319
215
766
195
616
175
534
414
438
425
80
757
615
630
621
352
59
694
45
795
699
531
587
602
781
712
175
184
308
431
92
175
627
328
34
769
511
754
518
8
453
762
521
134
336
48
186
144
759
376
534
826
144
85
630
182
248
642
252
776
784
52
344
78
594
738
466
824
489
189
580
231
767
242
54
474
637
692
657
132
398
216
545
36
243
350
24
582
522
764
762
525
808
63
368
292
678
800
93
662
590
14
557
559
135
193
192
1
128
426
624
620
643
517
402
726
368
8
799
549
812
784
588
568
652
412
770
215
326
248
562
321
456
662
805
762
432
746
205
653
147
290
485
634
362
643
644
736
695
458
167
688
515
720
13
507
795
490
563
509
727
813
506
641
740
72
440
376
387
358
143
213
703
158
92
356
18
301
84
323
202
742
330
276
92
271
769
462
407
522
442
233
540
430
435
496
410
716
266
196
676
433
524
354
472
797
183
616
487
285
242
138
74
630
365
418
63
488
773
760
102
92
306
372
199
100
67
336
725
678
55
298
654
96
735
183
655
326
387
172
224
670
338
665
629
677
437
276
108
102
733
209
545
718
429
418
529
19
270
233
627
235
699
822
759
153
658
348
105
710
382
598
272
60
784
243
569
424
82
817
358
731
294
385
805
749
459
763
631
436
608
510
609
90
436
407
110
538
575
531
135
289
652
621
485
162
127
588
601
2
377
741
27
171
407
100
549
106
303
614
313
535
345
455
19
271
748
440
148
463
295
750
631
26
174
696
299
130
326
792
441
369
49
156
35
79
682
455
36
672
317
410
683
256
131
739
371
226
10
222
316
228
744
200
10
657
766
269
135
183
218
407
50
192
133
610
503
828
523
280
14
361
489
662
391
803
803
262
345
740
589
563
401
110
716
263
143
415
682
557
555
426
536
742
668
754
480
529
428
673
782
586
624
726
145
647
661
399
162
287
168
278
7
9
501
252
786
350
79
465
735
20
92
463
142
145
86
756
422
590
116
140
590
392
4
249
776
441
770
355
30
283
617
277
533
777
694
308
477
252
583
483
356
381
320
341
325
226
705
313
617
211
653
820
137
397
28
126
87
62
525
798
677
540
228
785
642
272
130
152
522
672
791
98
237
803
717
596
123
708
255
584
350
671
384
400
746
410
705
730
185
256
108
392
230
744
824
293
815
622
402
433
749
350
107
341
235
243
367
163
221
472
499
751
2
448
403
578
448
155
624
473
285
674
791
176
231
753
656
195
285
340
491
705
522
782
325
298
511
749
462
321
830
772
524
298
210
460
699
369
730
380
139
15
278
215
230
70
580
704
175
587
620
470
609
393
283
51
509
735
444
697
420
749
654
274
775
656
60
374
637
133
8
206
741
454
617
718
240
828
412
421
116
724
6
603
265
104
464
92
664
438
792
720
605
627
119
81
170
417
56
692
830
471
538
70
611
320
655
670
207
706
438
646
114
432
678
641
439
96
503
142
263
802
769
575
454
711
338
743
40
620
26
720
8
96
697
573
120
467
738
589
28
694
347
764
98
315
70
534
616
570
714
755
244
716
513
453
626
642
619
380
408
285
574
490
125
220
50
338
684
674
574
32
404
572
571
192
136
8
686
289
76
588
739
64
275
367
581
216
768
696
69
32
165
19
427
122
690
289
203
277
696
364
67
504
340
818
78
495
684
62
368
789
787
407
286
792
347
555
418
792
32
788
151
59
38
522
209
463
506
628
75
809
512
771
587
756
690
735
161
246
45
282
162
277
297
728
437
77
264
718
485
177
467
533
576
93
572
253
716
787
411
280
61
189
637
671
35
329
77
43
709
8
364
665
627
793
172
329
332
752
463
633
142
472
391
242
265
463
824
482
434
602
376
118
94
639
287
436
182
180
76
56
7
753
476
325
482
636
746
585
355
284
206
805
575
59
208
12
678
205
192
510
824
245
486
545
107
188
743
658
733
41
584
115
452
527
536
255
639
344
738
457
392
618
678
268
8
366
336
242
621
419
685
656
138
630
496
519
717
117
758
149
112
417
177
671
603
182
146
33
681
552
333
12
291
388
144
590
387
280
464
90
489
454
735
568
368
89
80
354
570
74
673
308
541
628
317
766
440
312
143
443
174
261
470
298
709
120
427
1
642
762
3
29
181
473
414
782
90
30
274
778
559
684
342
565
581
679
613
700
815
78
716
41
747
496
586
503
331
81
38
39
338
353
684
737
560
371
479
691
794
433
636
788
337
733
267
520
646
35
733
416
34
196
16
79
695
261
379
517
565
361
217
449
555
692
194
192
215
102
369
506
7
305
825
244
220
111
604
43
499
106
693
139
532
464
716
457
199
71
174
563
823
316
161
93
452
198
336
379
355
597
462
78
492
393
217
76
690
273
293
489
694
129
321
421
469
678
808
750
178
269
750
303
48
559
717
148
496
518
160
646
366
222
287
584
89
674
712
598
308
268
697
431
354
28
316
548
336
192
56
677
66
607
283
68
382
49
314
383
361
108
533
86
331
203
277
830
221
713
96
174
271
198
745
326
620
145
497
763
61
95
382
524
709
437
656
544
236
120
20
770
5
682
797
364
674
829
332
473
438
614
357
709
277
639
758
787
270
472
578
374
449
291
205
238
121
631
183
451
415
639
376
265
462
648
582
820
244
114
378
428
559
467
726
339
689
795
487
755
681
277
730
566
638
474
110
502
453
357
349
84
115
734
808
476
790
146
154
71
509
403
639
384
727
802
78
90
735
262
706
535
317
415
461
142
812
39
167
63
229
68
100
591
483
208
266
714
504
427
47
505
660
350
355
221
606
358
489
330
478
318
447
364
806
3
685
699
651
94
725
680
7
621
311
21
316
401
410
192
814
208
284
720
250
497
114
62
221
644
612
670
749
711
12
317
668
507
671
295
31
80
671
287
400
759
352
507
496
547
581
342
633
117
422
120
708
611
344
786
493
179
272
10
44
544
473
698
321
4
780
88
594
267
107
501
685
561
177
756
635
543
397
520
17
716
697
328
664
29
247
130
155
10
811
155
399
460
782
65
509
232
304
726
689
556
282
707
105
513
420
249
229
85
304
130
503
756
605
289
550
721
380
765
466
722
430
817
398
819
493
161
49
48
472
678
646
101
155
72
333
603
690
605
812
816
557
391
283
352
180
635
105
103
631
680
444
562
600
98
693
351
219
10
655
632
764
22
437
266
429
630
480
450
781
115
290
779
691
536
532
491
815
667
821
629
567
101
61
712
611
89
783
543
222
31
489
326
301
748
3
71
115
742
484
146
371
133
309
419
689
733
679
801
239
73
198
435
251
49
652
601
659
312
504
243
68
697
613
128
742
237
763
592
610
240
683
698
181
707
638
293
822
335
130
32
276
61
483
336
356
4
519
424
521
731
74
824
150
260
111
819
667
39
738
775
578
534
514
437
77
81
190
737
659
187
131
51
173
466
388
15
624
613
108
609
138
421
192
604
766
688
605
761
391
672
644
184
739
329
486
689
629
508
139
697
749
148
600
450
252
15
639
231
627
405
231
623
463
114
828
230
574
596
608
509
578
27
402
164
446
189
439
102
352
5
448
513
289
174
219
647
585
422
1
268
109
715
37
588
678
692
523
397
432
277
309
366
223
268
775
656
259
243
756
362
141
565
641
719
734
617
103
524
299
784
58
628
282
43
657
220
384
47
630
536
469
576
33
297
430
534
292
53
507
123
230
479
56
61
35
352
107
350
474
502
494
332
118
167
358
443
177
476
27
513
488
746
217
37
330
496
80
812
45
142
93
399
322
640
103
426
336
189
24
786
363
419
552
764
139
337
768
375
799
304
5
557
172
714
26
555
168
277
246
318
120
752
616
610
75
755
539
807
712
366
688
303
252
14
86
190
791
395
577
551
287
270
661
574
473
814
65
166
57
725
151
717
641
396
726
478
77
706
743
813
129
25
627
208
31
570
328
128
253
187
529
282
137
36
261
660
71
671
508
267
275
429
810
210
349
576
775
501
387
232
696
618
487
124
83
363
9
786
730
527
479
602
359
738
769
816
232
360
746
363
122
729
772
740
440
89
109
537
185
156
754
571
662
757
569
735
709
782
509
405
373
64
393
764
399
825
321
554
625
456
137
242
809
748
159
761
146
346
542
229
359
330
88
36
326
21
654
583
486
623
780
107
169
575
224
493
630
420
412
241
199
119
605
85
474
332
664
500
443
245
801
443
370
30
766
450
83
482
183
564
457
510
423
31
710
579
442
299
647
29
724
186
77
296
544
276
705
177
117
297
586
586
792
793
791
422
618
471
95
305
161
555
562
287
400
257
282
26
20
659
687
754
456
636
772
427
640
247
529
71
13
521
236
175
158
17
33
218
20
672
216
40
294
549
554
485
253
815
390
689
174
641
616
820
260
709
521
620
457
780
436
214
624
611
21
625
638
107
519
451
318
596
268
647
151
447
784
168
448
30
563
514
385
323
290
141
571
739
531
668
566
313
653
575
240
67
536
439
425
812
499
722
306
565
624
541
96
558
498
59
324
614
813
280
117
183
698
379
543
225
264
130
205
263
495
147
724
515
693
347
579
19
798
662
147
394
602
223
429
767
22
335
1
11
52
459
141
45
13
133
123
419
772
63
454
661
747
551
387
265
168
353
576
312
21
506
296
527
308
808
214
643
541
240
474
436
142
266
402
469
204
209
20
489
48
267
254
777
82
123
636
339
599
711
326
775
531
820
298
732
550
546
620
429
162
782
466
522
725
607
223
804
628
247
36
245
820
786
246
607
594
207
405
456
363
307
453
562
693
798
35
549
437
208
24
273
405
631
273
249
568
387
625
41
727
564
155
113
176
256
41
549
544
396
300
738
350
699
183
509
596
173
608
365
181
600
191
537
684
363
457
229
420
711
697
171
441
180
256
99
81
91
179
427
637
640
514
257
69
798
635
272
79
359
680
495
813
488
154
659
303
828
69
468
454
88
281
273
249
417
26
309
212
712
179
343
64
684
116
242
312
138
159
764
492
155
59
490
429
748
247
122
686
289
788
55
351
136
281
66
220
729
589
433
773
359
830
663
450
77
137
531
142
49
758
9
378
344
298
241
566
649
535
165
510
728
351
614
692
427
702
762
239
340
786
449
20
618
327
389
707
140
86
444
127
531
682
434
12
635
318
434
656
487
684
472
320
555
408
80
414
826
256
747
23
612
770
805
441
410
598
224
175
116
460
359
627
646
241
56
318
67
455
316
704
574
447
466
560
606
313
737
290
239
584
131
4
351
161
656
67
710
582
632
313
150
805
739
666
229
467
446
189
290
774
686
724
328
308
296
376
541
570
615
759
430
567
721
44
33
586
241
618
193
401
261
433
380
735
436
779
830
670
149
790
225
795
656
388
183
79
515
635
95
76
576
253
484
491
40
61
333
200
586
662
156
329
505
644
361
296
448
248
622
754
451
502
370
728
240
636
146
252
120
445
205
46
366
48
197
520
679
3
589
527
563
495
226
769
519
89
697
303
290
823
437
142
110
270
287
357
30
216
589
554
562
285
659
404
556
300
13
94
752
579
130
777
430
130
219
163
69
481
187
755
444
743
537
738
182
527
166
466
649
151
128
195
734
532
394
504
339
340
316
485
204
651
578
365
533
272
282
392
582
648
727
747
658
490
98
591
192
427
381
764
233
771
116
237
606
704
234
785
287
659
48
541
96
651
756
54
769
784
321
631
762
257
681
301
65
166
573
733
170
601
828
328
655
806
630
594
497
587
759
263
387
341
613
551
283
427
381
127
361
61
452
763
196
57
51
529
761
82
122
539
64
28
427
242
433
488
20
624
784
79
125
98
272
104
484
552
625
503
563
715
754
495
247
51
644
695
321
581
670
169
637
562
712
444
638
357
680
62
473
460
269
163
42
825
607
199
452
725
127
476
192
712
53
280
474
442
374
322
77
365
708
582
182
48
559
431
199
310
409
682
773
267
172
683
750
462
426
713
489
450
600
331
339
81
412
263
376
468
673
361
713
196
29
47
761
545
242
279
796
273
371
205
212
610
161
612
443
816
569
604
710
597
751
613
451
607
509
709
54
377
581
648
521
107
813
532
187
512
14
189
528
812
697
405
189
522
461
290
185
303
547
67
429
495
362
758
676
757
83
701
201
420
773
584
251
452
537
577
271
643
112
717
645
588
463
391
357
403
409
405
625
378
369
445
216
109
54
666
268
188
11
754
520
151
333
766
117
369
762
766
17
27
552
14
366
292
426
807
730
379
53
486
72
765
603
181
150
123
608
813
624
312
326
5
442
349
623
185
196
207
631
567
560
170
590
431
182
72
287
190
234
725
17
424
618
435
191
522
526
518
770
71
365
260
18
387
603
66
529
347
679
164
52
124
537
575
280
790
673
155
534
160
332
557
819
162
642
20
106
791
302
238
116
645
141
541
346
674
710
539
202
133
281
223
128
592
592
625
777
222
400
394
497
295
115
253
207
577
277
786
475
462
568
166
531
27
817
448
83
515
661
314
50
751
451
613
778
237
636
271
315
338
503
532
120
89
334
251
681
93
70
573
702
518
422
723
698
344
820
263
215
252
765
94
646
15
571
227
591
728
463
609
140
54
440
56
234
538
571
222
60
708
523
813
733
497
143
830
462
331
222
663
613
408
575
622
517
813
113
710
446
567
176
339
644
299
335
7
724
74
394
486
367
811
320
377
293
709
607
70
59
587
108
107
561
511
595
520
670
739
677
346
565
783
386
826
325
63
165
209
644
558
662
201
727
2
516
309
116
830
364
502
379
559
282
573
489
587
424
276
157
725
296
410
219
363
690
389
126
474
701
518
771
532
6
208
686
238
703
500
275
439
254
278
156
561
478
829
824
758
499
654
313
316
224
108
698
632
586
410
216
194
822
165
422
346
95
702
472
826
441
665
225
452
11
267
489
171
74
291
621
823
764
458
416
662
304
828
443
114
470
169
310
293
369
406
589
67
752
306
606
42
705
481
461
116
200
456
815
107
610
355
619
444
615
306
712
577
672
424
493
796
512
300
483
744
445
431
350
371
596
677
105
611
226
641
228
690
479
600
418
665
512
168
811
781
688
369
753
383
619
342
393
168
267
389
771
783
648
217
30
324
376
738
418
751
751
762
211
644
428
755
31
377
455
677
585
195
39
74
339
546
465
199
263
380
270
557
114
609
395
724
157
348
740
658
365
287
37
7
355
685
47
243
20
668
367
270
444
318
743
185
63
731
171
435
663
726
643
80
727
124
149
90
28
792
677
776
533
110
765
369
34
165
18
101
802
194
357
67
636
147
802
481
795
446
326
376
412
107
424
508
413
776
629
431
146
541
144
285
352
653
50
814
362
201
655
717
472
209
378
739
603
56
315
315
625
570
286
692
163
79
45
729
189
434
564
814
260
91
654
813
111
764
3
679
433
4
3
172
442
665
313
267
464
676
403
325
538
596
612
73
409
747
555
535
634
595
140
819
435
807
104
470
822
736
298
817
754
19
707
451
27
599
344
2
548
3
222
175
103
51
343
232
500
829
634
68
599
607
237
601
633
354
727
483
436
209
220
134
813
292
305
286
403
24
25
271
502
100
623
445
412
151
417
539
3
564
407
451
319
62
432
774
826
155
105
57
187
380
232
529
258
192
55
367
709
813
73
397
361
4
521
496
744
241
445
783
187
119
269
539
196
474
181
94
761
813
565
635
477
689
346
671
469
531
351
126
518
69
687
534
68
810
277
784
364
695
826
544
109
731
548
631
436
332
384
455
400
737
651
337
398
81
661
634
189
619
548
592
608
360
133
646
30
535
424
779
689
482
444
377
214
813
274
74
38
442
115
730
628
406
648
810
693
626
432
469
131
393
56
598
320
180
793
378
471
615
596
341
70
638
599
445
761
665
692
599
653
51
740
605
176
491
640
378
368
485
71
815
450
356
828
696
652
491
317
399
498
571
565
293
646
363
197
827
138
185
698
196
513
432
701
471
18
493
106
74
773
410
705
755
751
214
352
469
474
328
81
639
264
647
190
239
337
159
700
134
780
275
642
69
351
468
327
802
420
144
438
326
430
262
67
502
341
580
129
725
141
484
36
135
700
597
816
80
90
65
2
509
443
621
464
264
672
176
5
41
769
813
154
760
51
498
450
808
532
696
428
134
533
412
585
377
291
822
473
100
693
493
303
32
301
97
265
551
516
647
795
823
682
226
441
737
32
217
702
413
676
773
700
371
261
374
598
107
342
726
455
260
393
357
570
54
561
97
308
62
267
246
17
705
23
58
208
145
638
808
395
245
686
695
638
827
747
254
682
623
27
21
415
72
465
473
593
804
689
566
765
571
418
359
6
575
349
294
797
14
723
488
141
441
281
679
213
523
3
313
34
461
209
756
616
580
771
1
131
667
5
470
232
191
685
1
517
650
709
37
733
766
152
160
16
528
752
778
670
794
823
800
503
435
468
27
587
450
27
141
786
383
400
746
40
278
527
130
71
415
778
641
105
633
50
680
373
72
803
676
15
800
762
555
133
778
34
220
506
234
824
91
633
308
821
115
737
597
509
230
433
130
196
524
802
476
801
662
420
809
282
477
374
557
608
400
423
664
662
352
630
245
347
207
286
442
164
807
804
575
596
247
732
758
749
759
785
252
519
114
504
821
75
759
778
19
408
78
735
577
434
371
742
640
74
172
154
43
190
367
670
517
738
726
495
628
61
227
817
295
608
632
22
582
367
431
658
689
3
25
331
487
302
762
45
676
401
755
674
659
523
428
354
785
629
6
339
400
119
290
203
311
558
136
366
780
663
263
285
662
655
245
641
67
823
298
757
753
40
22
761
201
662
156
317
754
321
289
36
734
69
568
569
281
617
98
293
795
502
203
258
372
534
671
65
823
47
742
406
78
436
54
292
243
475
673
92
374
247
49
687
523
179
106
561
209
307
478
479
475
128
251
742
91
648
577
547
564
227
288
65
809
532
67
169
424
572
386
343
23
314
33
459
416
16
104
392
553
125
412
251
101
630
520
738
404
492
269
797
814
264
303
769
358
172
131
281
592
536
617
658
622
248
483
531
752
310
233
543
429
743
704
746
471
155
794
627
49
48
637
714
182
325
806
766
788
592
283
288
541
749
412
513
217
251
57
739
64
76
702
648
545
794
452
686
292
76
281
588
34
746
168
574
373
496
830
309
503
377
197
712
455
642
351
194
569
199
614
513
148
562
591
136
428
692
497
50
333
219
434
50
213
112
75
20
87
590
583
228
671
161
362
75
57
714
538
311
601
180
537
32
261
119
148
76
60
138
511
741
801
126
497
432
377
517
797
81
492
565
440
123
578
136
734
176
229
156
558
133
2
731
818
96
652
510
460
249
232
813
253
575
158
763
444
744
686
734
704
419
80
109
364
46
323
192
394
362
715
653
184
271
306
377
343
458
365
788
154
168
26
259
233
689
474
504
19
419
416
190
399
180
104
551
799
567
141
791
592
223
52
367
807
103
617
595
676
477
325
382
411
460
492
765
716
561
127
351
309
748
204
33
284
397
461
450
152
772
119
711
167
277
148
566
536
816
116
516
623
401
304
120
769
375
819
310
672
324
50
470
628
188
68
181
742
91
736
337
60
668
710
250
287
97
64
520
162
772
705
653
379
377
36
100
200
228
826
189
158
610
344
459
128
315
300
97
657
253
340
417
248
657
477
160
392
636
572
729
393
816
802
693
440
67
249
536
297
271
145
214
534
432
447
159
157
396
549
495
114
628
748
223
662
715
245
302
714
186
9
83
249
396
615
90
511
688
685
707
385
284
125
745
469
788
139
748
143
471
331
406
424
62
460
800
488
563
350
297
6
337
125
708
569
532
486
124
232
135
221
19
578
465
636
38
212
629
501
327
566
539
812
113
825
387
800
371
200
591
12
714
67
533
366
384
390
458
387
360
179
736
109
94
815
653
721
234
130
91
797
7
717
793
711
764
680
79
513
184
556
55
713
57
344
204
67
357
91
664
316
166
100
219
610
296
788
729
278
572
418
72
606
19
788
438
330
194
472
515
422
139
357
745
236
502
597
749
498
489
283
23
397
363
765
686
193
615
532
61
73
107
660
209
806
615
771
9
373
794
692
98
78
583
781
808
404
271
481
370
708
449
25
674
279
742
131
287
656
143
507
406
754
573
756
661
806
412
822
524
194
487
473
725
291
495
570
417
171
772
549
572
635
425
295
791
756
629
98
163
566
262
803
537
289
404
676
518
707
298
477
620
618
783
121
624
92
577
713
538
508
236
381
515
633
522
526
82
529
432
588
522
744
262
667
109
624
669
479
226
85
818
105
462
517
154
763
443
6
367
194
232
32
729
392
309
608
752
393
536
805
317
97
494
469
701
338
323
778
260
558
270
568
29
544
381
420
237
163
256
334
267
658
715
238
396
448
712
237
184
559
31
531
90
754
35
407
354
389
547
53
90
221
332
716
553
452
326
815
430
463
201
340
442
37
412
503
636
44
550
272
263
515
553
630
394
826
219
304
734
706
81
227
439
102
93
449
413
752
155
769
584
375
538
367
764
775
54
510
601
213
668
165
464
19
640
486
725
589
411
777
571
762
84
826
750
420
522
168
172
343
546
270
430
477
205
787
6
499
591
307
530
417
662
226
121
650
263
53
586
599
795
544
624
160
728
83
824
557
109
61
232
775
765
688
178
277
563
466
583
732
643
265
519
572
804
601
455
465
277
636
261
43
312
789
258
259
494
531
180
446
321
536
352
686
116
516
264
86
367
723
107
381
167
589
452
233
521
58
315
442
759
182
565
781
349
183
290
570
765
731
136
647
578
792
235
784
767
787
744
507
742
74
53
60
480
409
691
247
276
687
408
322
768
330
221
682
753
13
277
236
708
618
195
233
90
84
829
60
695
788
782
157
239
643
570
281
37
296
280
602
561
181
84
514
312
174
75
67
172
41
186
751
196
368
647
303
439
351
94
779
828
379
438
52
600
118
99
239
39
193
405
546
356
822
807
574
485
328
551
10
382
815
448
752
98
756
232
649
595
9
300
238
468
732
726
484
236
399
6
586
289
366
172
440
708
204
465
813
505
112
642
175
754
681
92
180
572
754
180
336
54
635
672
657
163
287
574
251
492
811
379
115
401
587
95
522
455
191
514
778
162
213
92
666
800
193
630
244
454
270
501
543
268
199
597
224
693
213
487
549
82
493
333
1
620
430
253
403
127
744
826
804
194
798
729
229
217
567
601
428
462
424
251
27
314
224
749
642
564
439
134
287
425
518
294
419
621
641
352
344
404
103
201
468
754
184
427
448
728
259
646
793
204
403
148
790
361
525
269
641
821
31
67
5
403
468
235
631
209
799
48
287
666
766
407
237
126
129
572
125
130
612
409
613
613
491
367
525
733
582
487
813
397
209
248
300
142
338
16
507
503
360
165
189
510
498
699
52
551
170
814
515
821
782
9
817
270
93
286
213
387
666
660
119
605
707
273
300
304
628
619
246
182
171
720
371
317
783
581
631
297
329
59
180
688
127
637
319
395
351
507
597
196
610
368
258
316
520
11
211
554
736
216
686
67
473
89
43
419
488
711
491
298
596
79
719
765
787
718
630
424
579
547
427
627
679
287
385
140
476
166
133
366
544
245
214
316
74
449
80
2
564
651
419
127
194
196
272
432
700
659
286
409
552
604
808
777
535
434
710
648
407
331
718
767
47
227
10
145
796
377
375
131
188
6
777
157
442
479
776
700
667
59
34
79
670
460
243
390
483
701
300
215
434
31
613
354
358
325
128
75
546
333
612
183
536
665
760
534
31
222
311
688
677
657
534
817
800
328
737
471
446
163
272
188
743
829
485
297
103
87
258
56
446
55
433
765
355
281
635
359
336
381
268
182
566
511
418
775
776
80
35
13
703
481
335
12
438
159
23
72
86
369
452
215
128
620
580
439
261
692
305
104
229
167
124
809
823
24
411
702
58
241
754
351
65
746
257
86
515
412
106
607
814
34
820
69
78
748
429
506
578
751
339
191
285
332
587
640
415
405
466
648
760
347
813
340
633
86
478
537
536
509
770
369
160
644
268
124
237
534
192
316
48
500
104
242
104
539
207
357
442
805
633
554
417
1
487
240
62
232
289
79
337
578
577
458
95
30
812
398
410
209
300
114
698
507
134
606
302
428
468
35
766
232
26
826
528
93
48
600
378
61
308
459
613
828
807
498
98
325
689
229
35
325
95
529
166
538
352
806
98
257
796
55
92
581
589
566
702
86
455
78
114
77
708
601
601
512
452
348
290
59
59
319
234
360
699
674
214
120
676
152
144
826
269
570
467
804
190
197
377
796
257
565
374
320
550
113
513
792
599
685
395
195
62
750
604
490
362
101
822
98
373
475
495
113
286
756
616
268
35
36
809
669
467
40
307
331
178
488
157
14
201
299
551
712
588
729
784
328
561
469
307
517
290
388
426
96
303
308
470
517
314
533
613
813
463
522
289
657
399
752
546
532
83
635
401
778
780
319
4
414
167
567
713
514
734
402
124
1
536
751
217
495
92
46
705
793
535
224
774
11
286
527
545
754
1
103
473
423
590
57
515
765
680
225
33
48
342
157
786
335
466
685
737
355
718
332
521
361
465
604
827
618
94
170
363
542
172
828
798
259
35
826
410
45
83
17
116
674
224
430
57
564
74
474
243
80
372
230
589
729
706
397
772
379
515
100
504
401
461
349
433
176
295
276
782
482
375
257
573
48
431
579
358
173
259
244
291
401
802
104
536
349
274
605
524
762
666
586
272
688
148
794
777
240
451
167
174
725
470
810
357
754
395
334
193
819
651
172
338
675
724
253
320
349
270
45
200
741
301
165
70
278
383
757
587
293
654
557
282
640
71
427
315
492
439
823
674
431
376
746
126
400
166
440
262
732
229
603
227
435
571
336
76
821
62
227
538
722
191
602
14
153
440
541
700
755
601
724
687
441
157
70
828
607
574
190
336
578
62
775
575
118
643
247
739
23
284
475
568
93
27
303
375
803
282
263
138
447
719
517
827
554
200
572
467
311
90
168
526
314
739
760
571
428
692
370
798
10
80
95
540
528
212
223
416
105
444
671
56
230
296
683
221
755
319
594
60
425
642
224
781
426
397
696
619
154
229
794
411
693
709
474
757
345
223
411
734
511
246
438
796
760
621
113
32
752
458
700
313
584
407
306
244
2
403
806
658
302
394
561
578
792
67
691
422
352
299
469
585
623
791
236
548
272
317
798
58
463
517
589
71
473
106
703
117
610
47
642
10
97
559
373
371
813
717
168
19
42
685
251
4
260
669
107
410
145
726
808
679
214
449
265
534
296
328
496
431
603
328
658
524
249
112
153
517
303
167
2
196
208
735
422
552
89
244
61
711
75
138
250
195
286
636
668
706
724
242
689
271
148
69
104
495
79
367
177
391
417
359
205
233
823
86
368
742
343
124
623
38
138
803
165
213
6
734
121
682
62
562
364
517
459
73
115
797
329
644
442
358
184
698
817
268
814
253
492
356
787
303
536
309
15
691
699
400
107
803
150
119
214
561
58
348
621
142
383
21
561
775
89
495
722
298
418
561
689
405
95
473
54
688
406
50
10
404
250
87
73
629
627
827
72
567
431
112
79
807
677
340
823
169
498
25
138
677
813
788
74
611
38
302
306
765
787
439
683
547
719
206
386
41
631
709
642
449
547
249
238
728
235
394
513
657
638
736
383
45
102
155
202
473
527
295
753
665
76
691
168
158
754
688
286
130
371
738
702
391
803
467
197
342
793
113
740
105
548
695
532
1
560
172
492
312
734
427
552
87
744
345
772
815
113
565
55
665
810
811
329
802
757
471
148
719
6
32
485
586
755
448
104
373
403
564
446
419
439
140
311
487
725
38
796
801
12
471
140
14
561
798
381
607
419
445
213
811
505
602
752
678
795
708
63
192
825
611
155
644
761
790
549
499
7
277
492
337
215
799
33
100
799
795
2
125
329
599
4
252
541
604
101
721
166
334
61
783
544
83
395
340
11
471
510
110
330
601
772
177
153
569
52
364
21
668
631
341
672
278
222
801
88
497
604
7
765
376
291
710
137
320
63
600
55
481
269
235
498
288
778
213
557
661
475
398
501
756
41
45
437
71
282
618
717
482
645
659
35
378
665
533
712
395
414
781
794
278
556
487
598
483
441
22
358
504
406
640
714
329
66
468
762
143
301
406
133
443
191
514
610
652
201
406
779
525
341
532
262
381
7
697
322
58
257
802
701
485
792
519
795
9
563
712
514
696
488
507
646
688
601
526
580
253
305
619
598
514
509
10
752
742
594
16
647
423
398
59
449
31
353
203
703
510
601
194
424
469
195
301
31
597
589
358
632
27
152
128
678
562
319
498
95
781
610
540
361
742
536
226
705
559
821
774
94
625
768
277
443
8
10
71
667
509
514
471
572
395
116
602
503
275
7
631
545
350
26
62
516
204
102
523
702
148
110
55
804
557
250
750
413
828
588
20
400
752
671
502
475
613
416
142
192
141
676
444
172
496
304
456
551
419
344
460
814
184
788
609
114
671
299
239
383
28
604
523
94
50
614
736
747
816
740
779
483
130
491
78
800
300
101
766
594
247
125
510
825
514
307
95
125
71
690
238
379
497
767
149
31
424
645
32
632
42
59
670
89
501
177
433
217
745
133
104
707
217
298
334
42
433
470
755
708
418
678
339
357
46
128
799
625
478
344
68
652
510
574
230
116
569
262
166
339
42
10
46
161
801
505
355
69
567
159
740
317
825
528
762
171
201
146
410
123
262
151
208
100
339
374
824
326
278
403
425
390
76
258
206
317
819
107
351
169
230
642
163
668
460
677
26
631
139
537
564
586
554
124
639
74
809
132
819
587
68
538
769
245
148
810
437
173
794
750
179
764
777
741
602
363
72
538
653
538
128
194
61
505
56
373
117
231
140
96
617
668
255
421
313
122
35
512
446
193
174
180
798
440
772
57
173
690
310
777
33
333
395
237
746
722
754
48
702
548
209
715
695
346
98
359
698
681
155
721
237
240
796
625
684
366
477
268
298
75
537
806
304
110
7
276
13
606
504
794
374
18
306
771
197
816
257
66
592
802
605
612
324
814
38
252
50
501
166
601
18
296
810
556
306
487
153
826
755
496
457
318
607
492
365
4
772
53
697
498
80
57
304
517
828
300
656
442
436
198
320
238
648
504
281
592
535
53
250
742
828
717
359
207
536
278
263
51
32
788
790
177
796
553
250
586
303
655
593
69
466
651
386
528
492
692
107
755
143
391
579
465
762
289
775
457
304
170
443
381
391
807
240
803
121
524
111
134
470
706
221
337
667
16
549
558
347
253
262
583
729
84
442
5
594
344
28
152
225
515
314
509
255
798
823
826
249
673
210
207
339
675
336
418
268
105
215
70
164
166
646
403
623
680
515
481
693
56
96
619
496
61
706
27
506
800
206
325
47
639
628
251
259
167
460
136
517
214
158
704
688
733
664
45
429
197
149
393
231
71
487
422
59
72
191
243
575
253
217
123
600
579
228
550
820
673
781
552
78
68
581
771
338
12
63
780
778
59
136
735
265
482
74
317
775
384
410
352
379
589
747
12
34
323
119
341
472
747
807
251
455
825
93
267
239
705
366
642
154
716
738
523
513
698
107
503
787
214
34
599
163
203
223
348
783
627
773
318
681
568
610
34
285
32
96
530
706
460
565
218
458
304
606
349
360
795
207
305
189
137
703
103
713
803
422
555
566
564
396
218
552
126
367
291
566
122
367
187
268
395
379
114
447
749
104
299
54
824
261
552
770
748
223
804
76
404
243
9
614
200
570
41
701
57
184
535
736
132
348
649
374
762
312
725
590
141
706
823
244
705
144
659
296
604
554
507
757
425
375
119
764
689
602
203
287
766
450
490
125
415
790
248
780
161
459
146
524
347
668
204
627
557
14
457
518
442
761
308
762
439
275
279
85
618
826
596
123
4
339
472
488
192
77
309
564
485
763
189
326
541
628
805
177
487
217
309
487
177
99
126
612
59
682
12
116
215
692
206
437
690
481
660
759
522
685
507
582
546
132
438
754
626
537
437
164
749
605
364
571
87
177
35
35
174
745
331
540
318
609
426
782
2
208
138
205
286
512
167
479
59
609
772
613
810
474
587
805
320
186
460
121
402
758
700
575
457
141
558
825
767
462
798
315
11
751
215
467
25
317
28
281
187
445
207
318
579
144
214
266
577
747
359
332
567
333
60
562
633
186
631
565
643
645
807
207
328
665
121
452
613
594
285
279
796
436
507
624
558
526
720
167
244
546
32
627
420
356
449
81
684
428
219
483
186
176
429
559
292
519
643
580
73
116
129
522
681
596
163
615
195
104
472
234
770
39
789
520
408
169
640
312
708
513
169
95
392
406
768
286
458
79
159
340
554
140
819
516
760
709
76
336
488
727
824
431
117
472
259
475
491
518
105
813
660
277
783
526
398
762
182
112
274
529
481
517
468
100
539
367
586
15
446
22
643
181
670
698
624
99
102
417
177
474
259
811
166
43
704
21
254
423
551
826
655
673
830
390
43
773
623
201
584
440
470
4
454
477
359
74
280
800
419
699
118
211
812
48
714
672
88
681
48
323
535
371
699
579
375
127
568
336
389
134
170
8
705
338
486
492
163
356
205
504
707
127
531
768
402
797
693
7
39
611
526
616
204
472
700
730
162
592
741
41
101
86
555
99
693
312
549
130
636
197
298
176
759
431
605
588
490
54
189
128
286
773
804
624
753
631
498
163
635
649
86
783
504
358
186
366
817
569
564
729
151
821
530
388
115
306
594
476
121
133
521
526
660
271
738
235
87
383
164
637
163
717
722
218
724
503
527
629
299
182
205
680
163
498
44
467
90
560
148
630
645
345
382
620
598
713
551
247
799
507
62
751
278
7
309
768
15
630
352
455
171
241
708
92
717
570
617
680
808
319
729
33
817
223
463
760
278
346
354
24
635
348
602
157
532
37
317
567
140
477
139
609
640
534
818
348
735
123
31
615
249
94
558
726
128
689
150
576
721
333
777
814
593
266
819
320
772
191
346
681
156
777
261
392
713
283
610
226
95
759
50
279
814
454
563
798
456
488
418
518
607
58
339
135
481
729
616
777
642
336
2
628
76
723
566
83
702
57
640
220
252
321
476
717
584
740
192
567
255
396
158
299
229
759
146
778
311
666
777
220
253
444
560
380
510
532
49
599
777
479
781
441
333
457
358
440
78
461
89
409
763
435
480
822
403
430
398
442
180
151
313
278
220
735
701
497
275
720
549
422
39
692
175
632
510
247
791
742
261
427
792
391
751
333
445
349
280
499
673
21
686
655
477
510
529
556
378
122
288
39
409
40
682
828
144
306
744
384
319
296
319
403
590
329
485
551
594
618
26
498
637
591
576
553
608
537
658
771
97
530
260
111
592
271
24
131
628
759
729
335
315
664
684
712
810
448
491
446
810
808
56
274
479
540
248
722
384
206
655
581
409
521
745
36
307
686
545
478
247
466
229
155
222
233
428
326
753
226
309
440
473
494
240
775
770
689
417
299
375
285
563
419
818
735
153
337
630
335
648
621
401
389
483
9
546
704
408
27
149
31
379
418
245
283
307
298
219
87
769
638
545
614
658
11
656
722
273
142
121
40
485
106
398
581
637
419
695
450
581
260
268
202
176
548
589
767
96
470
821
738
56
194
48
643
830
394
487
768
275
307
504
468
225
636
241
94
283
52
23
385
588
104
124
450
736
28
614
642
79
502
801
628
3
671
181
493
19
790
530
411
668
559
367
484
435
150
470
721
659
80
434
441
662
275
209
267
271
754
359
785
760
643
743
486
162
695
758
654
170
32
172
50
477
67
492
739
456
342
491
16
476
555
104
752
210
108
506
163
801
48
481
284
60
190
375
799
521
445
810
318
247
158
188
114
828
809
163
202
583
64
692
223
651
396
243
475
809
802
198
462
55
549
234
163
134
803
779
400
600
539
545
187
107
793
739
63
347
303
682
767
27
461
376
726
472
733
440
590
767
250
495
17
427
779
450
695
483
373
481
717
450
285
803
452
265
796
186
550
418
90
78
188
506
177
176
644
767
817
288
262
207
584
674
499
768
516
704
621
186
509
454
73
103
426
708
649
738
385
820
502
360
594
94
580
124
398
576
753
38
787
196
659
595
613
673
424
669
310
507
6
595
90
772
229
746
96
124
136
739
407
674
343
143
724
509
449
422
403
564
700
292
280
172
581
15
532
182
171
51
444
256
812
562
340
152
459
97
584
33
258
261
733
105
543
458
640
323
547
420
173
712
266
262
228
594
356
582
649
179
769
702
83
751
298
500
762
489
631
803
386
159
178
710
372
661
527
310
696
492
350
83
75
305
817
577
143
714
701
403
223
638
758
200
532
412
365
766
304
649
381
596
254
570
817
358
31
480
299
143
425
661
115
348
408
273
472
214
238
271
472
686
99
520
808
625
508
400
278
530
475
22
706
678
249
736
123
706
231
394
189
198
240
354
418
456
630
730
338
519
152
808
395
736
74
813
673
234
134
267
214
56
47
693
300
474
771
670
737
320
469
224
618
32
168
15
74
335
6
36
755
513
191
214
192
779
355
575
420
335
384
25
79
828
363
109
528
659
45
828
412
819
561
671
720
8
530
64
108
66
53
656
104
333
802
725
751
543
481
619
659
388
137
418
623
336
31
625
80
644
103
811
521
727
340
828
570
617
765
399
441
55
539
414
359
522
647
452
414
718
83
318
28
546
362
771
542
570
258
206
710
464
660
473
357
188
305
98
626
140
116
528
576
626
450
444
285
554
666
773
217
566
809
517
316
323
130
25
187
679
350
476
597
108
209
535
467
98
581
639
804
707
284
772
286
495
422
57
434
444
813
190
67
737
135
509
295
542
742
189
623
263
578
428
607
693
593
399
266
401
277
707
712
263
687
159
313
154
743
783
521
594
270
351
680
100
363
826
178
766
67
384
629
780
642
422
380
437
209
326
2
554
142
536
305
824
207
780
92
565
85
711
163
97
474
128
374
820
631
138
216
139
603
313
321
752
294
102
384
79
638
486
741
422
480
93
759
579
478
209
575
685
785
716
144
386
534
368
520
802
160
192
724
565
151
22
459
579
360
397
584
672
676
209
41
682
610
190
743
139
607
763
822
642
498
462
591
298
781
134
420
116
746
568
793
344
589
43
261
438
44
711
129
501
79
266
508
629
285
452
32
670
433
781
656
337
288
342
706
786
303
782
64
519
816
184
586
349
806
492
739
62
461
673
106
480
130
546
576
276
803
344
576
434
227
449
325
122
305
48
816
200
556
222
734
785
92
390
74
429
597
155
136
390
575
433
112
150
406
92
350
567
69
671
324
810
304
601
680
523
573
559
333
426
663
766
769
592
732
481
627
524
604
710
316
248
258
214
436
710
726
3
79
672
120
69
341
437
394
658
601
432
143
6
235
58
38
103
284
698
529
237
224
256
482
233
257
180
659
690
439
653
688
390
529
127
365
215
331
474
133
227
720
636
767
599
128
225
48
773
423
815
463
291
165
430
295
827
17
480
42
460
50
423
317
249
712
305
245
176
401
819
807
469
178
804
667
523
782
161
393
96
422
303
745
770
767
333
483
813
488
674
686
474
464
141
699
790
821
629
74
261
511
774
642
389
281
634
519
126
743
648
513
573
356
505
160
592
756
447
304
96
402
710
287
303
756
319
710
256
508
656
152
393
780
608
22
36
645
86
552
765
673
822
765
376
728
116
534
684
104
237
80
266
140
259
557
666
282
779
300
455
554
772
325
146
644
347
705
86
312
318
625
501
760
818
138
659
727
331
299
61
216
264
293
171
202
392
757
247
249
242
314
704
118
363
239
682
88
582
532
608
681
550
476
78
93
8
736
526
484
98
296
259
73
742
567
765
30
431
690
469
792
806
823
100
242
73
34
22
581
443
308
470
60
410
259
816
553
475
13
295
321
471
363
283
783
31
291
177
341
508
173
199
231
370
796
248
449
707
709
214
164
688
384
602
157
41
807
572
537
181
168
353
214
320
605
159
529
329
166
270
468
215
446
431
745
204
299
718
100
21
35
553
242
693
114
742
302
535
319
484
515
592
211
74
66
55
166
532
713
721
691
54
375
493
283
13
356
441
769
135
217
156
491
315
449
585
283
50
218
334
391
426
418
596
577
779
325
569
370
515
365
829
218
451
525
637
27
660
414
304
304
309
704
589
688
700
108
542
666
80
213
362
511
289
16
826
597
467
75
510
647
713
690
32
324
775
761
274
31
723
495
366
711
103
743
638
290
234
475
527
620
638
265
538
581
372
601
826
62
526
552
809
665
590
55
629
802
223
151
344
251
633
637
628
110
822
43
229
513
612
652
470
374
830
408
346
153
484
708
182
61
610
430
766
753
552
720
177
502
125
311
621
330
253
804
814
310
726
148
578
560
766
460
369
147
421
147
588
50
145
150
135
556
463
400
723
550
7
445
584
246
295
113
223
427
54
600
320
528
421
159
474
111
307
670
822
263
452
733
214
698
370
296
122
50
735
565
461
3
87
466
89
615
365
154
27
563
595
723
74
516
418
180
274
608
772
301
181
357
59
270
689
749
417
522
333
728
182
697
753
229
495
720
53
172
306
174
273
320
631
523
80
166
740
668
202
291
282
828
390
344
680
241
744
824
6
141
600
458
673
747
165
314
258
83
416
458
265
772
621
245
659
128
744
478
52
94
591
92
812
513
38
195
220
306
77
680
327
361
128
713
681
35
11
231
122
252
293
660
425
42
402
298
394
501
567
207
645
477
429
700
792
552
646
609
805
516
800
430
549
240
563
649
235
125
450
487
703
544
695
269
343
580
827
723
547
531
86
98
508
156
732
703
573
175
120
636
728
636
678
7
766
319
738
389
553
313
286
536
682
584
664
664
277
755
302
751
200
395
803
794
536
730
548
88
284
771
444
566
497
380
729
200
242
548
425
734
97
145
342
480
816
443
281
401
11
399
363
107
325
707
205
698
820
485
247
314
673
630
143
754
140
338
375
401
8
293
176
574
801
737
809
471
671
144
105
224
675
156
267
46
531
783
429
434
494
784
647
379
62
465
827
821
582
191
438
28
811
640
246
829
126
481
282
802
251
273
696
411
817
563
346
716
310
590
494
491
100
477
501
263
563
656
811
676
134
593
92
544
167
162
691
150
447
435
298
61
789
636
224
169
506
555
669
338
586
142
715
764
562
730
700
809
226
142
506
548
22
784
769
255
749
88
698
74
14
171
68
167
141
301
212
390
493
729
25
650
427
66
405
753
352
767
778
823
613
805
507
344
53
384
185
184
86
160
320
765
326
333
652
92
44
812
182
18
482
414
656
259
234
713
774
411
275
119
32
508
611
659
489
265
558
674
760
788
326
468
524
60
54
550
673
263
284
193
726
382
648
124
662
406
601
474
144
666
8
531
173
235
267
714
18
237
187
731
353
229
532
542
652
808
377
238
716
136
124
813
805
621
756
97
57
745
785
710
684
368
779
325
659
134
320
27
524
767
262
568
438
623
723
11
336
761
525
407
811
170
371
427
264
533
387
660
298
240
2
141
466
465
258
145
519
339
187
560
445
184
404
711
809
350
201
678
721
363
59
520
515
517
786
730
687
242
311
4
638
140
136
828
361
798
791
175
708
387
246
597
607
83
652
9
680
12
271
414
756
675
657
70
190
420
698
236
181
512
615
28
321
551
547
713
822
359
357
92
164
823
297
437
304
202
587
727
695
279
440
501
373
319
413
627
660
603
535
622
161
683
603
83
109
392
237
310
498
645
159
161
658
811
587
517
296
687
590
667
100
469
555
655
482
358
131
135
183
575
301
539
715
687
646
438
75
500
271
234
218
581
652
682
199
516
666
397
638
365
538
607
285
454
284
365
708
693
624
682
128
752
128
637
672
686
352
823
95
448
830
187
488
313
390
396
173
474
579
345
83
601
498
819
807
375
798
665
253
787
187
466
637
259
194
697
602
502
570
252
119
57
666
639
537
74
199
825
438
563
745
443
555
779
93
658
708
609
529
53
350
30
149
696
627
458
103
618
88
804
412
698
761
40
415
290
375
151
790
211
555
242
37
458
252
297
340
125
682
390
268
163
334
472
127
524
273
448
17
139
370
106
152
690
131
765
77
399
277
419
743
298
129
169
785
144
61
52
638
138
336
425
481
360
400
339
742
232
627
330
304
326
786
267
440
313
763
623
358
781
508
352
827
679
191
255
445
267
208
308
305
477
479
49
218
383
728
565
679
782
638
181
95
506
433
750
29
289
410
306
64
512
126
231
218
808
165
565
619
652
210
538
92
375
330
370
67
636
377
270
506
337
73
593
784
400
387
203
5
164
534
260
733
527
504
289
262
705
249
591
596
501
511
246
237
165
247
722
102
80
687
494
366
438
484
675
361
184
440
541
604
425
264
102
768
435
31
432
426
578
375
568
164
435
767
179
133
44
417
500
802
97
379
299
606
252
664
344
141
714
719
687
500
96
41
123
412
137
162
598
134
275
787
396
203
157
384
346
806
779
137
699
119
400
721
148
444
44
626
577
605
60
362
807
402
3
529
659
427
666
347
631
649
664
257
621
103
5
620
531
677
64
292
398
41
191
456
702
230
277
99
78
96
106
520
358
418
423
703
152
146
727
166
143
439
329
283
347
166
253
460
67
671
143
436
671
2
293
620
721
686
68
31
11
396
809
243
240
81
658
193
349
193
716
68
762
783
350
559
731
672
463
418
274
544
31
25
51
570
697
326
540
345
784
394
296
769
822
397
419
803
51
76
56
231
542
698
532
581
724
274
495
810
565
541
15
286
531
415
537
145
627
686
57
247
443
262
707
560
462
356
215
477
502
420
457
365
577
285
55
284
799
339
181
575
169
739
215
540
827
681
549
475
261
420
747
358
535
550
219
533
377
279
61
378
165
101
730
802
439
700
547
708
213
448
202
167
27
44
773
318
425
336
446
104
700
198
316
250
690
501
349
632
404
366
763
591
541
665
210
367
541
181
292
9
57
357
796
665
48
558
439
561
479
483
460
809
197
424
737
224
717
18
740
36
482
172
563
21
508
678
469
612
155
64
240
702
39
697
323
557
73
447
325
815
526
218
191
631
319
804
477
479
416
187
499
810
425
509
560
138
675
56
9
406
70
264
701
277
93
559
604
171
460
242
522
128
432
170
64
434
339
300
343
355
447
399
448
318
159
595
705
42
148
156
579
223
624
663
193
161
611
797
9
487
112
152
245
11
642
613
739
105
827
53
800
758
691
522
571
458
90
148
374
276
711
415
702
556
593
3
428
383
769
69
355
591
154
260
571
396
645
379
630
62
313
159
4
761
437
525
319
545
331
363
210
104
678
354
18
427
657
266
220
475
395
814
708
582
403
815
37
45
819
316
353
633
234
643
149
607
758
74
303
196
465
284
818
378
290
812
579
167
215
309
21
267
480
109
55
221
252
629
275
720
6
329
358
282
91
354
439
16
627
220
309
727
607
258
752
795
558
299
77
641
444
537
785
499
785
393
108
203
817
150
174
595
203
148
244
319
512
206
178
278
623
165
647
242
433
373
437
254
554
92
231
506
569
324
805
771
548
509
451
498
655
528
510
41
612
270
33
242
536
524
651
479
201
155
774
381
378
602
161
562
274
363
774
705
384
701
480
70
10
358
188
603
480
690
712
160
306
820
727
483
770
783
119
543
145
648
625
176
421
186
749
381
806
54
494
669
507
823
756
294
430
365
304
620
604
746
139
582
241
81
529
201
404
296
161
114
273
666
434
677
340
758
477
318
788
390
284
424
273
183
556
226
479
534
753
303
706
588
285
171
776
287
702
137
524
221
19
80
493
135
593
536
103
676
790
698
46
266
56
470
653
81
768
280
2
691
359
245
473
814
754
727
319
436
290
321
162
203
680
168
312
128
796
613
305
190
171
650
516
371
649
441
412
672
235
226
529
328
371
51
375
573
94
16
803
277
290
57
744
268
393
712
478
562
210
723
454
60
42
805
515
744
216
757
507
92
678
60
206
319
71
587
655
94
349
518
155
276
615
781
241
702
106
719
567
491
213
510
829
251
318
765
340
735
565
340
726
598
586
397
354
273
720
284
120
3
812
622
354
289
243
340
766
256
786
523
582
176
77
17
327
647
155
341
393
609
581
242
689
731
661
187
91
86
602
27
828
194
197
353
731
369
237
774
9
261
682
267
714
433
467
82
410
103
767
566
702
423
20
200
755
292
370
271
517
564
720
467
93
172
699
755
190
13
260
447
566
756
692
471
39
686
175
422
805
335
335
63
131
468
566
620
239
801
5
449
519
435
262
280
469
457
277
631
398
340
509
209
611
92
566
88
38
557
691
552
476
55
657
117
543
780
798
113
649
148
495
667
45
488
647
527
147
521
372
781
305
41
691
581
525
539
450
590
219
642
4
645
181
147
197
473
545
255
534
405
252
294
749
235
743
804
410
510
109
487
318
459
508
354
24
720
756
514
808
435
388
540
47
262
247
463
582
344
144
614
697
289
56
669
635
107
351
577
248
305
167
314
406
530
126
210
86
270
107
610
593
44
548
382
221
440
603
165
143
664
595
699
215
362
816
199
171
91
61
637
173
206
66
602
165
84
622
823
740
169
207
799
639
591
607
94
407
396
794
713
122
662
288
482
685
667
383
817
526
819
277
639
419
236
128
356
635
437
675
184
288
714
7
375
564
291
195
544
13
58
301
589
638
607
705
188
660
229
821
116
335
712
129
257
38
500
523
288
818
247
667
750
85
212
587
164
49
335
241
736
382
150
70
816
526
659
125
454
618
578
688
388
390
149
233
364
537
281
11
131
644
303
273
364
176
345
397
572
47
754
23
395
533
805
717
219
69
469
524
759
219
824
60
511
702
447
758
55
176
326
161
448
495
358
525
422
381
587
610
228
430
700
733
548
753
286
589
384
53
739
521
799
735
176
823
233
690
335
10
640
370
288
353
323
581
608
761
271
146
821
178
429
713
532
621
184
740
587
44
595
366
229
298
83
51
28
618
406
95
679
23
267
699
800
619
219
765
511
327
314
124
156
599
637
270
407
54
62
229
402
165
302
793
487
188
330
674
560
381
436
515
573
209
359
424
716
143
150
579
717
675
571
777
326
404
91
533
800
576
631
37
605
111
503
177
452
600
671
666
65
227
36
150
107
26
563
716
353
690
253
233
499
243
787
74
74
188
514
314
139
307
499
692
448
675
186
351
596
373
275
237
390
460
799
395
444
233
635
445
449
636
429
52
309
731
62
451
460
414
533
339
218
38
586
482
691
735
192
489
622
38
410
426
341
215
583
516
336
23
187
59
640
233
40
772
299
188
90
684
299
138
155
21
476
476
776
323
558
374
443
490
491
567
764
815
571
490
43
485
637
316
347
628
463
328
45
73
765
190
734
208
19
205
151
388
647
45
693
585
349
381
780
379
190
555
537
79
397
417
186
487
281
623
339
556
655
375
311
121
692
170
780
209
184
429
530
179
86
252
104
823
375
87
667
783
490
606
689
364
489
302
451
723
178
743
649
429
764
233
743
633
210
154
186
777
137
637
657
248
257
289
507
559
807
607
644
463
765
356
371
504
724
245
744
114
403
447
684
647
509
497
809
599
662
179
206
544
365
384
293
492
12
382
812
599
472
151
347
483
466
97
132
753
598
202
671
141
304
444
775
702
119
199
156
341
403
556
462
502
376
62
443
105
381
477
196
478
321
695
698
478
60
401
101
659
829
559
631
538
311
367
484
578
696
437
737
4
655
760
646
466
801
649
801
31
288
644
118
733
715
491
569
716
356
385
826
253
571
271
632
11
823
451
109
358
265
735
642
512
723
818
764
688
703
381
644
10
237
97
536
23
4
184
380
634
736
622
792
800
156
610
64
56
212
650
718
13
155
816
397
394
63
413
92
569
268
261
363
531
415
689
182
342
492
54
507
585
601
562
138
767
334
201
413
641
241
648
527
829
754
500
605
194
152
70
616
174
574
134
526
716
55
652
650
410
527
332
522
519
716
79
463
303
696
282
308
598
639
5
515
414
190
439
290
436
591
467
23
429
332
386
643
505
179
287
254
405
695
781
297
607
261
591
93
668
353
161
192
63
511
117
113
592
553
150
604
580
48
389
826
237
361
666
299
753
74
763
92
447
724
463
250
756
298
437
234
309
704
677
808
597
669
524
303
211
41
600
559
112
704
201
177
608
288
476
521
337
381
437
240
297
96
387
443
143
755
62
368
569
645
813
498
815
15
776
581
776
152
281
820
154
656
413
12
13
332
789
94
100
179
231
233
691
227
404
444
166
539
9
25
755
304
310
531
337
270
561
362
409
561
406
173
425
556
661
107
64
433
813
278
651
106
413
227
364
335
255
417
201
227
2
677
397
193
313
734
324
358
36
296
728
122
502
265
118
696
149
705
69
670
383
23
76
284
452
431
20
420
600
564
700
658
176
559
384
680
352
417
110
251
758
439
389
351
523
684
264
818
253
491
620
470
253
589
803
270
723
817
611
129
260
460
474
776
369
296
595
151
643
315
387
488
294
86
530
322
181
401
335
354
318
805
136
459
703
435
306
392
460
288
660
31
332
36
633
527
381
469
556
434
6
534
738
817
560
60
678
171
441
78
402
105
486
160
688
57
292
544
209
398
406
383
105
195
382
683
498
804
81
402
558
266
432
423
573
462
560
813
10
814
612
200
692
704
468
271
389
156
3
248
753
332
142
263
405
531
378
104
606
651
478
279
149
359
128
676
61
234
764
322
604
520
773
114
753
219
401
119
506
580
156
524
41
414
388
582
386
81
564
728
160
677
365
434
167
330
606
143
635
26
545
41
178
59
715
589
199
325
603
64
309
111
791
695
723
495
632
668
41
581
815
530
810
250
669
659
209
332
47
606
709
687
768
196
529
401
816
720
126
629
802
345
102
63
599
518
132
220
201
735
821
810
455
39
42
778
93
368
129
469
482
134
237
441
428
272
387
799
182
694
754
348
352
417
724
313
559
232
304
198
239
644
207
285
637
116
87
129
655
674
371
115
378
144
823
682
749
7
265
34
814
461
124
221
627
125
204
791
629
349
521
654
181
778
221
411
131
175
508
217
320
310
207
470
343
664
47
380
325
628
278
603
405
720
214
18
189
411
736
565
560
29
407
395
71
85
222
565
539
249
252
247
193
456
202
799
385
523
447
621
549
56
733
754
22
531
397
229
111
353
394
324
797
819
446
444
231
286
726
273
46
785
369
1
771
437
589
623
511
640
24
448
785
654
544
776
732
513
142
651
573
212
740
471
564
198
459
474
116
738
344
173
766
570
443
431
3
680
43
480
458
309
236
731
202
79
259
402
745
88
464
493
75
346
540
739
590
232
291
125
702
251
183
447
690
786
303
599
317
128
175
214
486
356
510
643
754
521
36
328
260
85
627
715
559
591
596
499
316
722
273
639
541
444
775
458
359
89
140
762
762
813
230
372
45
523
781
480
104
417
358
68
404
276
640
630
532
819
443
808
402
382
224
653
538
51
283
282
311
368
392
526
709
649
642
482
10
766
309
431
770
518
707
494
277
639
229
664
254
819
335
742
389
161
644
688
183
618
471
268
488
84
15
18
451
266
26
433
631
434
780
55
324
198
89
308
353
713
531
129
321
501
451
806
561
32
668
12
547
212
214
660
638
617
491
514
785
157
183
640
174
292
808
218
142
406
466
315
411
684
684
474
119
497
61
286
266
382
375
560
545
422
600
474
687
588
659
16
509
446
518
294
45
346
361
192
226
457
734
497
3
92
41
22
673
763
805
387
694
517
92
69
536
56
249
27
159
351
544
294
595
10
729
807
776
827
555
275
211
499
251
210
766
347
441
614
188
710
31
400
348
559
439
665
591
432
517
103
80
771
203
244
566
556
7
348
165
306
371
786
446
84
424
576
266
322
590
537
761
163
343
697
528
444
758
207
224
640
517
354
422
821
611
519
358
97
479
669
758
6
454
404
310
823
499
242
593
9
122
464
162
797
453
101
774
596
196
265
210
224
116
593
106
416
573
312
359
609
131
109
401
299
109
339
440
813
112
31
472
130
763
294
1
339
486
209
153
624
338
352
128
341
131
619
300
485
50
60
349
97
317
375
152
375
339
38
277
230
711
351
23
676
730
81
424
169
406
240
807
727
198
257
689
716
195
251
574
233
427
448
598
176
569
662
341
406
346
543
282
725
201
171
545
487
735
802
106
625
509
317
265
33
644
280
330
153
760
750
690
799
491
829
324
71
679
207
635
493
523
54
698
467
240
27
507
406
757
552
547
446
650
437
437
341
681
180
360
713
420
519
602
86
259
659
690
552
817
539
374
268
769
512
643
492
796
392
440
314
399
535
387
645
347
353
769
718
804
361
534
89
671
800
755
238
610
765
321
264
131
141
211
26
229
414
211
598
506
540
143
472
169
115
605
761
691
119
520
763
147
298
624
18
62
69
746
126
810
809
405
547
234
295
370
236
308
51
217
745
597
262
785
768
242
118
809
683
318
448
388
375
481
528
672
414
510
729
183
32
2
510
822
713
279
600
459
278
354
788
699
700
435
685
774
208
524
611
97
751
332
739
276
807
806
480
132
706
51
378
725
71
667
625
272
175
175
535
515
655
605
347
29
598
820
435
566
789
656
319
794
519
412
802
147
296
390
419
557
784
174
119
802
5
691
279
827
584
330
532
106
540
678
529
329
667
456
434
512
560
408
735
61
325
354
31
621
807
698
505
473
554
451
465
675
284
606
368
164
171
721
741
324
497
335
820
239
794
659
542
470
707
291
352
209
246
677
99
770
789
358
464
451
406
24
592
135
217
10
133
631
306
626
35
372
612
204
554
558
154
786
108
96
725
464
680
626
337
118
71
796
423
521
101
307
271
178
747
777
165
240
827
516
677
449
647
549
4
86
653
595
762
442
747
327
467
419
323
145
250
337
18
686
223
155
611
719
129
661
200
594
528
226
45
287
527
594
607
130
306
826
8
633
4
199
695
267
438
620
59
255
449
49
510
745
426
738
702
432
411
224
417
749
278
396
485
105
340
771
310
618
311
613
690
178
792
376
92
171
263
481
800
187
93
626
574
359
508
560
369
485
361
195
492
307
702
19
401
559
185
506
578
494
495
785
505
548
322
529
101
827
232
765
545
765
405
523
519
594
309
661
208
779
564
798
128
341
209
229
281
708
129
344
595
58
743
466
452
439
97
438
808
168
633
645
137
673
363
475
295
732
541
38
215
151
114
276
520
682
68
710
277
417
505
661
192
491
589
634
816
743
561
258
65
194
293
222
51
239
52
581
357
426
37
678
678
31
388
640
92
477
17
790
392
250
826
284
538
205
129
780
68
257
38
432
658
635
281
457
361
379
370
688
190
764
405
746
23
811
151
424
239
292
420
531
634
612
275
745
35
476
436
59
18
378
462
509
573
366
679
516
473
478
619
253
42
197
784
455
294
695
698
682
600
784
111
711
105
577
370
77
78
146
669
679
333
684
820
504
805
193
797
414
100
535
184
310
817
215
607
206
753
517
665
721
119
304
198
492
269
806
33
503
782
745
222
522
376
713
716
515
798
32
24
25
557
202
662
53
261
284
515
655
279
601
233
166
504
584
740
120
396
674
675
345
51
587
422
753
127
96
732
706
507
668
592
819
153
803
694
267
427
288
108
166
278
148
661
652
152
338
245
565
781
2
783
295
169
699
571
160
43
375
769
649
215
22
726
726
367
756
735
371
220
483
587
789
25
417
106
245
307
727
454
510
670
784
737
245
255
538
85
756
722
423
386
116
22
38
816
478
713
524
793
120
197
59
212
485
262
486
223
274
391
213
65
396
66
378
340
114
446
111
601
93
85
705
644
101
439
825
806
274
610
204
606
595
765
488
419
352
690
792
175
168
512
706
499
54
29
515
578
550
218
712
702
493
171
80
693
284
294
259
368
738
376
82
98
225
612
235
424
103
504
249
75
85
425
460
97
458
163
367
485
49
807
484
45
823
178
177
800
383
477
744
682
47
503
716
88
464
308
58
146
67
721
646
810
708
61
344
615
596
691
98
364
815
791
262
422
180
298
682
536
733
430
303
226
459
574
275
55
188
221
178
803
559
34
102
404
586
823
616
435
798
656
551
699
445
15
274
32
377
249
729
737
296
175
8
540
154
480
736
467
17
693
544
119
185
445
639
813
480
638
751
73
670
586
556
322
33
499
505
517
740
484
63
529
167
252
150
445
59
588
73
360
377
655
708
755
812
132
331
176
117
515
793
308
2
29
608
237
1
696
675
492
720
773
186
340
436
150
140
86
152
235
160
376
106
781
783
778
746
562
595
677
555
561
587
421
680
39
404
830
36
85
830
192
177
103
107
763
613
717
598
161
450
216
392
174
773
142
456
600
217
71
38
323
478
592
317
259
611
66
691
191
754
593
547
384
710
429
648
402
625
759
563
745
346
299
493
657
810
463
452
582
252
366
820
317
488
420
815
26
752
404
721
558
452
500
547
308
65
645
488
106
414
816
482
195
64
559
620
636
173
489
723
573
736
757
612
158
279
385
203
449
386
397
377
223
354
543
454
315
536
381
28
389
795
184
75
803
152
790
769
289
738
558
250
728
621
699
550
237
261
763
104
345
674
154
342
250
523
52
338
758
226
487
807
141
221
346
328
715
179
543
714
520
282
477
617
83
51
289
446
34
687
485
618
722
263
358
603
373
467
678
384
7
548
753
457
562
42
690
588
636
446
632
740
137
109
127
478
499
555
133
696
735
303
29
58
440
223
166
446
81
753
630
562
327
376
227
559
766
490
450
307
606
667
580
725
230
246
72
694
808
269
20
129
100
554
640
146
145
410
425
399
10
728
161
484
627
395
472
131
580
795
110
195
201
154
817
113
444
495
736
394
300
342
214
761
347
495
388
454
420
815
697
527
51
519
473
344
385
214
132
200
314
143
784
477
543
520
119
808
474
508
783
666
566
403
644
89
125
695
120
670
616
303
534
39
445
408
135
435
632
604
807
756
507
98
532
636
565
667
782
182
776
133
415
295
554
210
483
824
221
748
377
217
83
490
677
85
721
159
825
318
276
516
145
50
59
158
72
81
78
170
589
412
78
236
460
485
628
234
315
263
588
106
800
354
561
26
698
189
67
89
209
142
52
532
224
700
107
39
580
598
434
701
126
470
336
343
328
830
499
713
59
39
377
205
413
31
655
201
361
700
285
680
91
3
448
776
370
815
790
10
146
255
782
144
731
574
795
297
384
542
541
378
526
453
113
568
107
671
50
685
403
109
646
15
113
109
212
309
172
84
704
408
84
293
59
242
481
400
38
485
781
560
66
209
758
239
730
186
540
258
638
30
582
582
652
512
146
438
453
564
347
640
171
425
347
364
127
352
71
523
537
176
289
769
546
316
26
34
166
94
479
463
72
48
820
719
121
476
205
118
587
334
447
157
519
92
558
349
334
7
669
366
316
473
702
108
184
115
217
476
246
756
805
518
360
554
462
744
100
585
645
694
183
744
646
435
392
402
554
93
506
240
724
319
488
507
452
243
301
340
26
113
549
432
714
756
117
780
423
170
573
618
400
336
561
144
536
524
481
696
511
284
72
502
155
612
269
418
708
818
103
335
334
28
451
655
206
429
784
543
420
760
215
332
136
702
808
239
751
565
594
133
56
394
764
723
67
441
317
770
746
664
727
514
411
740
585
146
612
645
448
462
318
55
548
827
478
494
756
240
750
799
84
717
516
161
408
469
156
89
409
697
296
564
139
83
101
400
66
277
375
124
744
662
38
748
759
308
127
351
384
309
511
645
814
625
325
54
21
829
724
103
45
367
24
616
781
164
674
796
678
687
717
133
307
628
575
461
567
65
123
675
714
587
777
540
628
224
247
231
614
653
790
513
103
825
79
81
384
632
157
613
291
454
608
42
425
399
528
511
715
37
629
548
128
363
683
216
677
156
639
762
573
247
728
60
648
261
348
524
516
796
451
378
125
740
173
59
559
527
163
774
332
575
774
236
27
75
810
732
514
827
105
669
499
770
589
496
420
350
729
65
829
240
3
153
440
412
180
64
446
817
546
169
427
770
646
821
665
432
267
202
403
347
23
84
725
298
473
728
810
635
330
675
754
111
263
221
737
43
635
211
184
556
608
32
237
780
684
751
465
710
235
759
493
493
26
674
389
644
532
679
23
597
723
672
5
81
726
458
623
818
330
306
191
308
2
354
51
260
30
105
804
618
293
491
643
398
199
36
465
795
202
539
62
465
369
298
596
268
328
762
680
798
297
612
42
73
524
464
149
726
736
304
523
712
97
422
28
195
375
627
586
816
374
392
177
401
538
331
441
319
630
57
372
396
126
812
812
294
526
519
579
250
125
788
355
331
309
457
52
420
394
504
419
426
253
117
766
605
412
688
252
433
106
807
149
438
465
823
247
537
593
629
284
25
723
732
446
79
698
423
512
582
352
248
307
137
778
89
283
272
733
265
391
491
506
477
101
421
79
11
765
184
729
595
402
609
293
580
527
240
688
572
153
333
788
294
713
495
414
328
155
313
259
337
597
585
360
623
185
530
619
474
277
494
453
478
742
463
359
39
656
142
514
281
430
737
201
276
594
394
567
418
52
162
402
482
15
798
270
508
649
681
277
640
187
413
218
129
361
191
577
609
518
474
305
644
21
7
529
759
235
133
552
442
354
556
406
295
793
577
524
220
19
360
295
140
765
74
573
377
138
686
128
459
38
496
612
229
183
405
754
341
348
418
266
97
439
39
256
33
295
613
253
440
448
86
250
69
734
606
728
150
645
367
189
297
171
151
827
634
380
391
494
818
762
497
736
255
436
144
492
534
799
415
156
537
693
712
447
789
264
488
741
556
88
137
292
660
583
515
392
37
720
724
73
750
795
49
798
461
122
429
499
587
400
286
265
240
421
56
190
31
32
434
471
753
712
623
655
288
291
140
352
643
84
159
770
651
519
396
776
778
790
816
771
124
611
515
695
651
160
101
735
320
350
363
694
282
659
522
828
522
27
143
181
537
670
614
64
229
299
9
104
445
810
302
283
339
138
795
390
490
778
514
149
237
700
702
374
609
525
395
596
425
640
589
203
316
692
758
226
638
61
574
331
531
606
720
418
435
416
629
245
247
550
267
495
765
728
688
259
391
682
52
677
181
156
288
307
543
134
757
345
810
279
26
309
569
617
567
811
511
794
159
129
41
40
17
265
427
386
744
830
730
124
463
292
805
450
584
149
451
592
697
436
508
553
363
429
482
522
244
741
626
596
309
198
646
726
78
293
181
579
675
462
493
322
486
584
26
361
443
12
616
643
351
450
514
826
289
209
396
616
103
416
691
490
401
13
345
732
636
19
396
293
227
631
90
94
570
111
130
458
20
134
244
802
267
516
177
406
353
771
151
572
66
261
671
101
62
609
107
792
308
58
624
532
284
297
95
581
567
389
823
743
755
655
691
343
656
727
210
545
783
332
652
369
151
613
285
779
244
7
51
7
547
108
392
71
453
174
350
506
445
369
708
399
319
303
28
27
389
640
100
44
563
719
474
420
225
360
409
99
218
314
136
703
613
140
49
91
434
334
104
405
573
258
804
38
794
786
767
457
353
286
818
591
346
55
358
264
777
218
461
629
734
403
491
203
689
691
729
226
227
768
688
613
555
610
85
176
328
445
245
307
27
289
84
826
737
207
336
381
669
140
523
330
245
590
791
600
684
769
772
178
72
198
226
132
496
466
396
821
126
216
450
141
549
192
794
490
630
589
2
635
772
780
563
675
762
443
197
758
608
362
417
92
519
401
513
161
610
191
337
741
182
524
343
189
368
395
481
208
414
423
55
624
82
692
115
388
347
584
792
669
159
411
548
169
227
617
447
199
633
496
678
34
217
311
598
810
616
386
626
670
801
85
291
820
681
163
288
768
256
166
210
339
411
335
440
408
643
820
72
780
811
748
531
189
60
561
472
341
186
142
462
428
539
639
733
592
448
142
129
766
695
677
245
53
711
463
752
606
460
812
340
223
445
658
450
703
741
493
380
324
399
806
1
756
714
61
759
307
828
212
650
621
683
367
222
173
789
15
446
627
255
766
26
286
442
681
231
78
187
439
288
462
108
468
274
27
581
535
188
602
649
572
522
108
583
708
551
817
695
352
621
165
753
56
808
236
242
91
626
294
308
810
780
707
384
589
252
730
147
746
90
116
314
25
264
728
97
449
84
600
507
154
694
212
263
332
214
462
49
445
535
365
759
778
577
48
424
702
224
752
506
541
553
568
521
44
501
310
361
233
475
520
379
687
561
549
555
151
613
421
503
258
249
428
250
418
694
54
713
286
195
64
644
804
719
782
222
224
379
244
298
207
386
688
541
9
664
294
234
716
639
24
139
734
372
554
406
558
87
159
43
344
828
786
637
257
129
107
459
42
276
290
810
505
187
135
486
699
262
553
665
255
122
290
820
763
328
168
671
211
111
299
306
301
590
296
420
600
372
137
441
588
540
216
423
184
546
777
345
446
488
83
142
113
52
600
41
429
353
20
569
564
704
488
223
518
504
763
678
472
454
649
591
601
324
584
221
142
18
438
245
7
252
310
358
417
619
432
509
473
695
443
646
54
15
132
644
678
654
532
355
4
440
713
60
472
154
771
254
298
26
543
798
116
250
366
256
571
671
688
576
370
374
448
461
387
348
105
198
786
120
802
285
663
577
319
225
437
364
662
276
185
624
586
234
151
505
168
692
132
498
475
291
165
561
202
222
123
546
300
395
513
626
304
304
260
21
732
524
622
553
35
634
612
796
737
1
101
423
116
141
346
491
769
104
193
340
471
287
208
666
649
188
21
569
202
639
404
548
299
609
632
434
755
288
757
57
623
144
570
442
468
741
388
484
44
246
720
421
505
393
737
603
115
364
44
544
117
584
800
510
754
145
245
130
603
520
448
521
736
418
28
541
128
94
639
180
803
177
65
48
362
193
606
119
12
271
483
651
479
329
82
279
21
243
283
794
276
728
750
155
421
309
230
265
356
730
61
447
206
631
219
96
135
330
234
580
299
372
474
805
601
608
734
465
322
167
148
530
12
694
621
652
605
72
101
694
71
710
367
448
403
24
341
548
538
36
433
480
52
142
91
152
765
287
782
373
146
299
345
522
424
369
602
694
380
754
668
451
117
100
391
445
359
482
812
599
236
240
236
23
214
812
311
381
163
647
513
245
828
256
652
336
220
816
724
616
615
229
34
32
48
712
747
522
460
249
635
28
89
178
203
530
151
199
621
465
418
279
336
188
438
508
442
270
789
351
420
370
685
483
118
497
424
677
375
530
540
386
438
678
501
145
385
245
75
439
729
690
735
741
238
51
662
799
314
394
176
114
137
819
132
825
620
638
111
719
651
265
140
780
606
734
524
73
232
414
340
574
632
263
610
81
247
781
544
448
473
558
587
340
230
433
595
55
622
361
426
446
202
680
158
25
134
805
664
793
649
18
341
293
534
106
778
360
552
708
456
121
544
776
449
195
562
18
622
781
396
214
208
349
300
680
824
489
362
682
150
234
250
52
7
717
506
586
730
468
803
619
652
671
232
674
472
118
640
584
326
654
185
199
167
565
497
53
24
219
728
741
154
607
558
141
532
556
812
245
403
193
85
480
617
449
335
508
512
275
665
181
216
242
174
550
168
233
335
651
3
99
100
458
791
323
449
694
114
105
690
439
568
303
369
149
672
382
698
427
534
770
251
767
407
580
48
92
55
655
324
728
55
262
547
823
341
515
339
313
585
382
603
545
806
755
267
543
568
150
744
406
825
62
364
447
644
643
695
92
17
679
645
392
56
747
546
474
259
656
417
694
735
771
365
814
137
336
466
161
829
152
343
809
527
390
674
493
736
790
709
627
286
537
160
666
491
577
156
325
536
710
748
360
198
816
555
278
708
136
92
73
295
364
146
110
605
762
66
696
710
367
771
539
623
696
62
610
698
736
112
425
609
561
211
406
684
749
200
198
595
14
336
331
212
690
561
88
157
472
623
445
732
675
773
426
133
637
614
259
39
51
478
747
56
483
288
691
510
802
152
240
244
712
572
815
143
129
787
441
224
519
633
552
144
357
299
255
58
756
250
447
93
5
204
646
564
798
620
124
358
510
43
293
608
178
719
253
134
59
352
790
478
175
524
414
520
307
522
267
103
130
293
194
15
232
516
764
20
321
589
709
326
740
452
7
8
555
371
430
309
184
390
137
732
821
135
319
613
415
540
9
647
588
516
656
189
374
734
488
729
469
379
726
206
243
809
298
704
584
84
532
395
489
376
383
357
93
697
106
309
219
304
706
93
686
480
235
271
379
151
653
377
722
672
394
433
420
645
800
61
485
742
136
802
24
472
499
329
327
489
129
135
207
331
738
709
273
354
312
157
306
2
215
672
464
824
795
598
139
378
410
40
79
723
195
632
300
613
395
570
678
814
273
631
627
262
413
99
806
255
259
579
242
698
248
747
705
457
259
455
240
367
681
591
60
8
618
800
783
769
575
187
307
579
485
370
141
481
759
293
29
467
186
516
633
369
553
583
304
628
542
451
500
514
39
322
231
217
768
782
693
822
701
640
745
201
789
744
348
192
347
19
663
723
492
623
488
134
148
286
628
495
166
383
802
760
30
644
714
736
333
244
763
754
558
316
551
22
198
722
181
721
815
420
27
742
715
737
192
499
482
506
307
603
215
726
141
120
36
558
64
724
313
196
265
614
602
578
771
519
826
375
380
818
266
310
783
258
761
2
412
661
95
412
647
537
567
406
502
811
266
692
438
39
352
74
331
667
392
319
433
96
523
606
252
644
234
16
806
327
246
751
427
598
297
316
571
696
100
408
511
768
601
816
483
513
602
759
719
755
566
732
261
122
682
93
679
181
24
361
825
321
735
584
542
513
673
827
732
60
115
565
85
593
619
70
589
329
140
187
788
588
302
420
587
759
234
618
72
689
151
587
101
656
382
518
261
80
221
30
84
546
264
614
377
268
143
470
710
162
781
42
479
451
733
8
638
304
385
427
353
811
137
127
609
655
140
173
467
146
493
42
797
83
468
514
721
112
51
617
46
417
394
339
215
241
32
653
105
735
256
467
513
388
356
81
329
513
69
826
414
554
466
324
312
576
737
206
595
328
199
18
222
778
10
799
115
74
683
121
324
744
619
505
582
373
292
291
711
377
107
107
365
433
364
810
558
399
1
517
342
762
530
254
434
303
105
501
283
662
243
539
154
216
613
56
347
736
460
74
282
200
762
341
523
177
529
22
634
785
475
129
231
750
495
610
714
138
617
138
539
300
599
386
474
709
768
190
778
193
436
481
644
202
155
703
527
224
383
191
748
521
791
558
672
73
701
551
191
343
666
335
650
387
106
579
475
156
800
226
753
312
258
716
603
139
105
141
227
48
657
403
516
657
245
739
724
686
647
245
196
743
363
552
550
758
383
416
486
214
771
713
255
237
525
214
536
434
558
601
312
363
580
442
759
667
207
713
812
119
724
2
567
52
310
77
577
789
20
38
527
84
265
226
823
589
146
228
192
158
677
8
104
703
346
809
59
755
652
800
588
302
641
737
72
548
526
336
749
280
497
25
483
465
186
245
593
763
753
350
829
122
373
390
247
659
737
466
385
361
629
234
82
89
635
673
819
71
647
237
606
71
189
421
79
770
186
426
769
43
355
726
64
475
593
61
56
748
87
378
600
334
651
815
395
355
466
685
45
571
250
520
119
652
656
618
209
439
701
290
316
579
341
55
268
770
682
638
82
55
462
46
723
798
391
305
618
65
498
410
139
203
75
51
580
301
312
257
661
145
748
740
639
100
633
666
518
617
448
183
153
157
193
79
226
698
226
695
722
746
462
624
450
248
442
294
536
386
52
496
162
462
55
807
624
4
575
232
372
483
72
767
535
114
374
203
13
405
243
801
276
802
703
144
117
311
677
194
458
529
436
287
503
484
510
788
330
615
184
544
454
793
34
157
760
26
81
291
444
663
468
46
393
446
151
828
26
500
291
828
96
490
517
479
386
60
819
31
205
435
452
367
744
585
428
266
395
801
207
647
178
232
826
313
29
210
514
421
742
117
117
452
26
364
212
762
822
554
342
693
563
786
460
132
377
810
188
594
376
254
504
664
137
250
270
820
667
548
585
175
771
186
24
111
50
602
62
148
766
547
526
518
772
321
372
177
347
135
269
349
686
621
766
724
770
220
510
566
356
711
629
196
556
168
579
628
417
43
48
819
28
702
635
216
596
780
364
349
354
787
534
253
149
743
156
228
571
321
151
392
453
317
487
552
536
560
101
200
411
227
805
5
506
28
224
431
28
602
626
748
36
676
565
514
409
281
409
209
299
502
824
829
313
635
589
135
75
198
707
352
772
690
485
627
422
469
275
77
644
419
816
401
507
366
282
707
497
651
522
697
83
257
654
396
584
312
192
114
766
160
779
158
300
355
611
802
506
827
811
259
599
288
691
141
218
743
210
677
28
736
796
439
616
292
106
712
114
148
365
37
680
609
497
108
292
412
387
417
178
259
339
785
69
546
85
481
427
409
636
94
462
577
551
7
281
541
821
806
270
142
770
71
351
368
762
429
241
202
360
796
214
701
234
570
185
453
388
179
291
360
135
270
271
132
342
516
391
288
786
100
528
104
517
322
619
734
506
756
582
390
815
320
546
64
662
573
586
30
548
485
296
382
262
780
735
216
228
759
539
819
148
282
208
297
530
348
444
652
21
81
54
188
104
239
791
598
604
366
784
568
385
673
294
197
577
807
703
700
173
739
752
114
24
254
318
586
665
496
73
796
267
288
46
611
325
460
684
278
142
626
703
785
790
491
519
706
348
643
105
613
276
200
323
814
432
212
741
625
688
142
556
820
271
582
476
504
20
535
288
305
83
579
85
581
338
392
18
628
766
275
157
780
812
500
536
811
526
173
687
574
70
73
641
493
429
304
550
179
142
752
397
87
753
496
77
797
586
362
682
398
392
646
510
398
336
514
174
517
73
362
206
177
621
178
287
272
627
681
317
266
81
451
74
405
778
237
543
684
715
414
259
348
825
87
110
761
226
589
772
462
580
49
821
293
824
762
514
51
508
769
497
703
489
673
399
563
359
638
168
659
409
196
81
192
488
395
164
768
587
538
458
458
466
131
298
556
427
453
158
335
197
734
559
404
492
673
236
807
132
12
529
336
2
670
746
666
589
197
650
536
145
555
678
288
614
209
202
570
166
316
772
732
810
665
332
27
186
537
158
647
482
410
352
101
662
713
653
769
51
190
476
654
630
299
124
526
245
102
581
381
583
470
445
534
737
410
78
687
54
341
616
32
101
623
650
549
315
724
636
220
340
390
35
697
659
584
328
417
151
588
638
680
662
60
349
417
78
777
116
405
37
260
208
711
705
821
577
140
246
77
89
704
708
157
279
29
818
765
506
690
169
609
250
477
332
54
647
339
732
431
199
682
346
666
607
217
490
481
263
40
376
350
325
279
821
744
284
47
712
180
345
65
708
132
713
455
666
505
193
64
257
99
624
722
59
547
544
711
75
680
248
622
263
456
486
515
260
670
415
46
811
121
760
103
622
746
210
793
505
72
729
499
443
130
302
144
732
700
45
373
94
803
343
709
194
438
497
127
249
474
145
140
34
41
792
531
379
109
523
450
435
547
681
175
241
446
559
583
714
717
811
331
816
706
749
103
526
754
211
402
692
414
758
656
241
227
97
562
451
700
613
746
799
143
623
671
615
357
640
343
115
237
429
339
141
219
482
202
91
748
643
459
11
216
415
802
243
792
34
121
730
265
668
94
780
655
369
241
452
259
139
295
284
85
272
361
539
63
192
528
36
432
560
692
699
572
570
115
418
125
110
555
548
307
629
297
557
304
525
21
645
232
205
408
785
497
285
648
529
118
48
97
687
478
538
545
421
540
497
106
600
649
419
722
331
407
716
651
325
695
129
211
215
139
253
316
708
121
154
326
797
798
246
569
434
190
123
341
268
681
727
98
429
127
393
830
89
729
640
566
429
550
115
194
18
763
543
521
36
625
370
248
69
651
84
158
632
315
64
660
782
514
493
218
733
261
128
354
449
276
143
76
66
354
484
470
783
820
266
440
453
506
104
591
434
793
386
213
96
49
45
93
580
446
333
430
475
163
317
108
716
385
260
55
419
17
396
161
9
677
380
360
330
164
391
393
417
586
666
314
77
54
455
826
33
103
487
728
214
655
797
823
536
556
262
171
745
307
806
415
7
715
471
483
710
542
88
148
64
418
83
712
511
426
102
769
460
514
647
18
698
569
519
380
63
680
35
45
605
229
639
578
413
278
558
411
507
40
318
208
826
752
737
80
635
762
751
424
606
22
307
515
691
823
403
502
411
509
134
67
776
62
693
422
361
746
227
562
258
422
476
827
221
48
221
510
39
362
129
142
681
471
444
76
87
531
239
769
798
65
355
2
472
748
594
385
802
163
601
520
202
300
513
592
399
767
670
502
194
761
434
340
486
718
101
331
531
441
551
465
318
429
460
342
660
719
110
723
684
150
804
151
35
713
780
70
396
540
180
320
716
818
523
668
293
134
223
439
777
510
624
196
271
625
740
10
250
591
50
56
722
634
584
105
744
329
377
661
739
620
370
387
214
329
296
297
490
526
446
168
429
253
515
298
546
668
231
614
201
515
355
613
284
767
362
108
666
360
361
659
684
380
829
342
343
475
820
261
629
279
367
696
230
549
685
361
411
122
342
56
105
585
567
223
140
264
659
127
419
538
797
310
232
718
549
622
11
679
644
361
703
191
26
176
43
19
113
752
208
417
139
618
649
541
618
86
325
787
753
739
453
734
678
98
771
663
552
729
615
727
670
281
814
517
3
691
268
758
421
517
691
751
86
629
422
807
146
66
272
673
101
579
545
105
541
581
184
518
490
105
276
6
627
98
180
425
13
158
647
722
757
34
571
193
675
483
200
478
375
792
563
60
672
153
130
408
217
307
787
486
38
217
520
169
685
110
30
326
31
633
138
703
34
230
409
55
82
163
767
553
806
315
266
497
542
686
666
560
714
253
88
491
260
182
634
498
461
110
85
519
335
588
660
33
478
679
524
271
509
10
234
308
543
158
253
89
345
699
484
133
506
164
226
142
213
788
590
583
357
229
664
543
45
124
106
183
235
716
329
385
167
401
212
244
307
512
41
236
361
22
791
487
478
725
7
7
11
710
495
341
639
827
408
20
764
618
223
121
637
14
620
102
518
147
184
644
112
456
80
326
568
420
308
323
114
578
716
157
521
430
271
756
707
129
697
429
721
159
639
70
622
439
76
419
379
254
584
270
495
491
716
317
681
340
772
569
195
29
49
646
793
364
393
90
115
185
385
65
562
633
366
605
529
449
620
427
826
376
191
683
234
389
89
377
510
768
570
748
770
147
611
104
710
12
493
438
232
419
805
347
3
307
455
829
263
48
153
226
408
377
724
807
596
657
384
538
441
367
456
254
261
647
94
50
197
323
459
21
306
823
275
265
403
398
96
346
701
140
331
483
235
604
651
597
290
401
107
685
606
739
633
329
469
300
48
15
781
719
771
489
632
373
300
187
462
596
700
108
549
664
458
253
44
634
2
4
466
535
70
413
192
523
163
801
365
747
401
203
631
431
380
828
252
300
538
362
159
195
379
583
135
520
613
632
176
238
663
57
458
633
292
431
609
323
386
40
657
401
819
209
380
81
560
34
72
55
728
690
227
378
229
496
754
322
750
655
468
118
56
59
556
591
393
594
325
395
451
297
313
582
332
31
336
152
394
635
165
362
129
153
381
455
601
407
69
46
392
830
444
685
279
342
451
475
70
773
325
415
776
570
192
548
154
236
391
541
434
435
329
505
178
130
32
285
433
7
525
437
703
365
262
534
806
561
360
615
97
108
462
735
639
54
132
159
100
99
11
310
618
594
707
798
461
91
661
671
695
80
216
497
119
658
42
191
175
193
541
415
775
266
417
303
360
703
644
284
564
309
768
469
813
380
336
211
356
495
365
561
302
706
157
592
168
808
334
743
104
8
265
553
294
450
178
428
788
212
780
55
223
340
241
467
540
500
735
523
255
363
175
829
727
4
231
114
779
285
226
562
614
570
233
721
230
601
470
797
536
162
673
230
290
98
492
446
804
586
753
746
492
646
104
175
141
762
144
439
566
772
718
830
188
299
535
140
669
175
424
353
15
433
360
618
303
689
593
591
435
670
248
502
463
582
119
159
547
426
278
406
521
310
557
332
6
57
549
733
288
198
144
565
157
649
514
336
782
388
603
46
5
99
557
3
686
484
208
153
510
564
497
576
62
635
618
429
267
524
256
633
717
217
645
358
7
572
731
250
636
462
810
550
635
87
726
222
685
35
41
82
349
422
770
623
103
807
341
125
650
617
29
598
786
385
611
501
462
444
645
616
761
676
385
424
459
809
431
195
821
708
246
719
769
633
155
160
420
9
503
757
228
73
310
704
285
675
359
373
658
41
717
459
799
18
545
745
159
662
604
560
479
664
677
456
372
409
130
488
752
9
166
39
694
9
455
280
82
345
456
763
746
358
829
118
600
321
252
284
580
680
65
347
184
380
362
31
360
102
734
775
546
410
269
35
328
156
731
124
676
199
701
538
233
621
248
388
572
571
146
40
766
57
574
667
798
329
151
721
492
765
284
660
54
178
649
20
290
324
651
161
482
730
409
612
23
634
5
131
167
3
588
358
161
229
496
370
489
754
729
327
828
668
676
811
505
370
57
150
710
398
585
805
2
826
141
49
130
819
235
358
636
646
148
413
132
50
281
634
607
324
654
600
505
783
189
195
468
156
238
758
635
392
277
292
590
616
628
96
256
461
463
42
746
397
349
689
63
606
717
787
130
211
557
749
601
628
234
182
493
799
484
186
358
396
684
548
105
317
468
513
578
533
144
570
490
490
782
391
728
144
709
267
62
427
648
364
282
604
361
173
356
679
70
37
753
517
465
24
779
663
147
433
661
313
227
126
792
335
514
132
352
708
734
746
237
732
475
678
762
740
647
235
584
591
567
559
492
224
725
715
563
305
779
506
820
448
611
763
134
488
102
513
826
119
399
351
483
127
621
675
454
59
806
263
549
592
390
164
123
667
666
755
495
551
319
593
288
368
642
642
2
450
740
166
646
424
808
20
170
396
662
412
737
799
826
146
426
189
6
600
170
714
717
728
261
12
417
371
200
233
669
237
788
541
442
766
359
495
161
715
33
587
327
595
226
413
204
468
546
192
10
611
799
801
797
452
701
383
267
568
269
153
621
292
658
570
517
818
212
240
32
459
282
403
137
19
98
383
362
177
682
78
462
717
281
779
701
223
155
13
393
465
565
713
772
512
445
523
285
130
46
684
510
154
728
564
766
55
548
667
268
451
712
751
103
24
16
809
647
45
126
98
635
434
179
547
36
790
794
592
103
604
592
164
799
771
49
662
638
440
690
247
675
567
503
453
438
602
700
680
706
565
626
671
261
375
624
286
591
786
151
574
263
535
282
139
421
417
813
443
585
274
140
129
624
180
543
672
111
432
359
85
178
152
193
560
495
364
191
560
23
506
822
665
820
196
94
545
141
726
464
783
451
47
442
60
110
81
507
748
313
77
360
52
258
554
310
9
329
739
432
710
252
689
472
80
500
193
33
769
324
575
764
607
466
455
176
486
592
515
744
257
16
568
192
745
569
479
239
586
659
817
294
225
483
233
317
186
518
571
700
685
553
669
307
140
104
90
342
740
578
242
300
705
118
109
693
160
681
502
768
777
658
63
4
381
273
664
538
730
769
75
775
113
217
302
114
224
176
608
10
572
420
650
306
431
619
345
673
500
344
263
24
172
58
215
240
793
32
822
673
307
815
170
529
39
445
513
549
652
122
147
82
218
675
322
625
744
471
623
607
749
563
3
430
587
551
243
236
35
29
599
777
662
751
638
205
330
157
104
373
509
370
719
497
602
623
555
696
253
374
475
459
296
660
457
82
625
541
640
137
569
258
414
329
408
20
6
68
381
609
266
527
499
596
125
196
500
9
230
174
103
64
632
551
53
562
258
440
568
813
626
519
112
97
215
118
462
209
186
23
769
373
488
86
140
42
499
697
363
575
80
632
747
336
71
54
803
173
546
633
152
360
424
261
398
817
341
789
427
190
225
391
462
21
218
814
102
696
595
700
592
642
360
388
828
480
570
480
281
13
522
768
599
425
409
506
140
69
816
477
600
11
366
419
40
627
201
263
71
43
504
174
657
421
714
226
664
493
679
147
546
338
58
499
784
195
624
692
565
122
163
404
772
37
707
618
702
60
59
487
632
465
515
81
605
266
511
569
387
529
89
822
639
445
22
693
799
11
61
714
150
464
387
781
201
59
299
765
348
826
723
257
214
665
101
489
148
670
314
773
246
140
262
380
55
463
514
526
495
703
667
632
226
718
576
401
589
9
650
77
651
17
792
673
407
613
407
598
22
489
414
392
608
645
822
409
643
458
801
589
468
504
806
413
329
640
560
157
695
240
746
316
528
470
312
734
202
181
306
287
718
67
739
408
613
86
714
32
357
649
612
501
451
580
495
544
54
614
647
689
118
380
819
608
634
136
419
425
513
65
353
387
168
211
44
516
567
444
450
684
217
493
548
511
318
388
345
492
664
307
197
69
285
145
466
103
430
225
401
259
783
448
783
454
16
629
686
413
55
712
80
296
625
447
525
205
756
88
738
627
92
602
801
38
376
732
248
634
428
796
151
38
48
369
534
213
523
404
425
403
252
226
96
272
508
436
598
564
344
248
370
332
470
662
626
273
100
215
155
106
65
408
561
376
372
451
830
182
681
455
327
461
609
219
399
743
570
665
241
337
682
176
760
318
596
238
797
422
87
37
149
525
368
140
438
151
52
785
820
639
524
74
817
72
786
24
558
689
602
119
47
497
250
383
423
356
804
694
172
666
81
317
275
715
83
531
68
740
405
164
485
453
85
272
712
631
748
248
509
312
783
203
150
10
652
232
5
421
182
576
539
225
164
628
150
536
820
537
438
450
230
823
553
248
597
126
26
734
596
830
381
129
484
230
631
194
195
327
30
696
780
274
687
481
81
260
474
129
400
706
588
208
604
46
390
152
736
479
526
308
377
355
166
646
723
315
298
447
184
596
497
30
502
139
117
470
411
801
21
732
61
464
517
65
21
731
504
424
185
727
555
468
111
399
19
715
583
58
399
657
165
86
327
244
795
220
652
660
32
375
497
348
184
158
99
808
786
65
185
724
217
47
155
87
246
115
149
29
67
627
768
474
598
721
645
506
643
37
63
342
556
483
822
512
39
378
662
627
95
486
684
331
491
413
247
619
526
753
115
113
56
172
478
244
301
11
168
91
350
567
819
195
296
595
799
188
2
364
650
601
802
37
415
252
613
509
65
680
809
259
349
10
55
284
215
128
98
396
635
664
776
389
799
432
313
720
577
39
694
715
264
715
641
254
463
413
648
425
739
151
618
556
356
749
179
792
487
536
496
239
458
704
575
148
810
295
567
787
160
396
65
315
602
65
661
451
566
729
191
631
433
304
593
816
599
201
99
452
239
267
266
608
400
742
542
402
9
256
774
22
260
606
688
811
773
224
242
462
564
712
641
149
216
581
426
257
727
767
484
628
644
424
660
2
222
819
747
711
284
58
411
165
650
474
617
261
785
41
498
693
557
725
362
780
441
558
445
479
527
787
614
448
404
616
709
212
97
294
80
580
507
27
387
290
526
765
257
221
335
82
69
399
378
592
55
170
163
555
368
729
251
330
7
72
165
163
130
420
117
813
269
52
377
98
735
224
643
672
698
503
454
713
153
18
227
811
521
482
713
829
815
534
265
354
583
346
509
368
346
677
131
566
221
82
308
700
486
749
65
693
92
464
800
376
223
781
206
48
148
228
685
31
33
225
105
15
331
128
602
109
552
524
342
231
134
244
703
241
586
779
27
135
93
750
207
548
544
84
129
144
524
762
78
334
418
237
296
440
154
683
371
333
773
574
82
494
580
780
175
154
797
458
669
265
140
827
440
776
278
796
500
70
536
490
364
99
819
646
623
332
209
700
243
306
714
806
563
61
650
16
402
790
666
45
116
787
359
393
375
185
5
109
829
485
515
591
452
247
223
285
136
339
734
801
532
795
799
342
725
496
267
464
330
128
393
803
276
821
308
778
8
154
537
175
255
257
143
173
709
291
490
334
288
331
361
336
104
227
573
205
416
790
14
306
636
415
791
559
636
483
564
631
462
22
118
24
652
476
54
715
103
297
721
397
54
305
489
611
287
118
527
497
592
647
370
97
760
135
533
74
45
48
438
439
633
456
598
245
516
171
459
378
494
337
448
183
45
319
516
305
354
305
69
580
52
493
91
586
211
234
726
34
209
809
87
568
450
219
173
603
452
583
330
432
160
116
325
231
607
722
36
658
84
180
649
632
607
266
107
527
528
541
39
6
794
120
286
463
387
785
813
576
434
333
804
637
653
251
644
417
549
84
475
240
660
75
524
242
750
608
713
25
759
25
198
649
195
358
303
830
677
314
179
27
572
66
135
426
170
340
419
588
584
34
788
568
151
655
48
667
515
22
373
724
739
505
265
54
745
113
733
729
531
697
333
490
150
334
760
155
625
257
186
228
761
773
265
86
481
307
687
655
50
551
168
325
247
399
681
15
215
695
644
822
688
699
299
562
337
133
763
719
508
399
398
156
552
510
667
95
209
340
22
817
82
505
593
386
521
665
389
598
687
726
163
457
645
21
609
799
681
124
498
471
675
534
503
820
662
720
277
118
479
136
739
505
748
128
3
692
443
349
683
48
244
690
6
668
650
74
684
353
581
244
323
25
249
222
300
611
765
622
56
390
173
280
782
620
426
168
727
680
223
814
240
666
61
434
4
238
827
528
249
755
19
418
505
674
678
333
230
479
719
504
413
436
548
207
336
276
793
57
725
26
351
536
81
433
499
754
505
691
357
257
162
689
383
149
553
396
175
253
391
572
573
331
134
577
783
627
189
53
79
420
269
351
375
283
829
133
75
633
532
562
631
226
359
284
676
225
601
557
830
568
53
577
93
113
644
595
807
149
411
128
830
129
324
731
707
141
551
339
737
619
435
355
471
539
49
46
446
525
298
569
765
335
470
396
587
811
7
610
677
372
522
586
509
511
241
369
306
749
587
121
477
456
721
289
89
563
464
705
341
783
538
94
42
141
594
170
51
517
53
368
550
265
664
538
669
649
790
346
54
491
118
492
674
172
470
437
58
130
247
534
220
757
371
455
493
712
815
38
747
687
529
296
216
143
225
785
422
536
629
575
359
675
595
778
275
195
106
258
507
734
492
269
704
425
744
63
672
625
86
765
465
700
128
287
586
260
668
389
599
421
259
14
661
176
830
45
96
289
571
233
91
730
294
448
45
815
725
231
667
322
248
92
561
297
12
767
611
240
701
541
100
578
218
663
491
640
330
295
270
540
665
67
273
813
182
77
796
342
450
210
809
264
556
573
40
650
606
538
377
767
559
696
201
609
442
597
653
116
127
386
76
696
803
23
265
116
765
665
528
71
659
240
643
483
173
9
372
732
211
91
270
391
636
820
565
151
194
778
269
399
594
307
593
344
87
767
173
600
18
819
47
169
759
182
407
727
494
108
257
635
214
582
438
752
803
110
567
684
579
723
514
463
480
456
282
319
140
786
796
464
819
422
810
777
95
629
298
284
275
660
222
350
71
689
365
449
300
608
200
476
588
215
143
407
523
155
506
19
355
451
556
694
655
74
343
57
679
531
555
811
349
594
391
729
186
596
662
186
542
805
133
320
672
339
589
627
596
535
438
806
325
216
516
454
756
240
496
491
95
239
485
787
67
541
257
16
11
777
363
585
110
153
579
552
225
353
456
542
45
467
719
608
249
599
636
791
194
538
125
368
67
578
682
308
184
77
534
358
258
336
753
415
616
469
259
501
151
471
381
95
127
633
716
539
330
107
95
520
394
544
499
724
163
410
314
86
595
82
84
214
633
111
512
622
702
561
737
338
727
382
605
292
415
263
324
555
512
510
420
764
494
680
550
606
362
662
811
229
459
11
285
71
203
372
531
106
454
693
570
448
303
458
555
137
317
708
546
631
108
520
653
585
414
547
461
667
700
307
521
830
192
363
290
394
464
435
830
393
805
194
184
627
474
574
402
67
826
33
799
283
72
768
791
43
52
239
80
827
709
163
768
16
202
49
147
75
503
109
160
46
726
586
549
648
407
760
801
765
4
496
757
588
563
675
731
556
610
273
142
663
654
32
8
796
612
325
175
437
178
477
89
85
643
681
314
760
331
809
206
472
723
647
568
424
585
561
144
257
396
603
133
33
106
335
138
746
108
294
23
328
109
678
434
620
301
124
355
806
190
284
275
493
109
429
649
199
753
716
107
146
642
142
445
84
641
385
484
413
647
79
551
214
145
747
747
516
320
175
574
827
431
231
92
222
796
483
641
767
200
216
830
395
120
187
703
385
273
399
133
636
815
1
69
322
722
99
724
753
828
127
96
238
804
177
595
322
761
116
723
700
527
257
511
728
732
161
430
352
220
760
763
699
291
169
80
180
253
334
345
422
711
524
471
81
378
461
237
498
657
157
215
223
704
164
565
707
579
611
603
643
387
430
786
603
790
23
489
696
824
679
251
421
396
790
481
630
130
694
215
460
340
485
164
805
343
510
128
606
320
219
247
788
511
763
261
807
213
85
486
774
648
745
615
158
440
776
552
295
809
752
41
613
565
752
506
717
515
726
467
256
494
381
46
333
235
365
658
225
343
334
13
1
697
113
530
117
798
518
281
402
24
398
180
317
662
87
107
302
220
108
780
412
450
758
492
147
359
518
559
650
253
371
665
618
715
415
648
550
622
480
815
142
170
126
718
129
719
278
537
644
785
24
518
783
601
440
447
514
424
16
299
734
716
412
384
518
731
515
716
686
366
544
499
64
331
640
105
171
674
687
179
688
631
697
299
569
439
203
760
43
195
812
280
270
460
234
715
223
471
555
73
117
588
67
690
326
37
552
266
711
778
679
734
203
125
711
750
147
487
773
398
496
511
215
451
231
612
416
343
609
583
744
38
28
727
377
258
432
502
26
399
80
407
248
641
116
762
295
225
83
760
249
51
84
576
644
154
577
426
174
14
119
590
671
93
710
306
743
153
753
279
457
793
490
312
190
723
525
67
463
729
61
538
797
280
108
789
327
10
84
423
775
683
432
118
126
437
721
88
781
665
529
413
90
619
144
668
687
314
21
411
766
220
455
334
275
598
560
622
784
155
226
421
282
608
114
536
71
773
38
107
9
446
716
21
315
271
776
616
369
373
575
260
611
622
211
299
114
92
380
623
191
352
226
253
724
785
800
199
793
192
561
287
12
733
569
86
146
345
764
601
201
403
458
112
792
447
70
454
702
52
450
519
782
678
545
338
365
391
617
318
262
503
625
818
640
495
178
742
530
141
463
325
618
90
640
136
545
659
254
324
402
203
294
292
669
705
268
178
683
713
149
468
645
199
648
594
253
18
533
404
434
259
98
801
790
213
793
10
555
400
825
337
262
182
551
58
315
25
341
658
451
805
594
281
544
684
374
716
651
239
495
18
769
724
45
692
184
78
433
137
300
6
128
451
548
648
54
761
262
605
165
20
68
117
397
821
679
232
430
116
75
127
413
830
318
114
793
758
15
565
144
440
689
337
64
781
621
27
674
63
286
632
509
257
224
135
741
533
482
386
93
760
115
161
700
2
69
199
417
190
751
740
221
677
591
76
6
614
662
150
255
285
464
299
461
649
626
240
667
232
174
633
767
731
603
597
209
723
435
125
142
618
587
304
31
562
286
25
319
210
342
806
449
389
531
597
269
658
184
793
86
721
99
388
248
627
387
484
168
507
110
460
680
716
733
246
386
124
170
235
282
373
182
240
818
462
802
75
58
680
669
540
488
174
460
507
761
409
337
175
316
21
313
565
206
618
482
589
359
803
361
469
212
529
521
692
306
799
505
431
190
268
668
345
816
312
219
740
513
397
632
289
5
463
708
757
822
186
184
94
148
390
547
314
736
172
753
613
312
706
737
185
663
134
407
358
435
740
616
556
555
35
569
489
818
107
52
647
86
487
352
257
133
732
740
705
181
40
698
2
117
295
414
775
822
749
196
616
73
537
334
686
80
713
658
469
147
700
482
712
94
195
3
334
566
20
818
464
401
111
55
312
418
437
546
415
153
273
397
116
72
327
119
517
367
234
772
676
81
202
801
162
381
774
308
11
219
29
821
554
92
595
446
338
95
517
397
392
598
417
98
489
311
249
598
266
552
122
198
723
409
320
485
802
560
103
652
260
440
383
153
812
534
423
305
259
547
225
203
393
452
219
453
639
782
503
251
603
708
460
378
517
281
664
55
534
447
442
710
77
265
603
217
703
799
234
369
313
483
797
138
20
733
78
131
557
42
707
216
595
167
559
261
33
389
430
508
493
723
639
770
590
468
364
470
513
171
252
190
19
815
454
218
449
256
237
552
779
334
657
424
93
306
113
412
282
483
491
154
822
512
107
560
388
661
89
516
738
729
84
800
551
3
610
621
13
809
206
98
284
497
602
51
273
196
453
578
36
626
214
384
331
457
484
653
356
361
195
318
40
391
382
388
474
261
804
73
720
816
755
395
513
650
482
472
410
213
148
146
463
263
518
229
164
311
741
775
261
248
249
671
31
88
439
167
171
521
408
526
186
604
527
427
812
225
178
378
780
221
389
106
644
471
360
515
591
193
499
822
293
416
93
617
513
396
360
70
580
250
488
158
370
651
136
469
738
248
86
95
223
534
302
535
68
397
89
135
437
730
803
522
201
222
214
170
426
583
311
415
642
642
699
527
525
56
136
737
609
190
102
332
291
707
254
549
461
87
257
662
331
353
225
251
470
92
433
236
728
75
106
480
601
612
31
504
708
81
485
278
442
338
607
563
765
80
17
274
112
665
809
657
88
382
136
39
780
367
13
778
498
335
822
373
36
231
766
256
723
634
80
720
457
493
139
523
113
315
397
657
164
132
53
129
231
343
485
674
97
345
564
36
489
514
717
830
314
318
216
130
200
53
62
159
357
162
535
578
500
219
113
556
537
500
1
379
618
630
603
785
819
635
265
196
698
630
31
460
456
171
795
443
739
817
476
734
630
757
162
590
676
536
477
823
156
136
606
471
585
799
189
155
323
611
223
621
264
368
132
555
828
208
754
708
98
226
137
582
448
254
534
461
351
501
445
445
8
636
624
50
213
286
809
448
427
778
459
353
286
572
279
372
729
741
384
577
282
263
756
784
82
697
472
674
613
206
629
69
522
355
66
669
503
596
733
92
657
548
787
428
249
431
749
577
99
164
470
602
816
647
158
416
494
122
812
775
117
121
341
255
733
304
440
412
18
655
194
677
370
485
803
684
35
464
786
741
548
765
677
641
372
282
274
149
503
632
270
439
425
710
795
485
520
138
215
752
685
579
722
450
130
766
512
387
400
138
314
34
131
413
512
380
580
193
604
266
804
138
436
83
745
36
161
180
494
364
470
429
421
365
808
112
244
13
574
764
242
152
769
289
275
118
323
713
481
239
603
725
509
500
415
144
559
13
554
283
611
749
316
394
489
571
752
141
282
736
472
124
100
394
809
686
519
812
481
303
350
46
182
795
800
625
559
689
347
55
707
470
69
392
507
37
109
555
757
27
80
19
536
789
823
24
809
828
320
171
738
588
277
82
739
572
224
820
392
389
83
729
291
580
790
32
589
800
183
594
335
809
380
97
77
687
393
700
222
248
379
224
690
367
791
430
77
610
480
6
142
700
465
46
166
402
742
123
761
740
784
318
224
178
114
222
525
467
821
168
519
382
346
418
512
351
294
284
452
126
551
40
113
459
74
193
356
89
672
720
737
478
442
766
129
366
291
487
280
809
193
578
329
360
562
704
407
342
339
14
64
185
159
271
202
755
439
807
600
649
380
353
351
469
542
8
719
437
319
362
217
381
60
264
154
385
17
222
554
749
822
468
17
552
526
137
326
624
390
739
156
556
67
222
131
625
809
357
639
225
266
611
603
591
259
773
394
596
334
522
682
345
295
653
319
709
28
324
481
711
388
116
624
170
656
341
250
355
669
493
496
320
386
5
799
646
477
291
554
112
770
79
540
433
391
181
396
251
257
76
246
300
454
363
368
30
723
61
167
818
559
125
342
337
634
801
4
803
786
393
259
289
87
760
513
208
693
742
6
283
452
446
330
27
796
196
67
194
68
205
134
790
39
103
37
795
146
716
744
780
6
739
431
617
170
46
408
208
527
558
470
331
745
810
578
419
644
818
212
493
765
329
338
426
102
272
53
574
170
128
737
477
526
586
243
334
742
349
64
163
91
348
366
208
578
588
470
20
262
358
528
223
23
314
334
772
782
816
10
137
79
790
413
492
776
28
443
463
94
208
438
68
58
106
248
772
819
724
135
2
506
215
609
138
779
106
363
621
724
799
572
96
130
655
63
180
824
143
647
616
725
814
679
397
610
793
454
75
403
135
174
210
663
376
530
587
217
768
423
211
679
192
228
336
530
761
300
711
734
663
754
656
331
301
734
714
75
552
370
128
543
786
148
684
551
579
478
214
138
83
396
281
518
9
378
633
265
80
220
772
752
482
237
37
479
584
581
729
332
321
307
24
459
367
614
151
630
528
249
517
11
757
192
125
386
101
638
31
100
103
165
163
546
477
84
313
808
594
138
629
375
570
447
35
455
193
9
683
824
384
306
589
24
155
531
317
30
457
18
516
200
425
435
815
434
676
407
16
708
311
826
375
658
781
307
581
214
772
638
509
365
516
65
809
46
776
57
726
23
192
474
508
46
394
465
240
103
474
190
90
561
209
817
565
319
621
162
184
798
19
249
19
586
496
238
395
291
163
501
112
778
258
58
662
688
789
516
814
589
782
742
7
735
811
551
565
138
79
762
808
127
535
115
659
331
2
51
322
784
87
580
142
258
39
642
714
90
268
786
109
545
632
375
193
711
144
177
671
538
632
495
467
690
798
438
446
642
10
174
440
348
231
442
623
481
681
113
75
668
690
150
491
143
678
196
477
52
329
96
542
291
244
409
815
296
633
220
22
646
757
225
37
675
473
181
62
121
340
773
238
352
542
196
595
53
163
406
336
745
521
176
431
248
398
649
827
330
425
500
501
291
238
89
714
59
475
739
470
277
334
677
222
363
160
639
214
298
652
527
707
163
125
298
724
570
501
588
449
651
636
336
156
75
250
294
513
110
761
114
211
121
41
104
322
465
573
89
566
210
119
474
387
470
793
223
517
327
652
72
55
162
281
671
310
631
234
48
699
282
486
801
213
586
249
64
73
670
381
215
266
746
471
347
387
200
358
212
460
602
164
354
439
566
155
461
225
169
34
331
668
446
609
546
409
538
676
530
755
541
51
493
624
738
248
506
532
333
289
21
598
543
666
158
766
470
103
791
396
65
375
14
173
100
819
102
477
384
94
699
730
118
75
481
759
469
530
64
572
547
551
561
25
554
419
678
825
185
17
145
364
284
757
10
214
666
157
513
689
530
787
253
812
679
379
17
637
297
693
699
744
815
144
50
432
579
363
279
25
38
605
820
736
587
201
678
817
566
51
137
787
158
314
241
510
224
295
231
548
3
827
563
368
796
39
224
8
317
675
250
280
563
104
304
412
273
358
632
824
104
806
555
762
758
295
281
159
674
195
211
403
650
537
325
350
563
488
704
734
391
130
510
335
649
516
685
621
639
113
203
171
332
132
151
252
460
812
594
230
484
237
543
351
180
354
450
511
583
656
752
106
61
609
171
711
766
412
830
126
798
529
44
34
603
596
443
721
664
519
680
265
397
152
705
530
686
216
744
500
33
813
720
703
463
146
494
541
520
331
53
694
107
612
331
402
755
651
635
73
41
702
785
303
607
286
393
52
812
448
124
66
422
9
301
76
505
309
310
499
476
707
62
255
534
95
329
604
271
67
272
805
512
795
97
681
725
417
395
366
427
657
204
42
345
438
116
704
367
774
465
767
309
600
286
629
288
763
201
94
724
354
540
540
716
808
585
515
777
705
306
790
616
193
227
629
495
640
228
90
519
659
77
767
656
555
607
464
264
460
200
210
600
219
773
809
173
202
177
343
678
197
675
313
156
645
627
314
265
396
209
269
353
143
574
186
708
13
769
433
260
544
126
281
58
181
341
464
585
375
812
730
364
18
363
748
562
356
593
92
419
813
49
724
750
758
623
624
600
460
441
762
242
217
666
116
236
586
66
424
521
38
683
582
28
13
596
540
813
383
555
482
74
215
411
195
302
20
378
782
570
414
85
487
182
544
495
638
808
314
681
330
5
408
37
457
292
405
387
577
71
719
826
180
402
437
228
703
361
214
561
13
618
616
428
174
480
829
254
200
325
20
533
678
449
698
200
799
753
597
288
718
660
20
570
197
693
732
624
518
66
265
317
675
101
458
472
194
784
537
36
213
770
24
164
570
356
597
228
519
528
498
637
39
15
539
596
356
775
263
49
214
663
335
497
231
786
163
211
153
166
253
762
173
65
237
75
502
166
815
181
551
253
355
247
440
203
519
296
691
88
813
269
231
511
234
499
367
412
357
327
798
718
475
500
42
23
126
697
642
73
70
478
93
358
272
475
766
293
635
180
605
386
271
574
773
286
741
289
635
157
778
340
76
214
381
813
72
165
433
336
43
535
16
419
340
663
624
64
50
746
40
96
401
150
817
90
336
192
549
693
182
720
786
525
436
443
71
402
583
750
826
744
93
458
489
157
614
590
424
666
730
730
500
293
621
723
37
213
788
584
670
627
679
65
238
251
463
504
12
620
663
46
54
286
469
144
805
646
170
293
529
261
62
230
532
800
73
487
459
297
559
193
734
336
821
808
272
19
71
692
342
147
317
409
811
809
726
113
158
119
806
117
314
210
421
284
101
477
57
51
478
645
438
598
334
96
695
637
769
258
666
262
675
298
119
287
796
445
598
73
637
279
378
185
276
224
620
425
732
780
170
764
752
328
700
669
619
90
160
521
302
433
650
751
692
92
321
267
579
566
765
151
245
597
270
603
600
316
763
663
312
16
469
499
450
243
547
222
433
114
814
301
702
568
539
789
217
60
447
471
135
390
485
730
610
793
659
562
547
223
606
123
745
16
308
327
148
1
222
648
144
547
157
304
767
235
302
223
446
106
376
577
12
596
110
75
227
32
446
580
357
109
822
114
49
783
770
154
113
450
22
642
180
302
483
583
285
31
225
312
272
441
346
140
240
608
494
689
756
140
415
346
718
633
266
387
352
517
283
235
545
142
51
58
129
30
160
242
233
19
127
103
801
187
495
318
391
562
646
223
390
669
188
514
121
378
289
515
454
326
481
182
373
164
686
729
545
802
748
483
678
688
720
769
435
620
809
500
559
269
695
665
232
324
442
485
172
78
185
312
300
307
149
756
358
76
423
235
460
273
86
764
699
799
198
686
763
606
68
482
27
46
654
748
809
720
19
105
13
130
47
485
551
389
554
686
88
564
258
160
484
557
178
561
321
475
335
777
60
66
466
134
713
6
441
7
385
537
794
290
622
796
36
649
617
590
509
192
428
429
685
635
570
133
16
302
700
135
590
343
285
71
47
52
231
473
774
482
783
283
787
336
745
348
130
50
260
554
561
536
755
741
759
733
722
740
400
797
777
169
622
107
256
429
82
309
703
708
531
471
58
140
803
517
204
258
623
515
483
229
68
230
467
185
335
626
789
805
707
687
716
798
160
663
641
22
44
551
536
375
206
737
807
672
366
611
266
173
723
679
175
392
357
646
409
742
12
73
245
764
597
711
497
513
201
450
288
712
71
216
421
721
445
696
241
248
803
596
305
400
548
125
600
253
693
268
358
743
733
233
556
244
681
517
104
737
308
300
585
247
532
788
321
673
806
478
131
197
215
580
790
511
519
507
267
821
585
175
626
392
78
96
119
626
651
765
93
738
773
732
268
467
338
539
346
273
144
307
616
567
577
704
120
512
510
242
191
597
623
721
591
20
525
26
203
106
628
328
90
2
564
756
421
145
435
409
580
220
524
700
425
629
85
598
41
616
630
383
647
443
559
674
598
16
109
417
597
199
336
268
245
530
613
264
22
441
735
138
194
598
27
193
120
680
179
28
144
356
181
325
595
234
712
522
533
547
708
547
24
329
66
463
677
802
260
189
604
486
807
374
325
456
755
637
422
507
424
673
817
33
151
82
314
28
688
430
60
113
623
719
830
725
767
176
405
324
826
582
800
285
265
282
584
91
439
287
516
452
826
250
811
740
501
624
67
394
260
692
703
120
742
196
69
24
87
824
466
136
593
255
77
132
563
631
688
656
484
610
629
776
510
464
603
796
472
228
550
73
658
256
826
94
99
454
44
674
130
233
368
512
439
618
638
760
774
44
675
541
395
758
444
550
745
713
387
84
537
679
808
758
666
414
333
422
620
390
324
285
104
691
716
631
326
28
304
196
820
616
670
644
162
795
236
707
704
543
449
145
94
535
218
582
425
243
682
213
527
404
415
26
761
307
561
447
215
153
63
801
541
799
734
288
621
198
647
770
156
522
341
321
668
634
60
228
568
570
638
152
178
405
789
710
71
126
526
633
29
800
51
732
276
394
394
559
80
33
260
342
421
738
800
579
249
486
527
327
269
377
659
784
427
652
244
745
302
655
799
507
276
4
546
638
209
661
282
16
655
75
420
136
9
577
85
267
233
43
572
681
461
221
760
514
338
479
667
227
57
78
810
601
603
453
459
181
45
280
286
598
476
57
434
109
681
788
41
595
6
672
8
615
335
96
336
402
725
13
601
643
439
747
282
478
229
539
490
517
793
762
240
816
62
67
105
376
399
723
775
52
672
176
204
108
786
577
294
191
10
133
415
337
455
89
409
131
629
476
627
56
8
199
525
75
261
800
601
66
813
318
647
151
694
25
7
253
655
541
219
248
286
392
397
15
507
443
280
369
741
677
602
758
83
446
399
201
808
58
3
313
227
784
792
602
274
510
414
801
550
381
498
384
193
323
143
740
431
311
504
181
527
684
743
770
123
628
223
192
512
497
397
301
536
203
359
31
156
158
660
228
748
633
77
142
33
86
623
234
510
795
57
786
501
642
145
793
437
174
5
70
408
314
235
532
694
624
329
226
699
70
58
803
644
261
114
152
809
812
325
512
454
316
542
99
298
541
16
315
719
106
68
135
122
34
270
426
91
447
790
761
757
657
314
235
146
95
520
656
177
804
609
85
626
193
334
819
178
822
615
132
170
31
356
634
284
175
570
578
169
444
499
701
378
330
458
698
710
246
637
31
99
536
504
314
455
311
180
106
817
379
737
154
726
412
692
18
183
772
680
248
207
770
359
276
720
568
175
437
598
429
56
313
209
584
522
541
752
20
265
109
98
756
314
713
139
325
592
362
669
446
71
290
514
404
149
164
112
732
666
351
117
56
731
35
67
228
811
675
660
522
615
196
480
523
632
97
571
458
93
132
707
830
134
812
580
23
311
283
800
798
400
494
227
295
422
521
389
27
106
701
476
182
71
72
263
210
548
702
286
826
221
779
677
670
574
532
524
621
61
600
688
197
587
377
429
14
718
302
284
766
746
146
244
64
681
662
323
70
802
12
267
148
452
442
640
372
36
308
412
560
758
790
245
205
167
197
215
355
501
12
494
719
318
738
439
254
655
439
672
786
184
306
228
94
724
625
491
409
1
146
721
371
53
563
216
358
450
786
625
535
815
724
272
315
294
734
204
635
602
389
747
1
35
538
66
198
351
604
245
444
760
271
464
812
387
210
232
276
563
31
600
129
51
512
809
102
30
266
642
727
88
576
252
568
131
403
547
533
599
496
97
330
457
278
597
795
790
774
742
567
540
266
665
577
436
593
772
338
493
226
49
444
286
199
206
591
765
713
363
611
122
225
688
124
357
801
153
110
712
775
7
229
299
525
755
134
236
291
139
223
185
264
239
632
493
124
727
577
761
708
415
394
727
608
395
525
597
553
65
481
184
64
515
93
562
566
126
657
567
204
129
528
101
249
775
350
472
671
33
301
217
704
154
347
739
792
733
768
574
770
762
279
636
160
285
716
589
378
542
400
314
311
790
702
80
461
138
57
738
252
135
487
473
474
31
563
472
569
236
89
135
486
78
640
75
63
823
655
247
375
65
111
416
201
55
331
142
482
705
582
219
329
365
589
212
602
615
55
258
134
330
732
799
358
800
303
648
194
567
820
458
556
775
341
456
517
73
207
496
477
615
589
378
452
568
192
749
206
555
252
8
315
672
584
678
252
804
709
182
111
685
298
121
245
501
720
485
42
83
192
555
824
81
22
440
657
683
711
737
376
324
2
48
343
358
420
691
377
382
275
308
324
491
228
454
194
47
815
529
677
722
14
624
82
521
95
657
476
71
432
474
220
287
557
345
177
689
351
125
124
706
161
108
345
32
276
614
472
225
96
87
677
788
812
678
90
610
156
732
623
478
58
708
83
44
757
706
473
132
530
474
698
559
718
829
660
12
259
669
324
766
732
109
758
693
448
126
146
788
116
666
283
693
23
793
393
623
297
695
441
527
361
84
555
733
553
303
313
279
212
598
293
445
154
623
807
411
194
712
597
811
314
111
229
87
440
580
774
310
812
268
824
120
389
325
753
688
525
743
634
583
213
229
148
642
186
250
694
436
546
428
720
529
456
278
556
370
86
274
559
52
595
241
33
776
821
159
142
735
583
645
418
267
154
537
412
202
310
565
522
149
83
510
780
804
185
38
709
311
545
572
371
421
611
514
324
830
715
711
593
653
627
171
321
473
10
225
470
22
466
121
227
552
274
671
590
431
357
750
669
498
155
204
338
432
370
513
692
697
547
791
266
457
507
307
800
484
202
13
70
726
134
752
102
701
352
767
455
498
403
52
310
545
164
25
311
37
735
56
120
431
485
676
807
641
103
830
585
578
730
538
621
701
174
347
820
372
705
787
443
409
425
123
436
300
517
556
389
754
344
401
366
421
238
23
26
463
471
378
645
197
674
513
711
745
828
186
671
37
24
646
21
765
541
694
571
298
501
560
160
393
495
308
719
46
591
545
451
189
824
99
339
373
497
825
100
342
708
731
11
764
449
477
459
258
321
462
772
480
820
520
331
540
717
526
767
674
680
728
669
220
253
692
497
509
114
728
132
4
272
365
465
517
765
779
411
424
194
37
667
518
395
247
689
206
770
123
256
325
136
773
358
478
152
387
204
330
717
562
20
394
63
738
220
216
395
724
773
501
773
768
569
209
46
498
283
381
370
599
619
458
47
438
423
522
757
632
322
619
380
242
694
716
608
29
37
542
341
720
512
722
349
610
708
72
79
640
142
658
335
541
400
635
622
588
695
770
339
105
743
600
17
270
324
648
143
506
448
593
247
401
714
282
16
69
729
51
740
194
808
328
166
734
224
170
526
608
673
246
584
577
404
525
148
217
783
735
665
611
149
467
81
243
137
605
643
709
548
294
697
412
414
627
738
185
451
103
748
84
41
797
217
134
397
487
686
239
426
319
141
412
524
667
126
598
551
90
344
685
321
485
313
612
495
568
201
735
650
137
817
602
199
574
456
680
406
390
17
611
201
16
568
3
299
333
180
785
85
737
791
401
581
488
687
344
619
320
563
522
726
268
281
798
57
536
483
398
805
397
658
107
77
81
89
474
104
57
706
794
71
49
794
536
296
757
584
613
735
700
655
183
178
796
237
565
343
61
489
260
811
142
9
212
340
462
823
126
798
723
139
480
425
109
51
56
128
333
580
676
445
711
153
679
442
255
708
454
17
579
44
143
674
759
117
637
422
255
386
390
152
137
435
472
327
34
532
338
285
145
478
280
789
713
441
470
26
31
470
713
760
807
664
526
769
48
626
584
354
27
737
75
327
462
420
527
503
699
84
47
266
248
421
552
486
797
324
644
479
670
32
76
30
722
124
672
164
120
431
666
208
614
483
762
144
375
313
263
798
313
504
753
169
641
760
346
527
655
133
216
350
224
432
223
93
109
502
713
301
98
683
334
622
758
603
50
95
223
286
577
178
265
79
506
450
693
658
265
332
673
120
301
798
234
698
420
181
116
801
381
756
9
114
179
207
61
194
32
114
431
353
522
584
54
133
625
584
421
72
153
538
336
600
226
744
451
638
141
11
574
781
595
346
809
613
300
608
698
734
710
342
519
302
662
611
160
687
261
394
6
493
745
550
241
178
91
538
637
739
635
276
114
372
481
231
229
53
584
528
414
576
549
114
6
293
607
332
683
128
37
483
569
53
808
424
69
792
167
286
787
80
256
706
805
786
470
53
703
369
44
341
88
408
744
345
571
628
194
635
356
114
234
209
686
1
138
793
121
389
383
428
226
83
697
648
700
463
814
361
657
810
149
203
235
813
493
56
803
787
23
294
797
643
518
800
418
45
276
45
368
52
740
417
207
32
657
121
385
656
717
24
17
118
276
229
24
547
316
459
151
580
652
383
301
103
409
799
358
210
586
696
307
637
32
621
218
748
607
370
725
222
20
629
477
265
759
82
2
97
536
366
581
556
102
714
181
162
816
401
114
753
496
130
464
7
134
212
404
803
646
744
130
31
791
168
153
156
171
251
85
118
73
242
822
51
271
645
745
630
822
496
283
789
765
590
294
784
2
637
642
110
806
641
51
576
196
721
653
405
48
327
173
86
786
449
606
182
111
66
303
786
270
774
130
814
596
253
35
21
86
452
506
16
682
376
398
799
490
260
648
267
418
590
449
616
359
605
432
21
605
456
503
669
133
787
651
343
371
37
623
222
380
11
431
690
347
379
621
640
769
279
579
479
666
676
578
231
595
84
752
59
182
131
193
96
199
386
57
383
126
662
417
592
282
144
373
656
567
130
603
258
339
103
431
277
300
709
281
687
569
574
168
251
456
708
322
298
324
635
502
27
176
214
446
662
405
20
332
810
298
48
49
139
37
571
416
261
686
364
818
623
552
463
741
732
376
672
262
606
755
260
208
261
523
326
58
296
14
345
714
508
500
352
354
178
729
514
642
31
161
493
612
750
550
16
292
731
530
803
82
726
167
175
731
337
793
390
286
822
812
481
140
653
825
201
58
35
62
366
354
357
57
203
768
520
200
98
772
754
763
62
373
39
821
669
285
690
461
449
19
711
333
143
9
520
104
266
661
177
810
352
810
341
817
706
173
47
712
397
568
639
238
435
453
38
291
239
516
108
558
243
408
101
446
656
325
62
526
632
504
306
454
785
739
724
440
308
661
672
82
93
586
99
107
819
498
575
659
314
268
242
242
112
197
423
147
825
497
666
629
11
492
178
201
797
267
494
308
490
127
181
594
353
473
480
597
402
782
297
665
309
371
152
623
600
673
711
817
539
305
247
246
558
830
80
230
468
426
625
321
713
346
578
323
777
637
81
178
155
657
62
634
458
817
720
698
84
812
692
667
508
366
83
507
434
557
251
156
187
119
506
490
200
232
51
533
270
829
559
312
4
799
704
429
27
164
543
524
68
708
122
104
39
95
301
548
177
776
196
333
633
310
76
42
569
812
247
671
701
540
261
580
86
388
827
820
516
240
457
284
699
406
766
483
498
476
754
590
439
426
519
346
8
367
198
508
189
68
315
366
47
645
822
711
642
765
677
581
146
345
36
366
459
38
49
460
641
347
560
564
427
618
613
624
132
327
289
292
709
19
66
691
412
483
610
279
779
319
265
655
691
827
796
671
433
503
12
259
740
518
726
263
661
530
758
342
726
442
251
97
808
592
293
138
632
407
511
18
272
179
7
586
576
152
642
769
327
490
291
51
124
92
172
275
814
88
691
730
672
787
618
19
369
579
593
88
13
354
736
572
629
725
688
28
533
434
178
268
274
432
826
211
471
824
478
263
645
166
331
50
684
639
428
36
518
141
108
471
265
638
776
469
446
309
565
313
95
232
595
382
185
13
739
196
154
488
532
637
124
36
98
207
273
248
174
134
350
353
331
310
338
231
795
242
26
255
573
620
353
204
490
572
124
426
148
418
735
757
33
756
711
629
358
390
519
473
271
239
381
302
489
454
282
53
278
394
651
552
763
57
792
126
79
260
299
436
253
415
626
282
291
133
11
247
227
474
717
47
83
204
334
476
516
524
819
444
286
771
679
707
478
69
341
765
716
341
681
123
129
126
425
406
674
536
723
463
229
67
258
500
192
575
826
251
651
466
636
60
673
381
158
725
37
568
153
78
569
806
492
666
316
127
255
684
293
272
665
103
89
405
502
254
292
798
77
292
700
730
532
431
785
246
53
504
624
287
658
729
308
632
428
280
608
807
389
319
213
222
236
20
176
142
522
362
617
353
180
12
409
221
417
687
405
11
91
779
183
405
550
562
523
675
707
707
660
681
89
46
407
455
820
612
178
255
496
137
373
261
565
517
811
528
689
218
664
690
49
245
506
573
692
56
221
252
702
525
481
519
751
463
468
526
785
628
381
73
294
559
608
63
97
64
110
173
619
512
54
797
704
400
639
481
490
458
215
222
368
68
812
206
594
98
45
382
127
127
399
697
819
159
67
577
13
579
3
491
726
535
336
263
257
1
378
289
460
554
166
36
759
276
276
508
451
327
466
752
333
244
184
237
817
718
264
799
397
206
474
356
528
203
353
642
112
424
512
619
396
126
586
228
499
288
366
435
472
410
65
91
245
180
98
412
470
499
457
806
805
377
331
251
792
754
148
148
531
390
349
775
452
115
475
271
610
515
696
66
571
559
72
435
141
770
559
625
630
368
733
496
376
810
51
256
206
130
317
667
329
584
667
413
727
209
544
547
237
459
609
181
197
534
180
364
41
438
259
216
174
573
364
47
336
66
717
193
191
35
154
84
605
456
188
354
544
542
92
160
32
649
366
700
390
324
492
695
177
12
465
308
648
621
408
375
14
177
792
199
356
702
708
697
350
426
803
526
710
611
257
738
25
136
651
4
39
538
675
342
615
404
305
423
185
762
729
202
509
194
518
646
559
620
692
595
542
374
21
718
514
265
537
117
360
107
639
421
257
416
114
395
395
548
296
178
806
206
769
460
328
479
29
594
766
703
414
105
782
799
678
166
217
254
559
61
313
77
596
1
581
734
157
198
264
112
172
739
560
778
245
187
58
176
816
576
47
203
587
117
672
348
323
150
483
203
363
120
79
599
810
452
418
409
115
277
96
617
619
26
484
441
119
186
397
527
726
614
41
692
520
547
580
646
114
591
198
797
56
520
322
611
69
258
762
613
702
710
820
246
243
249
771
765
386
269
479
241
261
195
315
287
325
536
192
830
268
103
138
392
628
575
447
585
276
362
346
314
558
340
334
60
806
585
60
225
175
448
529
355
264
811
196
66
814
605
563
639
370
38
478
235
639
348
548
607
61
44
430
211
407
94
286
196
357
795
204
5
614
73
514
791
722
196
722
491
764
780
475
486
312
313
707
129
534
343
324
286
709
652
454
525
50
614
391
19
72
282
91
421
717
694
185
337
199
374
434
284
216
353
249
749
711
245
225
498
24
420
158
483
795
715
508
64
501
296
174
155
377
176
483
655
729
793
709
549
750
315
494
72
579
706
695
795
346
72
286
60
256
365
93
287
786
521
739
288
529
566
696
573
300
158
807
490
364
367
70
168
810
122
483
762
571
127
249
398
823
279
789
144
130
822
51
50
385
301
187
580
408
69
651
612
747
616
241
598
547
506
830
761
768
114
267
738
694
41
173
227
394
327
544
702
636
415
811
450
413
538
184
548
277
144
3
622
742
430
39
822
488
246
58
383
376
695
776
664
528
768
402
627
663
791
340
479
67
319
344
173
717
707
514
108
657
723
410
664
586
54
190
52
535
379
70
654
384
472
190
700
782
287
304
725
335
60
331
727
607
441
736
171
388
708
197
744
150
518
482
517
774
116
102
426
829
654
553
700
418
139
579
443
687
294
85
743
426
433
87
684
533
557
694
11
701
583
657
140
8
190
551
770
785
348
577
386
812
210
704
253
29
648
404
594
253
62
368
348
805
824
120
474
644
253
157
283
87
23
161
601
379
640
447
456
308
760
122
569
251
196
735
389
794
578
666
137
645
781
242
702
282
207
184
76
502
368
8
10
191
320
370
798
429
225
179
674
38
9
368
385
331
707
566
423
11
607
356
495
99
760
25
647
824
357
584
450
106
695
641
69
730
178
405
628
66
465
285
385
43
711
215
254
709
303
29
298
720
709
228
766
152
141
521
798
587
811
680
15
249
195
554
463
760
548
594
19
396
380
469
293
187
751
478
64
408
256
625
747
742
765
757
384
74
669
301
160
340
654
558
182
256
558
487
402
491
87
189
129
213
572
452
770
466
793
142
603
431
625
412
539
361
196
547
88
802
275
637
16
731
398
694
771
576
620
87
218
678
798
240
207
669
2
707
271
613
643
478
332
533
306
280
526
599
9
229
800
643
192
571
186
71
700
237
322
660
110
171
127
114
554
173
276
714
817
773
652
530
591
27
142
272
306
828
410
711
79
716
438
49
115
88
794
185
121
806
242
389
329
590
715
276
259
534
513
652
635
756
505
332
57
343
672
510
362
406
532
135
773
700
763
715
600
224
29
61
480
218
6
501
703
271
805
720
628
805
232
624
226
385
70
406
397
255
287
109
559
49
603
423
152
184
474
473
32
667
588
795
827
38
123
482
226
567
74
318
86
678
12
134
506
154
577
261
50
732
534
98
425
508
6
157
26
104
500
791
261
670
357
735
421
383
727
666
194
258
633
772
785
610
313
515
447
713
698
39
618
790
70
793
384
444
89
386
376
615
361
344
330
135
825
821
619
530
361
604
39
502
413
549
494
766
23
711
492
197
754
144
740
569
625
309
19
785
377
675
345
515
17
585
168
149
78
163
307
677
544
550
260
246
457
238
117
35
396
486
134
509
705
792
571
568
755
368
330
19
194
411
142
32
815
226
606
706
288
813
763
388
26
178
306
69
761
217
267
570
739
640
82
447
247
815
710
451
799
701
605
140
43
147
725
600
715
534
728
60
791
338
385
469
65
219
522
642
665
590
634
744
622
426
554
68
535
362
371
397
264
98
607
140
256
494
486
340
593
262
428
705
371
119
747
755
388
403
702
646
73
800
524
341
772
557
545
351
192
382
537
440
362
24
1
572
201
565
731
326
503
97
152
728
497
460
807
561
392
638
830
648
86
243
111
786
438
545
383
114
535
717
83
715
698
529
242
555
356
269
92
48
68
63
736
273
714
569
609
484
74
9
668
231
133
166
520
754
634
787
766
426
612
47
740
691
268
519
487
789
286
251
720
681
300
230
119
173
336
802
527
401
56
323
65
57
15
522
598
824
37
556
432
781
387
85
81
619
248
734
816
332
112
790
776
269
527
740
407
813
7
132
735
309
293
763
356
48
280
763
753
413
79
175
157
435
108
357
671
248
829
1
601
709
700
659
196
124
473
531
310
232
70
826
473
386
5
466
147
808
722
419
358
414
619
134
411
690
564
393
74
635
463
29
66
712
393
77
467
195
193
705
248
402
329
348
141
525
16
588
233
1
354
230
691
595
739
129
317
351
371
818
259
448
439
213
663
552
595
745
729
552
536
558
183
710
583
449
369
10
784
609
281
482
229
420
648
377
494
345
172
726
522
632
733
92
647
81
510
303
396
158
158
416
354
116
207
637
145
349
243
672
344
370
397
67
154
66
716
27
445
178
636
536
19
235
379
67
421
184
228
804
404
36
744
8
797
828
269
724
166
44
606
163
44
820
807
77
779
20
762
408
648
473
335
684
434
497
578
204
675
796
96
728
346
40
314
66
545
253
436
29
189
76
371
169
710
513
694
593
329
7
119
582
83
8
87
626
371
184
213
505
385
407
639
822
598
587
559
801
7
580
259
657
96
451
784
444
559
208
14
307
284
472
641
412
469
298
168
310
827
128
8
360
763
682
322
716
421
824
74
193
406
303
275
635
275
231
376
765
21
318
771
696
574
388
83
617
580
170
338
657
744
184
131
770
588
635
510
19
422
442
13
329
407
564
28
132
139
219
318
178
233
149
814
51
747
56
328
109
6
237
150
317
580
298
147
128
577
50
173
714
582
683
414
434
751
249
781
196
307
343
482
145
339
556
523
364
815
51
774
471
620
487
43
66
426
137
447
604
217
754
259
150
821
800
571
659
1
436
402
346
584
503
20
383
232
448
685
739
443
572
298
820
284
741
338
780
475
600
739
485
355
509
473
673
416
232
332
676
265
759
761
639
297
539
398
598
830
265
90
290
325
20
754
63
118
373
92
655
193
355
175
132
16
825
403
99
637
817
260
414
394
202
236
346
93
303
161
173
581
6
753
238
196
622
146
315
755
436
526
727
693
534
402
630
776
213
274
218
194
74
71
781
577
822
743
8
636
544
267
356
579
722
520
343
58
106
808
361
589
211
6
87
117
319
292
393
411
788
420
760
223
321
713
733
161
380
646
498
174
316
588
502
397
55
129
714
542
779
499
702
577
78
94
762
654
401
738
798
353
636
517
349
210
118
362
427
223
150
98
823
215
200
125
240
516
489
496
368
788
681
65
584
9
772
750
823
814
4
285
44
171
461
103
427
493
693
380
719
343
610
715
751
149
344
826
20
237
655
360
189
206
685
277
40
606
542
766
267
665
303
197
791
255
363
331
400
253
432
93
71
168
330
156
88
660
815
551
527
780
431
381
554
649
776
448
505
264
25
636
735
283
35
215
685
438
801
318
419
815
816
251
183
499
347
772
763
616
445
411
484
346
483
278
191
510
808
620
670
58
716
303
167
167
672
752
440
337
704
223
498
306
315
585
73
22
228
168
223
477
61
63
195
22
148
13
366
272
330
356
809
470
114
616
137
281
677
306
89
22
161
768
734
580
326
365
474
486
523
149
429
222
126
706
449
51
710
36
115
750
317
13
769
496
769
531
709
819
821
827
778
553
393
636
365
87
530
712
52
143
122
37
35
166
655
471
729
448
182
270
238
330
162
206
512
207
254
215
694
790
310
815
22
667
652
414
690
366
647
423
808
502
706
247
437
300
344
308
252
383
456
105
401
657
698
431
665
99
623
371
177
79
288
9
87
616
573
462
325
459
259
522
760
401
45
485
133
719
335
349
774
817
725
387
217
426
351
277
698
325
55
7
95
92
389
655
700
743
351
451
527
331
480
318
754
214
130
624
809
88
263
288
572
168
175
746
638
46
272
311
462
724
301
345
225
85
520
374
40
669
339
13
640
726
198
805
795
450
118
540
797
25
768
182
220
384
828
796
567
453
447
805
745
244
561
19
438
743
830
506
735
199
88
702
550
404
438
101
809
507
120
80
784
657
449
20
194
401
712
513
301
301
133
658
70
97
537
235
313
310
747
490
384
567
596
142
50
738
488
699
314
776
392
315
121
85
407
643
641
568
81
726
116
115
661
376
65
272
533
647
706
805
288
644
779
723
26
423
580
698
197
497
434
91
646
17
522
170
710
725
103
470
561
142
437
96
771
314
552
87
397
530
456
89
440
322
415
655
127
263
165
34
727
260
48
517
487
776
593
31
6
652
806
354
400
148
479
728
764
290
34
758
126
17
624
37
413
28
576
358
380
502
517
202
85
560
716
817
681
490
709
397
190
567
579
266
432
78
172
276
516
484
395
321
173
236
686
805
703
99
159
757
329
104
458
168
629
75
421
720
412
620
179
346
334
192
138
434
737
105
258
151
415
202
506
733
152
594
366
768
180
519
661
507
686
536
182
162
236
88
365
263
365
88
460
2
101
173
422
461
48
639
354
660
791
620
822
463
693
354
42
410
575
561
207
185
779
169
724
204
492
214
757
549
35
351
106
148
140
694
140
221
782
633
92
186
219
91
25
534
163
666
622
98
483
66
716
144
383
722
440
425
238
392
344
376
323
478
579
617
347
126
111
609
671
437
396
122
277
380
344
325
287
221
84
415
761
180
778
666
321
627
164
263
177
276
269
48
342
185
87
270
58
422
757
150
422
377
103
600
111
424
508
213
353
675
91
702
175
636
670
67
584
809
47
828
136
202
783
278
321
85
126
795
572
314
753
577
459
275
469
356
290
736
769
387
733
695
50
827
40
328
473
456
426
762
519
278
123
4
117
711
578
757
165
8
805
595
648
402
583
172
183
230
231
17
634
46
297
108
335
269
451
67
816
253
575
498
42
585
27
134
16
41
248
317
279
318
669
64
47
309
152
514
679
218
470
394
519
780
614
365
447
404
790
649
119
99
545
389
210
433
801
353
266
251
173
463
410
25
619
266
679
118
690
448
384
313
315
78
205
806
579
412
313
766
274
476
705
314
386
786
228
225
385
625
185
16
112
568
293
378
218
249
77
172
575
261
742
540
322
107
234
160
620
474
359
704
408
253
169
387
73
55
617
181
30
8
439
541
303
621
568
192
523
720
267
808
327
263
393
253
462
680
789
38
171
495
787
364
791
83
740
663
33
448
501
153
816
314
426
103
222
448
668
432
515
87
262
758
489
681
623
483
257
90
172
533
43
248
388
61
206
275
256
178
681
251
416
389
665
442
540
191
814
83
186
124
741
639
242
84
370
132
521
104
143
37
165
749
780
790
816
20
19
363
558
38
625
596
135
142
318
398
100
788
737
813
408
75
52
446
29
188
336
454
133
96
261
527
758
236
510
596
21
230
391
10
17
441
360
623
800
164
520
208
583
283
604
681
368
117
783
408
168
20
148
754
280
281
599
484
800
196
517
331
152
314
249
762
136
205
746
799
108
109
553
735
108
6
179
396
210
742
607
432
713
115
761
210
701
581
617
506
190
819
819
664
612
268
753
556
561
49
44
280
445
212
113
439
268
560
388
760
538
718
752
215
107
145
682
42
218
345
481
726
409
423
336
293
342
574
492
460
561
760
344
717
4
779
538
203
708
438
779
447
150
659
740
596
77
732
296
106
447
771
412
660
128
423
192
10
40
218
230
796
586
695
433
198
77
385
764
593
330
767
82
421
84
117
560
246
356
74
202
53
404
493
326
808
704
323
576
578
829
403
118
252
420
253
214
349
193
789
208
401
383
649
24
201
175
585
107
677
657
196
741
247
137
748
170
661
21
679
485
100
536
544
406
529
602
731
170
566
663
479
16
238
675
304
144
701
464
702
157
28
391
107
36
654
195
556
194
559
146
619
316
529
118
285
147
809
557
404
471
302
548
821
742
598
78
805
255
488
257
124
575
213
623
536
576
398
407
389
309
743
138
261
654
798
93
260
514
52
343
553
685
256
387
359
767
77
307
267
354
534
691
28
820
178
322
175
558
104
632
271
140
38
592
413
287
475
74
554
93
454
585
73
488
775
759
533
51
258
472
456
17
198
173
386
274
200
434
110
417
273
103
300
735
527
89
519
432
728
766
500
686
826
710
521
145
201
791
461
74
496
670
539
322
824
822
280
655
241
197
73
401
138
396
206
629
252
631
545
801
395
420
803
311
502
385
631
598
493
587
429
306
277
775
132
69
16
765
385
519
482
94
645
621
240
111
562
131
422
91
358
17
718
6
131
176
568
240
793
112
554
43
383
102
316
697
346
487
474
206
409
131
119
349
469
708
452
816
798
583
280
630
325
757
543
438
230
766
633
332
539
377
817
124
64
223
218
386
388
68
365
508
670
245
228
29
456
531
462
401
85
463
661
704
373
527
311
381
90
803
404
480
230
497
659
417
391
666
509
798
609
666
570
27
402
255
561
169
78
557
417
302
11
234
393
498
548
91
604
612
377
551
118
417
147
267
80
511
703
466
113
598
727
722
626
643
780
102
311
654
750
352
594
382
381
149
747
355
354
558
613
262
64
289
545
542
584
15
329
461
666
309
366
187
390
670
12
575
208
190
824
732
432
337
225
642
76
229
71
16
490
708
120
484
116
529
487
792
145
642
659
819
263
185
645
99
178
305
244
35
354
90
455
656
120
204
71
752
266
762
272
183
311
579
756
196
812
13
378
546
483
569
240
302
781
34
16
761
500
388
480
493
110
222
327
249
588
576
711
728
474
382
347
462
260
746
131
337
159
450
479
28
133
270
763
807
391
751
703
219
259
272
426
530
514
786
707
25
530
630
804
347
381
25
803
470
701
758
221
103
685
72
561
178
416
230
671
120
781
373
436
612
471
487
714
215
793
771
66
185
387
3
261
9
425
318
6
115
468
375
809
192
411
10
378
173
730
565
394
68
1
238
286
662
433
239
13
671
731
776
289
437
464
81
635
824
760
251
215
804
585
709
752
778
216
53
83
684
541
461
463
666
749
279
329
709
376
670
254
764
420
705
576
151
133
492
470
420
741
604
299
431
334
532
424
259
281
11
306
712
566
510
172
551
676
139
662
699
275
251
398
79
63
245
526
797
131
738
9
562
729
443
490
252
171
101
814
119
303
770
366
404
150
672
302
627
495
364
58
563
332
304
484
540
776
403
35
565
644
4
302
565
526
325
569
344
211
645
318
285
443
371
258
667
703
21
700
711
205
548
759
219
761
26
800
119
724
494
222
693
82
640
700
756
265
634
801
144
336
171
32
557
664
548
7
641
427
302
267
466
695
43
640
695
239
793
495
276
298
297
283
654
672
30
140
343
185
586
232
105
265
775
465
389
332
520
47
813
167
748
560
651
186
500
114
200
434
643
277
285
355
247
508
79
109
245
36
716
637
29
661
517
749
625
506
658
415
383
610
779
586
730
786
385
86
86
60
273
38
709
701
510
74
279
287
99
632
22
465
609
418
50
523
228
707
614
499
74
61
639
74
657
19
402
563
240
348
93
486
485
13
284
768
615
85
203
624
719
714
294
497
31
9
216
476
591
597
818
324
116
335
8
557
367
343
162
629
391
17
588
712
225
72
678
582
361
752
447
547
677
694
309
71
711
374
412
424
216
826
235
661
598
210
129
422
42
532
506
476
728
750
191
276
217
297
793
490
192
129
703
564
125
558
45
674
49
673
72
45
744
443
169
399
143
305
407
407
253
755
128
295
170
278
584
202
765
585
730
240
296
262
474
786
496
75
24
657
555
495
571
521
98
675
450
756
828
111
615
502
79
484
464
397
807
655
226
645
590
315
70
170
778
312
545
555
685
247
363
517
279
339
533
185
461
124
537
121
94
51
691
380
772
327
312
179
195
484
677
81
572
775
10
226
52
474
211
776
163
494
43
698
429
258
578
365
262
795
98
448
538
40
164
101
61
275
716
200
35
562
587
155
99
531
651
30
78
476
152
281
786
110
535
340
808
820
316
384
175
324
261
717
2
647
181
528
157
649
327
806
591
647
579
263
193
605
772
380
33
549
806
528
229
615
185
118
641
219
742
648
155
632
393
455
396
722
340
285
543
70
440
590
726
72
252
403
375
62
640
311
112
734
494
249
660
221
324
227
502
17
598
239
358
259
237
602
662
681
487
766
734
416
347
540
126
730
734
169
626
453
565
397
183
127
185
313
823
363
572
489
413
89
485
6
575
628
786
138
221
240
686
503
16
359
423
643
69
30
357
277
610
368
438
740
57
101
382
191
697
645
77
182
86
303
316
452
783
652
404
706
194
433
375
738
687
563
586
727
488
823
390
742
681
748
304
231
772
458
822
185
622
491
260
28
461
552
421
460
545
659
267
224
86
515
55
4
814
632
681
768
786
402
630
41
96
783
343
319
217
411
620
729
39
321
487
813
825
318
438
260
573
166
704
502
134
624
769
271
793
693
69
394
597
798
59
668
330
605
527
431
84
253
461
654
454
774
762
307
534
793
561
437
214
470
612
767
419
598
109
671
481
202
756
655
208
111
155
373
737
203
42
630
116
627
393
25
260
734
40
477
127
148
269
202
12
223
151
172
581
703
550
498
457
28
299
535
183
656
403
138
279
320
811
419
3
174
794
116
337
179
148
71
49
753
392
710
328
121
305
223
557
225
398
254
827
574
719
660
808
223
210
69
678
675
740
613
622
148
164
486
499
707
728
268
511
459
607
822
146
287
237
702
365
585
75
291
186
157
783
304
534
762
336
324
212
655
114
727
20
493
120
163
162
524
408
415
273
217
83
370
473
102
575
494
501
662
194
66
363
225
217
628
593
154
684
789
736
729
143
138
322
291
68
378
690
630
192
412
118
593
710
106
112
63
309
13
409
480
76
685
771
533
501
730
280
420
193
576
635
199
160
763
157
804
651
60
256
186
725
382
20
471
494
62
99
362
474
9
286
668
43
673
368
88
685
395
194
305
79
566
68
92
29
31
38
784
301
191
503
283
173
563
694
569
143
21
518
138
776
536
662
688
120
271
802
714
600
125
515
709
741
508
10
648
687
311
34
556
522
199
351
246
626
74
731
522
139
805
160
392
605
222
597
644
586
467
698
182
576
253
300
517
668
28
9
269
541
174
483
820
585
613
828
518
624
158
5
356
364
748
437
243
471
1
649
114
22
189
593
191
638
424
352
576
535
485
73
452
125
370
570
245
234
118
192
404
60
214
706
522
771
213
276
179
523
482
642
144
311
782
183
308
811
771
705
94
557
205
797
18
738
111
591
13
14
24
821
112
227
206
445
226
790
398
239
24
694
208
645
171
607
605
168
639
465
181
483
350
570
469
542
147
369
329
714
377
687
715
473
691
413
554
607
96
299
116
384
46
111
330
212
682
830
496
384
552
255
92
725
247
439
238
200
468
191
647
631
656
416
9
655
317
318
682
180
291
243
698
658
537
369
721
369
241
324
232
799
160
723
374
294
429
615
323
283
226
206
245
588
17
83
264
63
769
71
443
606
454
722
200
575
811
808
41
111
319
67
20
808
32
229
397
364
475
135
511
212
91
87
294
46
493
193
21
596
429
440
155
61
3
639
534
197
756
650
819
639
532
782
232
267
52
286
792
827
335
200
50
217
346
616
754
37
82
659
224
502
785
154
620
63
364
52
803
549
41
357
794
118
334
212
334
53
589
195
406
530
685
541
397
627
582
697
650
533
785
411
535
745
567
410
305
263
344
761
15
128
783
541
199
301
216
260
375
90
243
198
570
12
253
344
66
73
806
383
608
439
363
158
216
51
181
578
10
33
322
291
606
336
116
546
172
31
368
388
265
56
2
64
362
221
221
722
788
825
710
403
206
70
566
792
427
651
778
661
683
242
728
222
576
166
37
344
303
583
114
326
662
358
340
136
84
627
15
200
184
127
566
733
803
682
415
760
562
279
830
558
53
188
704
563
258
132
484
599
74
26
677
703
688
595
824
520
743
629
205
442
463
632
691
606
246
700
803
69
775
289
233
684
453
246
810
711
400
259
576
600
620
775
236
345
2
649
747
704
132
755
557
145
590
688
531
719
341
693
611
335
245
497
92
595
399
453
128
558
23
329
74
109
517
276
639
71
438
166
758
527
679
779
790
88
109
437
591
382
450
747
599
148
436
138
86
707
618
547
321
176
386
435
816
314
469
811
104
148
9
789
382
146
142
1
154
241
493
7
750
493
216
765
782
489
422
684
451
569
103
73
446
266
434
230
413
162
389
180
796
60
328
364
7
761
377
429
827
243
647
150
143
515
435
685
656
290
591
687
741
235
269
426
59
547
445
444
254
573
568
299
512
482
380
383
760
62
467
473
681
741
644
27
176
251
121
37
662
351
91
221
615
596
591
789
284
677
68
399
549
86
23
514
540
74
430
48
776
794
75
523
477
559
825
510
704
562
48
249
189
544
68
751
243
494
33
628
526
808
823
381
611
755
735
97
755
368
774
240
198
389
271
631
185
590
484
170
662
70
812
641
215
105
40
629
359
59
645
530
188
570
799
618
152
300
633
667
159
379
592
339
482
47
292
48
616
743
679
30
562
546
393
120
271
703
200
599
806
307
190
760
699
394
687
196
459
297
711
26
516
734
505
484
282
733
612
331
271
432
450
799
142
550
630
333
629
699
747
397
744
340
226
401
254
347
464
524
762
133
587
230
250
405
657
210
151
111
380
618
652
693
728
608
602
499
91
435
755
447
345
722
226
534
594
598
26
147
389
390
192
696
314
645
140
259
572
291
122
103
370
661
62
532
487
572
651
534
6
481
159
362
560
259
693
792
517
107
78
654
108
514
369
740
743
593
683
650
513
319
661
695
609
330
744
310
540
398
291
299
199
626
161
826
211
644
261
101
610
125
257
753
815
584
95
585
469
44
429
366
664
307
31
477
655
143
414
330
813
505
719
101
197
346
731
790
555
726
12
380
23
303
517
441
758
322
382
697
291
330
800
641
558
688
634
369
795
587
622
20
585
116
361
788
476
411
751
81
462
601
691
217
443
750
528
139
111
814
285
684
499
820
509
344
807
375
216
266
303
111
529
586
385
758
769
697
102
703
702
161
57
448
606
571
552
558
155
781
156
410
276
728
505
803
722
177
519
442
344
502
453
394
373
263
620
450
551
327
589
80
640
504
432
361
640
47
385
307
174
122
698
800
167
331
754
21
467
419
313
614
37
462
565
672
214
166
443
3
132
84
780
75
523
64
442
215
510
204
584
110
74
193
235
50
189
160
433
16
372
494
193
264
656
440
813
613
656
226
625
711
57
269
554
819
298
644
623
534
643
649
579
661
139
229
174
292
358
624
499
438
362
747
758
598
619
420
13
651
258
701
670
67
728
827
116
53
16
557
669
629
512
369
2
686
663
59
228
96
209
297
543
789
55
130
489
260
203
17
162
368
37
364
173
608
282
751
424
601
164
233
74
746
574
540
174
575
345
364
607
329
18
813
704
509
21
75
32
298
284
299
617
287
379
681
485
390
608
590
42
267
431
689
259
620
542
70
5
731
194
657
433
178
177
285
94
398
420
146
710
139
537
724
624
424
224
687
149
562
298
486
397
474
154
439
593
726
264
302
187
797
95
289
173
92
528
255
403
522
536
503
356
635
237
715
53
727
91
307
518
701
402
347
115
212
500
577
662
636
66
734
790
540
604
265
12
10
781
287
541
112
116
391
261
340
813
806
422
489
475
723
724
533
389
797
325
770
432
710
554
615
335
242
814
93
588
597
110
255
482
280
569
297
769
215
308
692
386
429
90
424
709
332
197
734
7
738
596
103
338
267
45
817
216
564
800
306
532
246
437
161
273
169
326
405
664
116
687
683
400
77
417
193
185
348
1
319
210
428
345
528
21
508
486
501
411
542
186
147
469
182
47
368
118
54
287
704
397
225
89
426
769
506
619
492
798
86
540
230
189
306
670
509
727
254
501
634
286
437
705
156
199
708
50
684
286
534
21
562
697
503
785
579
64
709
398
631
344
216
379
546
510
715
509
790
303
411
686
84
423
6
90
3
597
68
763
264
369
751
452
231
253
344
69
780
624
114
53
401
763
523
653
722
604
14
603
402
15
490
672
794
613
695
54
689
519
699
549
611
405
522
178
643
410
265
509
188
720
751
111
20
313
292
59
4
91
362
698
759
54
303
455
160
530
424
457
640
129
546
110
758
410
566
501
366
615
1
494
141
548
542
408
763
220
764
294
411
552
307
349
477
590
397
490
122
289
719
428
181
473
161
688
653
162
154
248
766
495
308
395
587
163
268
71
411
136
111
136
747
776
46
698
607
507
205
202
100
823
605
798
147
51
758
263
120
473
624
782
434
478
805
653
541
52
17
690
578
200
591
100
555
519
666
752
802
350
102
754
85
364
448
650
63
482
128
75
227
415
567
35
496
402
683
633
543
285
791
448
505
197
136
545
771
107
12
421
744
818
509
409
17
414
748
131
379
110
635
375
652
502
38
784
104
437
455
119
806
233
518
274
780
286
356
309
591
294
510
523
712
507
376
658
430
338
465
302
723
719
711
26
819
179
527
157
626
332
58
781
475
334
549
778
57
110
573
153
334
147
552
7
601
89
392
134
327
274
810
778
229
342
685
681
18
733
308
586
737
102
558
653
130
717
824
250
189
826
812
122
418
158
719
657
460
168
194
41
161
541
191
719
766
729
431
231
77
391
392
322
573
434
12
691
188
247
517
815
368
506
154
773
442
7
165
65
347
460
88
796
714
567
744
315
97
633
504
95
503
468
821
558
786
671
273
300
239
139
198
706
804
372
44
164
431
27
533
211
289
177
728
193
575
621
258
233
49
217
10
194
687
109
214
506
677
35
279
554
103
190
270
518
235
589
569
2
403
206
808
520
172
322
371
386
699
410
574
25
438
274
792
363
224
422
494
454
406
89
255
337
57
193
14
296
782
93
635
506
425
406
334
695
466
611
562
288
448
327
786
263
715
744
266
207
32
595
645
322
685
21
447
155
2
673
524
610
298
137
809
10
39
792
580
160
252
478
535
100
245
187
825
15
134
354
284
643
253
418
586
225
427
284
729
788
724
625
416
352
258
757
273
830
144
32
275
497
635
373
61
73
645
254
163
322
657
31
354
563
29
817
144
61
792
427
64
460
670
338
469
230
130
58
508
443
36
214
19
637
137
254
472
453
32
806
496
440
824
559
79
731
110
39
776
200
390
309
74
584
37
747
613
262
204
687
635
115
314
789
362
371
39
387
55
684
719
128
372
141
43
355
30
369
247
529
663
77
653
313
829
678
318
808
419
623
778
824
8
715
732
273
692
492
96
279
82
818
228
789
709
529
753
579
249
227
132
69
539
214
743
257
425
266
660
794
623
499
755
465
543
331
369
786
665
780
178
267
176
552
51
731
218
104
715
698
43
631
720
767
785
720
703
790
557
236
725
577
475
189
649
114
561
553
198
147
57
724
609
301
719
487
280
772
146
460
696
728
569
652
399
657
409
402
682
592
82
393
358
208
401
333
216
258
157
107
422
751
508
359
61
330
51
660
506
828
505
142
237
700
413
794
211
742
517
565
640
488
360
181
639
717
21
501
513
131
461
154
385
522
354
365
176
624
262
803
564
225
618
629
477
130
624
289
659
757
640
547
418
714
195
623
76
462
356
606
263
807
369
471
213
192
279
489
336
713
829
101
537
459
380
504
229
599
322
134
442
357
624
353
566
75
263
177
49
320
119
187
142
172
129
99
811
379
544
770
67
546
594
165
283
518
541
431
396
467
196
73
104
17
23
581
216
830
66
215
766
655
201
316
604
51
350
302
622
351
496
323
263
675
824
129
370
779
499
447
552
600
272
323
522
435
151
56
771
555
259
6
777
393
763
344
367
753
111
253
513
115
575
557
231
83
341
636
211
269
813
111
786
625
543
170
246
610
340
490
282
312
367
806
521
331
575
452
160
146
777
371
152
450
409
364
716
507
345
350
777
418
533
700
783
120
604
587
567
671
572
157
305
424
168
489
436
365
367
69
809
152
758
556
419
684
219
464
651
523
513
500
572
116
235
490
754
743
401
262
352
127
499
824
621
149
653
544
223
238
81
429
92
5
715
695
358
368
827
561
211
597
218
335
740
527
109
125
306
95
202
751
774
765
686
581
22
65
790
677
815
814
116
109
473
633
33
78
345
217
539
661
7
274
237
540
824
37
335
457
530
256
86
178
825
208
366
787
398
340
335
8
29
468
143
180
19
748
317
213
331
701
652
526
173
813
61
636
648
163
127
560
548
611
703
389
664
427
514
110
683
632
788
720
257
208
7
203
108
235
164
680
777
479
663
739
384
764
607
616
546
280
820
577
620
300
308
48
352
107
66
232
744
119
244
670
747
810
587
787
293
548
53
752
819
313
829
760
80
197
18
475
381
158
788
439
484
97
91
666
103
650
220
475
759
768
240
826
460
585
657
690
336
394
91
644
218
101
109
39
175
802
391
23
745
80
817
276
520
557
548
174
296
132
283
609
4
740
749
187
265
1
329
524
427
829
531
497
22
171
802
707
724
64
565
192
337
400
172
265
686
397
113
398
579
315
624
702
652
708
795
137
388
364
18
181
83
318
140
140
495
383
583
270
299
696
360
503
720
523
242
789
128
525
107
168
507
610
190
748
769
812
749
653
414
212
693
664
31
500
672
557
487
73
416
167
628
25
392
549
515
39
279
406
130
661
699
356
749
556
713
606
823
186
43
768
381
169
135
723
751
429
580
389
491
733
229
111
360
170
443
188
263
655
658
524
164
791
290
306
702
103
212
488
747
680
235
116
700
246
55
38
50
474
10
363
503
669
352
222
557
531
448
189
699
1
261
463
97
364
720
526
716
202
633
799
192
499
695
84
626
269
27
14
669
698
425
734
52
653
787
297
542
676
383
394
490
303
254
190
114
819
503
7
17
76
89
158
790
582
819
89
339
382
31
20
705
739
690
468
234
465
572
59
14
397
820
692
204
634
401
194
612
584
513
84
416
456
142
279
326
78
745
477
70
803
415
516
283
321
448
207
487
228
58
526
522
437
168
356
171
780
714
292
99
199
261
453
661
805
431
780
263
91
47
575
599
318
665
679
696
235
608
391
552
650
431
345
535
497
527
456
444
107
518
217
515
341
455
313
309
200
255
132
654
209
607
732
49
435
569
724
300
150
282
574
718
620
109
676
826
306
533
192
623
11
253
448
362
632
737
616
758
372
625
522
584
760
604
591
187
105
612
469
164
109
823
585
163
412
450
248
817
612
205
238
583
19
679
235
327
41
90
816
350
269
256
697
780
575
238
776
497
128
187
717
428
43
133
135
751
304
554
652
663
656
434
81
33
419
786
628
103
567
494
734
110
606
619
75
661
740
39
827
653
126
735
426
237
360
253
329
196
803
706
304
284
630
590
661
316
21
362
658
736
23
54
451
21
402
277
507
157
558
511
542
491
152
575
134
206
579
183
568
126
105
26
822
694
684
497
123
166
758
229
592
62
10
211
590
175
440
161
193
784
319
827
328
247
542
395
312
75
587
614
499
105
209
8
387
670
813
327
141
26
326
323
307
771
812
237
315
402
481
555
737
676
372
225
387
165
649
539
476
361
628
150
66
561
154
197
779
37
164
338
505
545
137
500
286
604
41
298
317
83
468
673
690
766
748
122
223
547
178
697
374
384
230
655
729
23
808
233
576
75
819
455
268
257
369
320
458
681
282
140
278
395
693
230
388
353
691
255
65
56
187
780
720
45
560
453
395
667
445
572
491
496
1
604
454
41
740
793
662
171
70
584
298
178
800
249
531
556
89
93
654
39
271
627
755
419
290
498
473
559
697
639
231
331
231
690
489
92
298
217
618
31
510
257
36
474
490
687
627
150
229
801
791
503
125
721
205
708
237
661
370
217
195
738
551
693
658
692
116
793
71
112
419
43
801
168
275
388
570
256
625
477
236
509
732
43
356
609
503
244
627
219
529
56
653
463
605
261
600
794
418
385
168
24
563
500
144
110
288
673
419
684
316
239
514
497
59
290
765
48
366
563
568
611
640
557
371
107
247
323
750
642
657
421
91
32
313
196
283
70
681
779
40
534
593
678
330
91
12
535
791
369
600
590
49
448
159
559
475
255
110
79
233
281
440
53
760
82
204
224
718
2
154
305
213
588
287
87
574
423
711
271
195
746
809
151
552
556
262
77
37
599
790
685
822
712
67
106
60
683
79
3
329
749
233
387
118
276
192
162
750
774
785
395
657
765
299
727
34
345
427
409
100
827
398
467
289
304
755
713
601
146
358
812
402
532
423
237
341
41
745
190
565
169
135
96
189
383
760
99
180
802
495
365
717
733
789
620
623
547
264
648
764
811
489
554
743
830
101
91
483
429
295
813
690
290
360
179
61
604
749
689
149
427
815
70
541
413
686
788
98
546
250
665
784
655
720
284
89
795
510
80
17
194
795
4
648
560
588
432
683
41
287
676
47
300
260
460
101
612
694
626
641
388
197
693
680
232
725
645
689
556
445
443
106
742
288
91
270
626
755
318
776
524
110
136
131
234
216
567
827
707
214
446
487
136
87
240
598
658
649
715
720
791
457
799
44
502
457
110
209
694
533
261
462
702
715
690
232
309
279
172
514
191
318
71
634
536
187
660
423
452
178
234
559
368
794
818
92
779
824
781
364
597
141
722
641
232
738
131
514
353
139
769
675
166
16
535
126
802
670
249
588
120
537
395
749
432
266
273
411
410
252
371
706
331
253
829
266
443
827
20
508
555
142
400
108
364
492
418
41
828
403
329
121
133
123
560
246
520
659
519
422
410
98
516
220
527
515
102
761
436
397
596
711
775
149
818
606
319
173
180
481
21
34
787
310
167
746
80
561
366
235
542
714
470
264
778
9
739
78
801
356
625
330
658
398
483
721
470
123
630
79
631
222
348
154
761
162
48
129
34
371
378
63
692
370
59
124
487
805
387
596
138
613
248
741
197
226
6
535
683
92
126
728
152
325
445
635
197
432
742
233
579
641
741
539
602
329
630
594
539
555
533
149
813
46
733
129
23
151
163
579
460
649
819
295
733
618
723
711
668
500
794
366
499
750
300
300
211
202
11
179
273
284
26
806
141
253
4
480
183
390
15
21
45
327
233
680
538
539
756
624
661
265
366
413
284
352
733
448
451
439
590
2
615
369
68
111
212
84
27
507
414
467
104
141
211
71
525
535
345
261
566
784
73
746
478
117
576
627
440
541
440
269
710
450
631
579
273
796
718
390
7
765
595
283
35
816
377
261
24
758
323
514
273
529
386
362
304
420
470
294
427
656
569
471
188
193
364
178
156
270
787
182
520
663
68
44
530
516
519
490
168
723
299
747
287
407
544
186
706
728
528
122
552
764
350
738
5
288
155
638
68
306
494
338
540
60
694
723
527
99
313
238
356
299
49
78
587
470
325
185
327
487
355
548
473
127
221
783
148
136
466
747
165
436
552
707
753
57
746
435
374
752
643
371
331
481
339
285
554
339
297
669
180
135
622
691
516
540
804
511
156
615
315
267
828
400
559
820
676
647
56
477
532
18
499
169
544
419
187
126
430
523
186
490
28
307
742
251
642
342
590
609
503
830
658
482
504
452
596
762
471
553
827
113
185
760
334
714
408
24
16
678
57
819
721
551
752
50
323
381
696
11
183
646
482
187
603
536
220
568
765
604
217
624
698
758
612
169
194
339
560
587
342
67
528
683
8
260
346
599
451
826
95
677
164
823
713
3
106
742
741
726
745
605
812
816
336
440
436
588
131
34
202
640
513
651
351
296
173
172
593
333
812
403
205
50
277
750
822
175
640
123
149
568
718
142
758
254
594
435
61
302
694
499
558
78
647
33
150
266
645
387
397
146
65
650
583
659
215
452
227
80
389
560
301
316
140
478
253
227
363
751
543
336
702
241
455
653
482
504
790
418
234
355
811
6
146
640
519
460
536
709
328
680
758
587
646
666
48
828
567
55
798
785
66
254
305
344
508
746
760
517
79
609
191
138
516
75
407
361
186
467
185
627
547
644
512
103
698
7
720
810
788
809
361
17
579
825
662
482
127
19
18
478
671
243
348
791
156
560
173
462
726
323
778
503
31
392
512
387
584
110
746
21
156
2
393
346
228
408
568
674
149
744
403
394
756
809
303
348
673
209
793
179
804
711
645
550
17
235
824
829
800
811
167
530
564
806
657
388
587
503
36
430
397
777
377
580
797
366
408
247
690
19
323
502
564
566
774
315
622
620
486
558
779
797
86
483
332
336
496
470
202
640
177
476
557
245
164
143
824
554
215
281
223
46
386
68
619
446
62
726
59
396
310
752
816
545
237
302
137
761
317
501
329
674
356
385
254
532
551
148
166
264
299
451
700
728
753
721
606
158
700
466
166
97
643
378
551
658
359
776
170
65
529
671
399
458
301
274
378
35
540
86
532
661
189
533
572
675
79
221
391
799
468
256
582
743
13
135
681
309
239
35
529
80
197
53
73
135
415
226
815
754
680
753
81
149
274
564
229
367
418
516
773
422
497
342
426
617
163
677
755
278
278
619
527
160
529
392
686
817
423
697
308
157
152
189
453
326
700
467
458
696
20
731
606
612
369
613
621
398
217
178
472
581
553
765
506
798
69
15
324
325
436
354
405
114
4
331
533
398
450
407
214
406
600
697
197
407
11
181
443
593
49
616
590
252
218
598
519
69
57
727
281
818
639
797
107
230
22
546
703
375
681
365
744
225
599
360
714
331
780
480
353
739
472
81
147
708
712
540
794
580
642
27
795
730
643
572
8
638
491
515
276
413
283
511
278
682
338
262
162
708
185
799
305
735
445
167
308
410
519
250
375
282
576
436
186
736
733
6
537
278
797
802
265
602
261
656
526
497
819
226
737
137
687
118
720
576
371
827
275
610
382
150
822
499
325
513
96
477
360
178
475
609
403
212
265
294
426
151
73
768
740
583
238
589
89
670
26
454
568
675
352
614
4
535
153
646
292
498
746
582
426
429
233
300
91
310
535
352
695
390
356
475
740
164
57
485
162
174
687
807
2
761
717
59
735
447
365
296
755
507
330
670
551
619
599
656
358
467
254
335
790
393
741
415
241
190
196
753
708
352
772
12
579
741
149
431
382
735
41
390
680
509
603
161
601
691
46
699
173
287
8
618
79
216
714
568
697
145
2
337
467
197
580
754
402
125
27
492
714
605
166
600
482
56
478
269
108
549
207
780
700
606
246
214
725
543
170
233
385
405
696
192
386
560
623
812
296
29
391
196
665
196
84
106
374
528
782
32
30
403
163
436
342
361
107
730
634
598
66
499
646
696
219
324
56
792
576
752
411
335
507
547
86
132
327
249
734
16
517
764
608
361
114
597
522
51
657
304
666
613
678
327
673
152
670
631
157
644
24
515
635
121
534
348
715
260
508
743
276
806
650
632
369
316
518
288
602
95
591
452
90
177
215
477
94
299
728
571
412
722
361
310
620
131
703
622
346
21
49
726
598
821
376
359
785
471
47
675
288
282
543
696
431
812
185
368
730
43
403
644
56
249
682
674
35
5
816
556
600
10
561
26
488
493
444
217
577
104
498
71
711
787
219
680
286
87
484
79
603
337
673
200
343
736
412
250
680
27
403
345
423
561
97
376
398
337
786
27
768
795
321
121
757
392
3
114
480
386
820
333
481
773
552
656
417
224
323
266
149
749
68
569
102
495
595
307
710
378
138
42
155
558
618
381
361
172
175
296
726
291
542
673
490
161
280
703
298
401
12
608
326
701
690
489
671
788
304
228
183
444
485
198
117
577
780
179
659
177
528
183
659
185
172
24
139
81
750
756
669
307
129
281
136
456
244
255
552
260
828
190
126
19
361
657
552
41
204
693
755
273
79
734
414
58
623
296
722
258
582
473
154
430
420
726
824
92
519
381
755
271
59
650
483
473
206
48
644
197
197
219
614
64
479
521
18
24
581
468
622
492
678
193
127
323
487
401
687
29
601
188
394
606
540
622
612
532
182
635
476
13
771
229
689
790
439
538
15
264
526
412
574
666
259
547
269
773
818
493
324
808
280
612
219
121
36
753
9
305
635
418
516
96
382
290
41
468
639
803
599
286
763
264
136
364
508
531
38
393
104
760
404
414
535
346
25
780
418
669
40
796
225
741
180
786
717
571
334
484
595
566
286
151
427
711
402
580
330
117
316
596
660
632
544
439
86
666
151
706
56
819
117
250
459
791
455
750
454
605
446
59
407
223
516
814
671
595
322
572
30
811
59
433
565
95
349
506
393
668
723
413
625
633
596
696
34
177
742
444
270
207
571
602
166
159
90
7
436
390
505
342
382
136
143
153
627
519
254
9
119
516
97
230
358
242
663
200
242
429
588
205
38
8
823
357
329
175
316
89
371
521
346
331
717
731
25
374
652
653
308
581
250
292
718
733
81
112
503
191
131
121
470
324
44
365
89
300
548
423
331
711
426
481
830
79
114
428
125
393
448
298
132
174
64
541
771
657
50
533
725
134
560
97
818
148
279
405
70
445
676
480
387
437
337
436
793
782
147
47
504
647
536
661
494
209
830
500
579
602
275
134
363
760
575
433
521
183
249
449
464
357
570
320
108
524
475
649
582
186
487
356
468
501
129
254
546
70
707
491
827
760
685
185
735
568
348
819
631
564
817
800
20
386
93
479
432
547
487
414
827
3
586
781
105
415
11
701
285
789
496
699
177
774
461
695
115
763
655
741
3
326
200
109
391
310
393
506
27
414
263
120
314
478
10
194
530
10
14
795
327
250
207
372
28
75
714
456
560
53
415
227
774
550
730
205
705
383
123
73
426
137
109
797
135
265
578
277
579
255
230
502
328
82
146
21
416
460
183
286
58
364
501
287
701
377
769
823
160
809
679
768
226
379
445
69
585
401
101
758
223
555
85
602
23
286
54
294
311
219
493
68
169
301
620
335
159
27
463
441
444
450
322
328
172
649
315
186
422
60
585
750
817
349
674
367
141
211
184
595
58
617
198
804
480
620
409
140
192
15
491
686
659
234
793
189
683
358
638
756
826
391
333
490
575
800
138
244
654
733
826
635
665
756
298
251
330
624
541
471
39
512
154
720
561
775
616
737
96
671
378
771
201
637
800
701
96
721
262
618
466
89
116
8
80
54
197
44
691
573
197
706
134
564
262
430
142
46
668
549
331
623
325
559
647
500
105
349
154
728
490
565
759
200
598
620
19
700
161
22
545
436
515
291
503
360
675
298
316
673
475
657
182
468
567
287
374
482
797
74
296
187
136
718
745
244
369
191
333
654
79
162
267
244
128
52
405
561
59
755
233
376
656
181
818
397
318
114
818
246
303
68
230
56
702
43
160
445
472
554
745
139
652
812
773
472
736
564
199
750
484
378
706
449
477
378
599
253
156
109
310
523
732
669
821
739
653
42
223
480
446
263
797
87
449
17
385
776
243
256
326
292
431
623
126
711
765
177
452
768
404
637
322
279
255
611
646
381
545
456
81
176
659
46
5
410
701
672
239
658
273
702
177
399
70
47
103
129
205
539
725
163
649
101
422
159
616
766
513
439
141
213
488
99
343
53
187
790
65
696
654
714
317
18
690
395
457
461
61
726
63
46
236
286
753
470
62
762
603
751
534
806
283
487
797
467
137
634
369
14
577
34
563
518
204
811
71
685
594
333
429
316
814
652
491
648
58
369
324
431
762
470
373
107
151
598
77
212
722
762
467
489
111
613
447
121
323
712
131
355
772
446
559
8
404
215
301
163
111
93
404
431
237
317
304
630
771
481
86
431
433
411
234
747
571
347
177
564
338
784
602
572
7
400
516
467
405
701
613
776
702
125
48
532
687
709
704
203
183
393
715
803
693
726
496
363
526
784
228
111
75
492
71
565
437
702
380
275
626
68
578
301
438
709
112
803
482
542
700
462
500
812
86
580
829
659
222
380
607
534
576
816
145
551
297
390
523
589
178
355
404
86
177
381
691
798
115
221
465
61
406
37
291
781
822
131
482
454
538
686
562
803
623
757
279
283
419
264
202
723
757
377
729
231
617
583
594
475
336
412
599
646
106
711
149
172
251
687
668
265
294
340
605
123
116
302
597
180
798
313
112
579
478
561
746
570
269
129
335
189
632
313
543
220
804
754
506
362
549
19
154
125
720
610
823
485
240
200
588
507
627
540
579
257
666
2
203
294
695
419
821
382
280
466
496
18
750
104
611
755
610
773
804
268
244
498
668
621
457
286
331
637
69
487
700
798
577
184
795
617
611
119
182
50
517
393
661
638
823
169
81
93
669
484
386
119
665
651
5
806
197
313
489
457
525
283
182
823
473
395
519
492
280
372
279
559
472
494
412
273
488
260
54
288
31
283
632
487
93
630
157
346
814
94
273
36
274
5
220
16
157
18
16
165
1
141
474
165
528
745
571
790
342
258
189
53
7
603
766
820
621
319
460
214
181
474
637
696
38
311
358
445
462
465
173
824
328
166
282
102
513
625
458
447
469
217
815
129
335
288
796
539
203
694
633
316
210
167
281
238
52
413
603
316
342
226
180
765
292
92
715
666
131
335
63
77
264
173
129
212
448
273
694
87
247
608
160
252
437
324
264
244
686
514
393
380
231
289
202
98
425
49
765
163
712
636
223
433
483
407
349
742
408
363
17
496
176
622
23
339
376
812
677
686
375
481
274
363
730
475
258
727
293
450
711
423
132
653
361
186
709
164
532
578
478
470
584
706
217
198
812
264
275
169
104
513
431
276
424
302
360
670
191
698
794
636
799
724
339
396
718
531
589
82
261
357
373
338
592
479
215
183
749
622
107
308
644
727
524
526
271
297
392
361
362
676
439
415
624
713
806
51
616
494
1
739
737
207
261
757
648
754
492
566
203
379
276
86
168
504
419
141
1
114
434
416
472
207
375
741
771
359
619
467
688
647
380
326
473
30
552
62
273
258
268
88
273
411
362
313
180
461
351
120
636
586
442
810
779
244
669
442
550
564
127
202
475
409
212
775
746
622
369
424
277
110
35
435
684
396
395
307
451
637
682
526
165
726
500
688
788
282
398
627
96
176
742
155
714
505
352
544
41
405
537
273
296
694
66
314
122
522
305
779
324
784
336
805
238
332
596
464
580
444
8
625
588
4
340
819
220
303
506
208
325
50
364
293
313
162
334
823
579
441
145
210
416
221
587
721
768
754
515
242
528
17
596
243
765
184
440
37
101
665
534
782
795
827
421
24
658
265
64
547
603
795
70
359
731
579
430
604
592
79
22
676
440
615
559
252
680
267
463
820
18
292
183
721
220
157
727
531
93
305
690
646
541
146
274
583
38
277
731
455
217
526
294
299
819
479
514
27
4
615
768
554
475
234
485
649
120
584
427
135
351
708
573
630
750
697
127
378
398
79
454
678
297
416
121
650
596
182
557
353
188
575
152
493
353
813
231
540
476
726
172
695
522
419
44
339
314
111
24
593
690
362
517
85
539
598
828
361
78
56
460
363
37
268
175
612
589
358
744
587
412
305
445
331
453
216
314
755
75
102
198
772
114
803
36
514
715
663
320
322
307
745
559
639
513
536
826
123
563
271
175
200
549
340
318
428
318
157
707
610
176
488
754
494
89
440
130
226
253
30
615
817
521
716
318
671
520
574
552
591
372
334
815
804
5
607
797
182
567
607
807
323
599
469
207
610
247
254
24
123
174
130
69
142
592
109
174
323
415
300
735
589
73
711
821
503
508
802
124
386
748
306
322
449
522
237
639
412
580
664
818
699
161
814
603
405
520
810
218
499
301
69
706
415
552
592
527
552
111
828
194
96
56
135
690
779
495
332
184
701
755
28
115
136
81
829
351
609
431
132
91
684
110
568
598
26
373
429
534
705
72
601
137
253
574
280
135
38
11
365
75
403
143
755
118
83
619
515
745
645
757
378
818
209
46
626
828
829
150
799
183
6
482
643
410
154
11
719
285
680
241
555
551
724
722
606
40
390
328
434
410
353
714
596
590
260
649
65
533
237
554
392
565
733
321
458
185
740
263
781
682
490
154
32
165
390
207
424
685
62
235
714
241
467
553
294
468
323
339
764
477
323
589
716
570
824
433
199
137
510
411
190
198
677
569
617
155
122
656
201
605
432
478
45
738
511
525
780
421
581
429
577
797
67
133
637
757
807
693
7
73
628
354
624
565
223
299
426
502
639
508
215
145
115
20
555
212
132
296
328
304
543
815
441
236
293
240
67
701
635
372
263
247
802
829
359
597
605
482
286
751
612
797
803
408
406
10
332
657
718
62
790
112
441
216
810
325
415
118
801
647
540
134
328
797
64
137
818
600
459
727
114
468
784
449
674
818
726
630
438
227
116
165
811
191
100
740
643
442
684
612
668
177
416
434
285
10
584
445
613
300
744
558
541
417
601
540
519
706
420
815
444
316
22
479
264
90
607
44
588
169
354
488
742
465
152
378
539
25
394
285
365
449
790
795
69
113
146
170
625
426
390
32
545
740
94
360
664
92
441
226
431
205
20
447
433
645
492
436
781
696
327
580
374
736
455
167
624
668
557
797
120
262
289
518
175
826
804
829
124
25
797
155
544
779
564
374
76
573
133
510
24
779
822
530
573
428
715
778
572
590
549
336
698
634
146
126
582
637
74
123
709
332
823
432
558
542
206
283
522
729
578
746
323
407
770
400
48
209
755
6
723
429
325
172
55
481
340
547
389
26
723
116
677
224
376
612
166
62
507
1
453
704
437
66
500
12
732
213
526
175
375
213
134
452
435
416
559
614
611
698
36
274
678
473
446
169
781
488
361
496
691
349
286
260
723
615
688
188
768
696
120
753
237
90
223
107
807
496
535
712
594
576
795
293
283
775
403
809
220
534
450
297
758
412
650
494
624
350
414
657
210
406
644
233
337
691
432
40
409
209
202
289
117
626
665
308
1
506
296
286
249
348
172
238
370
612
634
271
524
101
128
178
732
417
509
69
496
321
698
77
741
395
433
53
567
573
569
639
435
252
413
69
809
147
211
639
774
90
554
737
376
39
92
28
791
359
193
698
298
432
318
582
637
288
306
457
805
535
508
342
25
197
722
336
51
96
165
771
107
173
775
111
768
39
297
514
532
696
483
809
212
558
726
40
294
633
64
210
571
377
534
46
578
425
347
598
225
197
574
801
72
679
674
554
810
710
574
420
435
547
105
755
295
286
639
275
161
792
324
258
459
148
405
65
568
432
291
742
469
123
244
122
436
628
717
434
581
443
620
270
714
169
321
662
399
580
9
380
57
710
71
95
644
123
211
813
138
699
421
20
618
381
628
190
68
677
401
140
725
354
792
218
334
538
6
799
362
474
777
770
72
415
713
734
781
410
505
739
143
380
826
674
399
337
375
730
57
102
708
7
436
603
379
152
630
514
689
395
589
738
449
210
489
522
60
337
77
81
482
243
46
73
336
240
51
552
388
365
393
248
424
518
773
156
544
413
471
175
768
181
167
775
262
2
157
148
110
666
392
179
232
48
59
138
719
216
424
154
93
22
363
614
48
133
616
35
136
432
629
646
719
535
197
230
204
160
20
189
406
796
316
817
494
655
490
374
210
505
830
547
175
186
718
392
224
489
282
467
377
196
807
734
793
147
741
34
709
128
35
263
768
190
588
419
681
544
657
192
419
444
266
327
666
144
213
69
443
301
179
374
401
220
525
6
746
140
231
141
729
528
459
407
81
582
458
286
71
360
523
800
31
617
485
220
256
486
11
247
377
264
559
297
148
791
50
247
282
568
380
471
559
528
464
79
161
609
389
719
273
576
636
23
180
643
188
173
403
485
604
155
545
509
84
699
658
71
819
704
286
657
717
685
7
325
320
53
598
807
60
533
244
90
676
286
124
436
821
403
724
821
815
724
265
269
249
245
193
821
621
494
38
253
288
404
643
253
64
111
589
52
249
299
261
541
823
408
651
471
784
358
195
783
41
498
753
695
175
135
619
613
205
551
666
665
93
32
675
298
660
92
714
117
436
386
396
476
769
590
83
783
606
204
412
43
295
88
325
668
88
675
830
484
199
70
304
557
541
272
189
80
719
95
347
396
569
238
401
805
60
796
40
251
822
686
617
173
389
531
360
257
350
514
10
325
99
355
143
62
302
96
192
420
531
776
392
587
168
411
173
535
529
734
653
128
306
47
278
698
230
662
633
211
719
669
143
65
21
508
598
5
56
525
500
364
349
643
600
718
421
623
689
193
334
159
1
96
427
96
815
159
656
234
607
651
619
497
651
577
563
215
250
675
580
23
46
178
204
344
351
1
490
37
266
645
389
375
238
528
154
559
68
809
72
715
630
267
379
156
718
126
637
35
507
501
588
690
141
22
627
539
417
556
16
58
251
323
712
83
357
160
8
89
501
444
306
327
31
651
306
463
592
322
656
611
318
674
327
70
596
524
742
491
279
18
440
474
563
817
681
562
129
395
771
795
592
22
1
590
49
707
490
825
619
787
266
657
500
154
46
661
189
606
392
268
149
746
542
805
816
542
814
490
279
224
116
102
404
37
377
369
205
357
621
305
461
343
283
587
205
473
525
615
353
588
228
439
701
572
233
465
70
708
817
812
765
670
104
309
188
817
780
414
347
433
472
106
753
395
181
721
738
70
397
693
284
379
249
738
791
60
177
171
611
728
468
262
764
796
523
261
296
86
489
142
493
146
407
781
786
298
276
280
76
525
424
797
612
425
6
532
387
291
457
590
12
218
530
739
396
61
689
60
396
384
370
260
782
827
226
224
51
771
168
158
401
389
336
512
206
511
449
629
706
11
721
443
469
304
353
542
325
76
132
722
472
275
129
146
184
210
807
44
509
641
300
102
346
533
115
164
566
109
366
552
790
256
534
209
418
588
47
713
282
361
717
604
10
254
22
281
14
562
27
153
446
830
612
739
259
263
551
305
88
136
753
732
310
820
505
348
171
541
213
606
152
254
565
763
354
80
180
406
332
710
210
324
749
453
206
115
344
239
328
709
327
63
778
591
91
805
247
533
88
358
13
404
709
88
405
232
67
707
176
741
772
509
620
53
679
309
580
120
35
131
798
681
666
168
254
186
830
281
729
199
588
574
71
692
740
702
120
357
440
58
164
710
607
717
656
125
680
329
255
604
558
293
734
762
532
384
149
757
696
67
353
706
220
721
302
508
743
358
255
161
774
648
209
684
26
768
466
600
434
170
201
746
646
729
137
555
103
307
738
16
480
609
663
456
211
91
243
393
510
818
467
461
799
757
562
508
701
660
210
116
704
403
228
486
181
392
2
526
577
534
463
436
157
436
562
586
821
542
767
95
421
437
551
586
635
179
654
175
109
190
10
314
442
129
297
579
662
552
567
574
86
488
81
237
656
688
49
111
319
316
183
603
266
800
272
410
615
114
249
47
448
290
299
34
798
78
786
377
143
619
244
93
792
717
548
634
801
128
354
423
551
180
622
732
569
73
441
670
676
729
376
159
187
275
360
27
221
202
86
213
81
428
195
761
582
59
771
170
149
567
569
246
493
431
318
613
583
661
671
690
791
586
775
597
674
537
165
618
157
643
449
226
200
573
550
336
262
161
689
508
512
395
326
517
391
679
777
145
119
191
677
339
328
219
2
316
476
672
408
737
134
710
439
731
307
364
135
512
409
247
24
129
556
252
136
344
532
296
724
618
533
682
380
785
123
261
815
594
563
142
649
270
343
676
776
511
793
247
396
251
684
493
671
510
733
71
365
717
817
310
812
701
498
458
700
470
162
446
714
718
620
720
310
762
453
644
685
226
485
483
205
739
246
319
776
377
540
400
194
221
603
239
382
557
114
657
463
308
544
92
471
566
428
516
40
103
762
518
286
715
4
187
814
469
272
236
118
353
597
803
719
449
696
535
513
747
666
459
584
642
597
723
677
536
80
728
306
611
466
302
65
278
569
580
177
658
199
557
469
650
214
193
425
758
798
492
29
45
396
726
409
613
341
791
535
547
9
179
336
19
569
514
293
446
419
354
109
597
35
299
192
423
782
441
267
671
526
160
789
277
586
746
639
149
218
803
749
289
827
718
177
21
829
272
145
764
398
395
181
395
588
410
66
291
335
34
665
146
546
229
286
604
287
768
314
369
237
477
662
334
283
323
735
71
83
758
315
22
765
501
658
783
171
337
714
825
485
294
21
217
383
682
584
188
338
574
24
51
342
189
156
471
222
509
67
180
111
128
809
58
688
601
232
723
236
424
588
430
421
186
243
581
13
234
302
250
228
599
723
260
489
632
20
513
804
697
91
2
19
230
394
251
8
266
536
395
694
546
498
310
758
676
1
627
306
280
65
527
796
661
407
355
802
535
78
693
37
772
793
749
535
829
531
655
205
373
625
608
283
578
518
409
537
667
390
230
350
365
211
793
282
810
92
490
32
438
136
825
666
812
16
370
90
281
776
188
793
45
216
606
287
210
414
262
667
640
394
190
456
543
358
7
607
73
29
755
739
798
721
185
186
781
465
769
236
88
83
647
283
661
76
520
66
51
624
547
328
88
680
626
193
267
429
683
151
115
210
444
303
205
694
447
713
490
19
562
174
676
116
436
305
498
689
528
606
317
749
571
130
555
29
571
528
713
479
70
716
596
805
668
54
281
293
620
362
355
394
250
759
97
202
714
654
527
182
423
690
821
192
702
235
91
183
502
329
377
666
728
621
607
133
759
816
771
137
387
512
268
170
434
65
122
238
282
584
461
22
506
829
296
280
711
4
824
101
371
554
587
77
672
783
511
239
301
586
675
187
748
745
170
360
433
778
16
634
818
685
33
625
8
90
439
239
36
221
809
159
604
708
265
495
596
799
168
586
299
239
829
820
523
108
325
3
208
580
4
90
695
771
777
776
752
54
522
468
444
470
338
736
468
380
285
669
534
286
716
264
551
774
193
374
767
337
811
607
159
35
338
616
317
411
810
776
324
21
84
539
4
587
650
17
746
769
623
354
375
242
429
593
596
688
83
703
354
742
809
444
364
583
22
550
797
821
722
500
344
682
275
769
138
758
406
67
744
350
62
102
679
126
444
397
485
163
449
552
625
681
481
617
541
164
363
358
437
664
244
812
570
451
451
807
537
25
687
497
519
262
47
506
104
448
255
587
627
361
696
370
171
411
291
711
789
49
619
262
372
109
566
728
364
517
770
720
473
496
196
657
826
239
803
159
296
686
6
262
134
167
444
563
414
423
246
520
806
62
577
277
68
317
508
2
200
661
762
446
73
391
770
503
602
826
98
386
552
109
786
395
783
758
248
672
63
664
399
200
787
556
332
333
522
117
515
633
754
704
704
248
526
330
52
36
375
796
142
486
146
397
191
504
296
608
61
211
508
399
429
55
451
479
617
538
743
530
790
168
162
287
261
128
99
335
487
347
327
442
739
646
125
47
706
406
255
184
624
249
67
181
342
774
376
255
451
46
230
75
209
229
529
441
197
94
422
179
365
34
718
808
174
613
407
720
350
757
711
792
614
537
370
517
130
122
671
119
308
419
252
629
147
578
210
764
549
577
624
406
272
556
521
760
647
211
477
342
358
694
482
761
625
13
350
637
679
275
20
5
303
65
54
736
785
298
457
592
371
49
235
504
187
334
16
241
233
604
427
758
85
706
577
270
669
450
322
396
640
793
727
548
818
660
498
708
143
196
497
17
434
308
800
212
54
114
749
585
227
5
419
114
261
155
786
606
547
828
408
627
108
337
143
487
286
45
216
808
597
651
300
326
125
818
770
551
313
69
201
489
825
740
65
66
247
283
530
469
248
324
788
589
543
499
705
206
574
495
732
123
700
320
341
712
182
750
576
734
441
153
392
767
806
819
787
730
806
774
304
271
570
353
823
543
113
322
680
244
309
406
620
501
235
788
129
468
475
589
615
424
369
598
142
20
19
818
177
340
16
451
275
63
318
216
334
620
397
95
554
806
620
85
438
234
56
345
592
660
355
232
328
145
748
648
794
48
268
61
562
414
449
314
12
523
534
168
250
33
816
820
358
596
43
438
759
548
652
683
22
306
519
723
624
566
152
659
813
656
24
346
37
289
676
240
534
172
670
672
395
376
419
50
305
439
529
652
666
161
624
553
537
805
262
588
388
60
488
132
115
307
597
792
217
675
118
249
830
435
764
87
278
798
521
124
530
107
235
373
158
202
685
644
615
677
506
520
496
319
552
72
701
613
35
219
314
723
726
86
432
720
532
290
82
477
688
258
683
9
37
697
394
273
371
200
10
665
635
604
182
692
162
809
683
112
191
370
31
685
588
508
694
141
151
509
803
707
783
381
713
423
35
282
354
95
114
523
779
814
817
681
331
129
69
1
257
348
26
482
625
275
63
140
215
271
297
353
582
446
534
39
769
291
204
662
681
313
412
225
411
121
39
554
23
774
391
687
146
343
62
416
209
829
137
699
229
613
446
245
63
506
819
243
791
95
247
71
482
236
226
773
167
576
553
324
787
799
127
555
586
707
450
821
422
789
396
535
663
276
736
628
172
405
587
333
104
485
409
633
717
525
412
179
494
406
130
69
792
17
713
584
232
395
396
456
591
81
290
282
100
516
629
2
798
669
720
277
458
673
66
250
251
366
771
496
472
357
447
704
737
486
215
169
30
216
477
331
740
614
325
34
414
255
626
241
670
149
775
397
136
539
456
169
596
676
9
140
226
91
517
285
700
117
485
348
756
513
431
572
459
202
85
567
310
482
179
201
218
51
494
718
529
533
538
125
149
614
55
226
110
539
80
165
531
704
493
482
168
372
357
339
826
788
442
640
567
50
768
118
413
134
751
621
96
538
433
159
696
381
408
686
445
430
18
219
33
115
612
278
409
440
255
745
442
216
667
104
643
564
317
377
622
280
71
416
627
550
418
289
98
580
170
428
181
410
668
699
137
385
743
574
665
404
554
63
213
250
195
111
565
411
796
817
819
417
310
498
508
678
125
310
798
299
3
237
369
721
231
591
316
67
394
806
396
811
313
83
56
528
360
702
132
434
566
240
30
290
537
184
721
174
340
490
575
693
185
682
489
420
788
504
632
711
718
216
104
450
45
382
66
497
528
387
277
306
3
447
680
536
324
568
316
541
820
333
550
128
464
48
528
293
807
2
662
363
371
13
485
448
261
821
4
541
175
671
471
176
336
416
529
463
374
768
677
697
464
683
61
819
640
818
461
158
202
797
130
428
775
623
188
465
414
199
668
104
526
30
163
328
192
347
544
556
36
256
264
526
145
60
545
334
258
394
322
346
725
325
602
131
716
560
342
680
91
756
482
427
185
240
729
710
191
86
551
154
23
251
656
161
337
85
451
434
460
812
296
153
765
565
456
334
154
418
16
727
498
386
740
368
293
272
338
12
626
235
689
65
38
494
749
743
716
798
303
532
305
17
49
183
17
318
315
575
605
255
276
438
546
496
132
554
490
21
120
364
399
323
237
178
119
617
60
577
366
440
737
632
298
283
787
92
674
284
34
541
657
44
713
285
678
803
562
804
747
319
105
588
519
625
127
383
4
65
772
252
568
727
526
646
51
112
670
679
776
824
706
802
364
769
537
178
593
64
278
766
142
795
790
481
287
177
46
403
160
278
743
383
588
623
734
242
2
690
447
548
781
494
141
754
341
182
519
142
278
38
441
576
622
456
786
311
246
677
538
338
188
203
92
602
237
592
749
394
261
199
486
46
479
98
320
51
567
756
21
223
316
630
323
501
526
818
235
7
790
622
94
282
303
485
751
181
807
196
50
664
419
254
285
782
687
593
798
588
287
402
434
562
12
206
364
566
364
734
653
469
170
632
375
104
363
403
289
443
697
441
525
529
692
617
265
556
217
14
719
515
23
560
62
728
670
496
294
552
669
493
596
88
558
678
738
594
8
275
815
166
743
237
730
64
757
27
489
126
467
62
644
165
194
562
468
522
715
720
15
754
713
379
101
259
520
678
331
28
748
578
566
798
585
469
161
200
625
530
33
46
348
753
307
400
737
195
585
41
250
377
109
597
514
26
698
711
767
623
239
633
309
526
61
359
92
474
447
477
523
448
271
321
593
382
394
37
386
523
123
413
662
427
9
563
644
424
240
654
58
529
221
285
277
432
54
783
187
410
391
695
616
139
18
171
210
816
666
210
176
619
270
303
637
267
395
634
679
73
488
322
263
224
740
290
785
6
489
69
55
81
678
235
437
613
455
379
442
255
150
829
806
253
474
380
199
793
723
485
297
216
192
13
397
131
451
663
626
75
793
505
19
120
18
215
581
760
410
759
670
308
410
44
49
210
546
335
7
106
353
739
603
780
436
467
508
707
709
524
738
152
772
233
36
237
401
588
420
277
694
251
607
415
595
202
183
230
712
685
374
391
533
579
344
29
418
493
780
744
639
437
681
750
694
125
378
782
414
659
656
227
613
382
820
425
673
583
349
612
536
719
501
603
163
176
208
194
449
784
770
171
652
534
628
533
632
175
727
175
134
641
561
117
439
689
582
243
458
31
788
634
792
581
163
422
733
105
326
388
482
110
312
208
397
206
428
402
107
614
513
343
594
691
389
473
373
266
234
610
638
60
63
16
145
104
213
796
716
520
397
232
73
168
448
449
295
545
193
795
472
580
445
685
386
785
111
259
769
590
771
53
670
228
520
530
378
631
379
781
257
646
535
321
420
442
224
547
625
390
540
297
640
120
387
123
19
38
775
797
163
326
357
612
285
814
658
814
342
676
747
824
172
289
235
59
420
537
779
647
361
656
174
29
578
237
297
721
339
419
55
247
309
569
573
87
759
137
517
380
331
396
789
318
180
620
42
698
182
643
823
94
427
260
556
11
766
252
586
722
164
809
671
202
786
308
819
468
20
13
278
109
301
313
815
61
793
33
705
51
685
422
528
93
795
788
752
136
6
707
197
17
367
496
336
759
806
728
173
32
477
151
565
354
254
205
54
784
450
561
667
822
534
636
689
209
413
827
61
356
596
350
311
93
271
240
321
66
47
622
672
405
233
582
126
148
15
769
682
69
4
742
372
2
598
316
781
780
317
657
257
152
724
230
145
307
616
504
17
154
158
406
633
55
149
668
500
119
48
683
550
145
754
50
780
316
55
138
5
404
611
28
420
341
368
770
460
305
460
389
365
122
170
391
534
604
749
555
374
657
605
6
815
807
221
716
100
162
56
481
617
686
817
768
511
216
48
28
712
722
517
519
625
814
490
71
28
9
432
385
196
496
210
489
538
654
656
180
58
163
483
646
260
111
363
401
710
754
4
474
661
60
340
308
748
97
384
476
251
357
329
108
705
213
321
85
89
649
233
798
346
284
742
379
221
796
523
245
320
798
611
480
446
266
299
421
467
581
193
759
256
247
647
428
519
543
693
804
119
485
741
759
364
223
463
477
47
127
515
92
108
694
248
545
338
422
343
720
722
407
633
493
311
12
295
16
363
811
201
418
143
457
693
800
309
685
480
150
642
438
185
469
274
670
812
455
535
664
470
339
54
821
360
544
812
558
810
590
785
481
815
597
156
315
461
282
119
73
238
521
648
228
324
535
277
708
782
374
191
681
311
223
343
170
482
792
106
9
213
634
777
798
782
7
792
699
722
60
308
452
779
339
240
360
722
740
730
44
588
56
320
704
161
633
544
770
93
484
567
401
812
229
357
634
312
192
201
753
100
411
342
473
573
577
517
542
182
50
103
2
55
247
176
133
594
322
236
508
456
90
331
439
179
697
667
347
272
310
97
645
141
590
596
644
699
84
430
721
79
488
558
289
150
146
299
544
528
409
1
459
505
173
365
67
489
568
293
789
303
722
239
18
693
72
515
490
495
745
708
473
597
611
54
1
144
767
535
389
257
84
333
57
533
616
79
777
50
656
422
63
195
306
128
288
116
288
84
250
356
459
698
786
830
309
262
403
485
432
456
258
209
774
775
750
324
465
278
556
141
588
322
19
628
704
2
453
512
299
659
377
563
64
156
279
493
683
222
14
824
764
196
677
353
378
614
384
751
131
199
268
433
274
187
250
228
672
281
69
374
803
244
93
259
364
508
511
819
419
325
133
416
159
823
675
634
307
352
564
251
481
786
155
260
22
95
683
727
7
351
781
779
617
677
822
670
314
346
30
703
188
84
549
105
357
663
753
65
433
811
190
148
751
802
148
92
303
184
707
532
94
750
649
409
297
626
19
697
477
328
446
512
519
713
158
806
66
441
401
753
288
413
381
225
507
788
163
358
751
612
744
280
717
568
15
235
713
678
166
388
34
413
242
427
123
385
603
777
227
638
804
620
132
233
286
210
166
328
344
236
684
537
176
216
515
570
634
409
43
23
606
183
396
644
563
78
686
65
529
399
697
531
810
816
670
130
550
737
627
204
643
397
736
518
72
752
538
518
551
8
150
778
655
94
697
31
752
392
731
285
200
11
414
438
450
451
321
547
280
380
460
93
43
133
225
176
178
360
443
48
3
738
703
431
601
27
517
477
272
169
779
780
293
683
226
470
346
161
6
332
566
445
768
740
329
55
480
382
614
652
182
169
90
817
384
279
243
777
572
557
819
414
64
20
696
418
640
521
627
247
44
717
4
10
542
412
349
630
179
620
331
687
84
32
350
790
615
376
304
179
629
94
301
818
729
594
54
77
523
199
822
343
592
548
727
309
718
70
748
235
489
99
541
185
663
367
7
263
144
409
394
506
647
30
305
432
335
569
2
535
273
666
626
313
507
96
151
191
325
733
223
185
647
459
501
140
174
13
620
461
502
325
438
665
104
613
136
92
220
702
573
547
710
133
421
598
121
201
588
429
719
716
118
542
594
277
49
362
521
60
148
707
73
768
410
359
23
481
681
329
300
52
267
248
223
39
649
138
112
191
360
1
89
5
5
65
87
535
475
174
576
21
291
304
589
292
304
645
512
658
39
428
249
338
350
768
406
517
621
183
242
788
524
529
610
380
738
419
667
633
700
128
243
152
355
287
495
507
433
272
357
302
480
751
156
520
49
56
463
358
158
73
451
239
525
420
708
669
105
206
44
104
626
122
310
313
397
161
159
651
381
363
149
531
463
762
515
371
823
304
83
782
713
115
92
392
801
350
691
344
432
102
106
705
540
147
25
438
448
574
40
430
389
237
751
22
820
694
463
764
266
222
424
567
503
164
462
434
653
660
616
369
316
724
292
554
129
708
424
759
120
269
249
54
180
623
107
564
463
701
783
126
267
651
516
364
698
429
250
466
471
723
302
9
186
714
153
260
207
363
464
150
583
18
661
734
352
796
458
219
830
429
251
168
147
460
678
248
461
23
474
806
546
821
261
210
203
4
524
115
525
457
449
359
810
662
802
204
645
181
713
583
309
383
620
539
580
629
270
443
20
775
217
55
741
275
574
56
22
362
182
681
802
123
818
161
134
602
760
39
43
470
329
613
667
66
94
760
700
728
302
397
122
643
160
102
486
795
717
670
156
815
538
793
664
489
96
110
690
232
764
778
786
627
14
463
576
260
166
433
355
189
321
65
10
340
768
601
585
652
520
386
511
573
509
243
497
818
263
492
463
556
599
826
492
486
232
672
216
619
579
331
785
424
218
440
720
729
424
236
686
563
19
439
576
181
426
391
188
399
346
184
427
66
208
276
450
592
446
381
460
57
380
397
260
369
686
443
809
126
489
127
36
248
662
277
781
415
586
28
276
531
124
179
829
305
67
413
758
767
217
629
295
506
460
200
88
213
390
404
297
665
523
92
1
709
603
185
219
808
59
524
34
558
519
302
309
451
134
134
570
542
406
735
260
11
351
617
324
375
71
741
829
434
34
169
361
489
744
715
647
432
209
382
95
92
479
508
202
392
333
523
46
398
31
99
242
147
4
539
40
792
789
689
36
264
424
36
50
115
811
437
544
168
444
730
389
178
11
447
450
59
263
463
796
127
303
127
11
783
489
479
370
465
601
597
313
583
454
594
721
301
623
284
799
416
241
245
395
727
359
828
121
533
218
506
148
341
42
744
731
776
279
63
629
547
387
27
711
208
702
269
743
408
233
353
568
336
495
10
314
789
429
748
534
717
123
788
10
593
311
681
728
495
184
613
328
777
701
509
432
454
508
36
381
205
367
89
397
697
328
766
780
577
828
161
404
581
461
676
260
288
46
83
56
548
627
646
578
526
779
37
178
356
136
396
657
797
824
500
745
595
288
460
260
26
563
389
538
727
184
390
366
395
261
802
820
493
424
184
360
249
211
59
118
479
166
50
485
3
295
670
806
361
300
360
305
343
274
750
85
18
708
480
494
624
259
736
467
52
341
300
18
789
153
69
596
482
33
735
322
158
461
745
544
409
500
66
374
414
756
504
567
152
67
570
87
231
191
311
725
368
42
191
696
110
184
540
227
735
790
225
136
127
601
669
239
570
739
424
453
727
372
698
660
254
639
461
523
636
143
731
474
185
190
275
299
374
737
174
184
298
23
736
773
5
741
477
98
791
180
249
725
67
596
191
486
626
87
761
154
68
90
668
410
474
225
97
816
570
205
73
827
83
268
826
630
499
34
419
144
224
786
214
520
526
33
366
86
469
532
593
753
348
622
732
681
445
586
610
326
16
244
554
545
475
607
38
511
705
451
211
443
254
569
792
580
824
786
278
660
577
270
71
115
198
808
572
504
165
544
758
683
714
317
816
500
476
714
706
230
215
825
246
124
175
326
683
23
735
589
38
764
461
35
415
89
652
12
447
438
511
570
413
625
166
600
368
22
313
203
229
78
214
159
488
461
270
215
356
715
439
711
533
105
142
653
425
382
143
586
744
326
782
124
423
307
683
393
73
71
15
362
734
373
334
16
338
570
403
22
103
593
584
86
682
600
306
514
825
233
262
420
485
473
333
286
238
715
287
707
225
469
749
572
146
299
203
553
329
141
208
26
168
356
559
57
703
653
356
451
443
534
593
223
507
748
598
78
399
556
751
484
39
147
199
590
332
507
781
114
448
172
311
321
668
310
639
462
198
494
83
713
631
425
552
559
66
415
61
453
565
107
582
382
115
243
576
422
683
364
250
545
767
554
333
346
813
23
468
216
743
501
591
89
783
311
148
506
42
186
246
388
467
459
675
755
437
701
518
347
748
497
402
39
681
311
347
566
448
559
410
247
623
593
324
633
602
562
527
321
24
170
565
111
765
806
627
672
640
542
328
264
786
691
361
260
447
766
196
395
497
555
659
534
234
526
676
157
46
715
24
6
133
290
13
63
136
825
267
138
601
269
800
85
656
399
324
164
517
276
622
714
533
544
646
826
264
157
361
128
722
661
96
606
373
763
358
319
354
144
559
489
768
25
4
41
714
509
695
590
617
670
720
193
257
89
660
91
524
572
226
540
636
419
564
587
373
15
654
641
252
380
368
572
346
281
207
640
217
235
270
186
795
748
690
482
188
748
338
544
261
726
704
822
798
24
326
189
170
94
305
308
559
594
210
137
529
605
571
227
67
674
417
686
567
429
797
722
205
604
761
96
352
32
464
86
145
259
49
59
438
745
451
757
261
649
656
815
679
24
331
560
253
127
86
658
26
246
541
646
713
84
662
151
226
496
301
791
494
455
673
381
307
354
179
678
378
770
547
256
695
69
618
47
140
34
387
662
195
368
183
676
480
636
10
16
262
55
805
674
526
256
193
410
14
382
482
116
40
133
587
783
42
749
826
520
131
176
398
498
608
739
677
500
774
416
423
809
369
715
245
777
786
541
249
766
509
556
197
564
265
319
439
529
699
279
189
415
514
222
292
158
354
107
194
645
96
468
418
555
203
768
731
371
669
646
564
542
139
454
17
444
656
696
750
137
525
449
747
777
400
438
493
545
99
424
478
35
812
733
22
36
617
649
698
349
508
315
349
505
688
289
270
555
31
371
383
68
705
522
310
746
751
821
224
499
812
821
175
673
605
674
278
49
399
454
363
789
153
593
404
337
563
95
338
184
664
263
653
827
93
613
500
768
177
810
642
287
375
371
714
799
389
301
67
238
523
431
305
24
186
114
107
190
73
809
223
174
422
74
66
90
61
495
27
560
607
326
420
254
226
738
197
178
392
563
400
369
67
230
371
521
230
589
181
777
67
338
138
291
207
154
252
106
583
396
566
223
28
598
350
540
592
249
816
401
360
58
18
498
707
427
115
255
290
329
358
186
766
665
80
446
109
513
676
503
495
467
714
805
187
162
444
509
263
127
207
784
209
121
261
170
413
100
309
419
314
527
143
342
248
309
661
816
471
553
348
629
414
384
234
118
300
548
486
83
297
346
46
748
213
250
722
22
736
616
224
702
208
124
475
609
442
30
163
102
706
8
705
283
403
75
246
628
249
164
31
716
156
767
726
793
482
616
777
411
761
650
619
120
187
213
340
558
603
538
119
766
527
462
479
593
175
29
478
546
180
438
37
761
309
461
773
503
771
429
187
609
110
196
635
554
571
9
456
793
358
99
233
383
130
296
633
414
481
340
73
467
822
515
403
95
212
68
67
675
46
480
245
638
167
151
423
746
736
176
536
391
318
787
224
79
96
756
245
94
187
464
658
747
581
496
87
233
426
54
424
250
207
11
468
551
116
614
313
561
266
793
193
226
236
441
561
436
282
503
382
191
465
744
219
533
126
151
634
13
465
689
282
94
21
141
93
433
668
532
339
61
381
31
405
756
91
693
33
535
26
186
258
35
167
700
825
443
137
272
145
823
658
367
184
279
820
413
568
469
566
501
301
30
397
810
710
369
514
519
802
772
778
97
108
467
676
395
402
486
617
812
760
170
772
748
224
450
816
50
61
816
72
701
648
569
244
287
599
711
386
724
310
203
672
504
290
373
229
159
266
64
691
304
552
73
607
619
26
478
374
29
517
178
757
394
319
307
678
381
13
152
281
266
97
703
503
189
749
779
36
246
174
194
246
158
274
331
500
816
606
741
307
652
535
686
262
94
335
554
607
211
287
465
257
162
745
97
165
575
297
182
332
190
521
274
644
727
167
490
450
661
44
155
366
216
486
280
44
817
420
815
343
671
352
393
813
543
220
677
637
299
336
31
494
41
209
749
774
553
711
246
423
34
682
104
677
515
172
398
413
336
4
696
587
416
102
757
202
66
200
382
816
560
718
385
321
430
552
2
558
101
87
752
206
140
583
807
436
736
345
776
307
87
465
731
364
493
789
512
586
35
394
714
155
697
355
601
41
510
434
451
137
280
28
734
276
236
375
242
59
187
400
25
454
196
102
457
233
334
459
594
115
126
676
30
646
154
426
274
81
520
285
51
798
321
382
329
698
575
190
546
44
268
639
760
55
387
24
55
47
685
701
595
712
485
650
687
372
207
562
204
502
36
208
670
763
491
460
817
730
359
764
163
212
364
99
491
752
1
500
803
803
397
118
742
442
444
643
535
4
423
820
495
574
536
695
586
450
208
372
684
610
321
321
64
523
254
687
829
673
350
125
644
670
466
658
652
605
372
769
226
205
321
122
115
799
22
813
815
349
445
751
511
168
823
380
570
721
487
366
714
382
417
427
290
392
416
241
748
699
240
146
450
547
484
700
412
480
112
331
355
629
520
538
601
544
800
440
498
83
706
145
377
424
224
434
146
395
245
412
713
724
8
380
704
270
573
219
640
752
140
159
387
348
484
14
192
209
629
758
335
707
88
183
756
273
280
220
405
137
361
754
503
273
99
811
27
74
789
504
825
374
110
821
674
662
544
142
151
121
603
532
441
204
803
3
74
758
660
427
572
169
623
227
747
663
375
475
342
271
18
378
699
443
682
766
447
499
450
43
382
324
571
449
495
34
514
737
668
460
6
680
151
436
614
362
151
262
231
283
279
374
274
30
723
186
274
73
403
561
598
71
608
817
431
116
454
679
820
274
515
498
370
548
702
242
327
812
407
816
740
609
739
4
389
172
733
274
126
786
31
241
426
154
180
458
560
297
13
93
318
268
189
617
496
651
434
456
350
698
557
827
413
801
560
713
609
548
556
22
179
602
71
151
552
306
232
122
286
508
5
448
592
111
118
52
415
737
557
725
592
383
232
546
277
544
461
373
260
674
681
279
377
437
335
768
35
213
536
71
729
672
348
541
439
390
20
227
560
527
63
702
160
756
814
421
717
773
225
150
645
95
676
60
332
135
612
749
671
188
215
697
809
357
339
451
480
644
49
434
281
403
772
375
352
441
349
581
536
331
708
786
741
596
53
437
371
366
176
382
815
172
95
403
262
186
513
743
589
399
610
53
8
359
155
730
660
179
697
65
655
349
556
473
403
292
669
67
307
573
711
157
141
807
634
296
563
513
391
754
779
715
212
133
47
830
347
104
470
348
541
298
429
699
202
36
668
536
478
68
458
288
285
149
730
612
5
378
617
296
691
239
467
569
827
208
365
371
324
416
773
235
540
443
558
384
322
122
558
82
599
653
587
437
680
77
524
141
812
15
596
668
73
25
805
339
649
93
515
691
379
589
724
238
726
603
233
770
436
739
241
550
102
723
233
548
797
125
667
362
42
671
189
811
143
316
33
344
708
655
342
346
461
355
31
29
99
792
456
584
599
784
202
281
620
332
384
205
101
764
661
245
19
176
587
362
244
512
281
768
763
647
510
103
25
534
571
6
94
133
8
581
57
813
230
248
230
521
212
545
429
431
803
716
68
370
279
727
298
753
792
446
596
217
73
550
543
504
457
275
459
98
287
180
365
806
227
121
643
423
476
315
824
598
369
234
27
186
545
407
765
27
63
678
535
432
176
768
755
698
818
578
703
642
97
725
198
25
771
259
703
73
254
519
207
218
108
558
273
104
785
510
568
22
508
334
147
35
818
370
46
432
108
181
339
479
412
258
649
149
681
266
720
119
763
720
470
639
440
576
518
507
311
655
115
65
32
736
222
232
826
225
291
806
685
131
285
690
89
134
635
823
357
172
499
772
8
620
222
523
592
178
429
2
712
51
641
110
635
788
346
448
177
609
708
8
295
122
365
48
670
256
48
493
614
473
497
402
355
502
746
637
357
215
729
373
352
616
346
416
560
238
496
229
202
566
122
472
416
129
448
564
30
830
222
689
37
427
804
149
223
699
717
513
21
328
304
624
91
102
5
454
593
626
516
201
575
400
683
281
12
569
652
105
793
136
96
305
470
653
69
10
671
7
213
235
660
717
639
312
16
475
111
247
805
246
585
711
40
425
39
774
431
90
799
35
455
202
311
56
60
824
408
95
695
68
495
324
739
660
409
278
771
825
40
594
427
495
302
383
820
622
292
576
104
141
343
716
536
198
150
564
783
317
245
344
223
482
226
178
312
429
593
142
203
167
457
424
444
653
632
637
327
532
818
725
74
719
491
339
542
65
529
230
100
411
122
256
533
747
380
377
729
728
587
217
492
50
300
92
154
12
428
525
418
252
504
585
134
320
38
115
713
826
226
824
661
808
409
766
695
467
172
175
826
6
619
93
808
818
637
710
271
137
246
294
440
620
394
137
61
367
39
113
475
546
165
502
556
167
158
61
102
503
609
54
399
443
795
702
230
433
257
117
728
651
367
706
244
392
783
98
740
459
594
576
557
482
520
99
704
191
308
58
93
585
353
140
571
632
512
333
387
532
708
740
64
712
568
673
205
629
179
596
437
638
140
811
369
632
339
97
557
487
286
257
21
314
319
623
756
755
297
142
489
480
383
417
599
679
771
604
698
59
201
237
393
562
317
425
363
737
670
366
89
398
184
756
752
209
287
348
100
493
47
435
310
304
433
716
447
557
470
296
125
343
620
341
154
597
785
158
553
291
422
332
145
360
126
793
98
787
409
647
457
337
524
150
120
76
490
477
780
315
563
131
310
3
573
160
466
118
792
185
685
308
401
618
69
5
655
100
570
232
22
182
759
166
76
233
11
197
388
88
56
278
589
692
269
445
329
284
776
154
279
126
715
592
526
776
765
295
576
219
747
529
595
509
75
668
406
603
678
373
584
589
151
543
458
510
704
568
429
423
43
196
664
683
704
444
405
647
107
405
107
414
296
98
429
593
797
15
287
125
199
498
369
267
703
216
469
717
808
428
791
790
720
813
301
449
121
771
117
157
407
687
686
820
620
503
474
582
176
61
395
517
380
609
474
329
172
119
805
480
121
354
150
130
829
623
681
362
397
442
357
236
687
790
145
422
739
678
223
687
510
39
117
47
62
303
31
628
702
474
372
194
790
315
182
342
667
69
728
753
346
586
410
185
546
32
500
78
393
62
193
262
335
640
418
614
700
654
590
598
649
805
175
8
734
80
741
368
215
593
270
349
464
548
357
340
252
315
764
465
19
45
512
270
701
47
75
459
196
2
176
153
42
295
643
360
670
385
678
758
394
334
690
649
29
819
17
394
666
827
678
471
640
817
293
196
634
294
172
303
45
78
66
541
821
706
775
51
525
811
445
452
248
476
36
783
25
655
725
203
278
380
756
264
664
244
632
789
506
193
789
263
247
647
241
313
636
388
544
468
786
420
642
362
460
830
480
516
289
532
107
164
36
397
767
66
225
731
169
660
448
367
565
481
360
462
524
584
428
326
252
402
40
690
137
468
104
120
444
16
767
723
8
563
763
216
739
606
275
778
545
704
223
260
670
8
736
798
335
457
183
478
646
227
521
743
726
570
752
431
594
516
606
763
700
81
41
459
543
488
624
635
325
11
484
552
404
358
502
181
597
649
763
617
635
787
713
34
589
477
299
590
618
152
613
797
304
227
565
469
429
513
244
153
513
42
290
292
189
182
432
107
454
510
453
107
360
635
59
629
417
233
96
464
710
530
389
621
180
489
610
737
126
240
413
575
435
247
190
739
169
133
531
561
326
238
52
722
96
463
582
71
377
604
669
416
722
730
540
183
606
624
349
755
477
380
355
403
824
597
290
270
708
635
578
544
320
62
819
706
548
386
797
97
432
492
150
107
513
745
142
544
718
724
71
467
576
430
637
204
35
455
123
649
519
408
198
106
593
162
632
571
485
780
43
664
267
429
408
494
782
448
61
306
586
620
750
68
158
9
85
29
250
529
719
740
250
473
586
756
791
352
578
685
423
587
730
533
769
753
408
691
285
422
177
229
823
757
3
311
69
262
380
578
524
572
497
458
302
18
614
639
824
209
558
742
146
220
616
403
20
723
163
319
50
794
538
561
737
808
743
473
395
297
341
226
811
587
65
664
441
810
432
175
388
54
215
624
422
434
570
229
641
497
533
620
344
756
455
595
594
182
776
739
171
614
587
278
594
165
378
557
470
488
365
345
338
527
783
457
595
172
76
181
416
695
441
820
348
193
256
65
722
691
49
419
772
818
353
790
367
323
309
821
14
65
30
468
97
73
614
399
258
465
56
269
403
185
828
719
211
215
550
555
724
598
234
564
154
492
364
149
456
277
248
822
464
537
684
184
171
13
297
313
298
634
151
510
725
449
413
504
77
411
414
422
137
748
403
339
730
328
183
109
572
238
109
604
392
433
397
433
214
565
683
89
640
633
153
801
32
242
470
697
13
9
281
433
351
488
86
702
171
389
203
759
751
203
279
522
395
107
370
759
544
230
2
308
819
454
635
632
487
17
754
456
152
583
539
404
766
295
475
319
374
627
669
533
691
171
331
111
424
1
326
39
559
394
77
656
154
317
173
357
81
642
674
302
783
790
483
275
462
133
733
551
410
84
430
579
687
316
767
550
342
384
675
753
169
273
548
16
594
816
302
48
201
76
759
155
286
542
531
205
406
696
105
362
246
104
229
446
741
310
643
374
395
124
98
780
9
222
99
463
436
53
5
223
547
130
588
830
163
744
132
25
267
573
697
482
456
822
275
751
686
191
728
573
579
361
781
527
460
386
141
573
535
36
511
157
546
44
166
148
324
507
358
75
612
669
775
460
162
254
39
245
239
91
435
35
715
92
638
519
210
133
369
202
24
137
34
464
640
227
547
225
83
555
325
347
694
767
254
829
635
389
752
676
525
42
382
236
516
3
541
724
636
550
223
480
233
356
114
98
91
728
223
683
552
124
69
816
824
692
476
381
673
35
26
108
462
540
328
359
240
94
701
134
491
538
227
815
187
693
648
430
272
690
45
623
543
715
798
569
438
730
590
304
100
472
6
184
316
48
458
29
235
747
165
624
359
772
398
806
300
825
37
132
441
294
288
213
294
20
446
353
453
125
735
178
674
124
481
825
805
238
282
343
151
364
691
8
504
323
609
733
829
384
291
8
210
388
224
155
648
830
264
413
513
18
778
174
497
317
659
781
314
485
412
48
151
331
417
546
797
677
193
303
383
396
478
801
56
675
51
95
546
358
379
3
551
402
495
318
11
215
818
112
19
621
708
764
631
250
829
250
315
67
653
219
790
371
238
654
41
421
727
768
682
608
402
85
143
169
710
109
361
591
818
94
269
142
534
271
81
555
295
562
132
100
677
701
591
403
344
47
205
722
310
632
79
176
732
149
165
694
516
786
277
325
431
363
558
349
660
622
275
776
382
58
36
654
155
364
641
690
596
37
430
368
505
61
194
609
108
252
100
830
662
793
586
452
519
705
515
182
303
144
637
430
98
163
327
16
366
35
125
641
698
387
24
324
11
719
751
614
700
188
597
41
276
93
235
157
815
307
413
653
726
486
61
35
662
153
237
780
259
62
111
794
574
807
390
815
125
723
512
4
196
163
35
180
797
662
91
413
425
103
21
248
647
671
599
367
366
21
744
360
375
424
146
71
88
93
628
310
705
656
202
452
126
810
408
675
167
157
268
475
621
572
200
342
224
627
243
359
233
188
703
609
366
471
576
741
357
824
357
377
524
617
170
202
375
371
706
637
796
49
585
644
816
221
367
509
809
388
440
765
371
308
575
538
507
84
231
44
26
770
118
56
508
408
233
692
245
228
153
426
524
674
707
323
526
321
551
688
25
177
412
795
487
286
354
487
185
461
495
154
468
565
506
152
178
811
565
480
646
649
791
285
476
453
391
74
750
419
178
463
399
3
388
234
347
214
829
199
25
784
666
684
783
450
644
384
52
357
497
193
126
786
146
97
210
142
812
282
828
653
318
646
249
475
817
85
130
425
123
205
247
612
498
788
107
383
106
655
517
563
455
784
454
127
125
413
74
246
19
478
466
158
313
813
90
423
749
716
42
641
75
454
482
827
215
535
524
87
295
94
106
119
827
566
619
521
456
751
255
222
638
679
36
789
608
357
470
259
37
476
69
763
472
88
285
459
136
395
740
774
260
792
24
588
443
289
19
278
574
433
4
704
676
755
405
175
569
625
155
510
525
119
421
456
484
796
539
473
110
1
4
352
539
504
304
560
723
557
435
525
657
199
530
792
127
433
665
796
303
450
769
82
387
129
537
517
524
346
345
362
515
13
369
149
281
421
111
262
10
470
512
28
103
401
229
367
277
251
595
713
792
455
64
249
441
33
804
441
29
588
382
735
286
399
364
213
292
536
273
109
345
588
425
602
375
245
143
324
245
36
485
626
98
298
312
344
215
352
233
302
268
637
208
682
266
82
104
364
176
594
638
665
681
394
498
763
503
257
19
274
770
659
529
780
497
108
408
386
357
692
145
482
462
524
642
462
694
550
374
613
344
189
11
356
415
402
139
168
621
189
625
127
221
700
293
361
485
605
134
175
208
487
600
76
561
269
249
535
211
583
161
703
484
261
83
324
612
632
196
736
493
125
126
227
405
207
828
453
61
177
305
488
49
806
418
154
797
679
223
386
104
9
101
336
624
419
316
267
194
44
734
390
272
292
621
230
98
635
303
770
549
801
180
255
232
3
327
69
688
510
706
806
83
149
203
206
227
404
388
733
401
10
435
542
394
316
638
807
223
682
363
269
170
11
619
595
443
284
105
321
643
566
183
30
679
425
561
66
778
772
187
114
419
363
122
633
650
377
667
648
461
214
558
440
717
220
268
526
344
306
469
360
802
466
138
415
96
824
740
62
701
606
192
444
817
641
725
482
10
393
533
260
80
189
413
554
17
781
247
248
509
450
138
23
514
541
238
127
596
523
734
796
366
7
640
714
131
457
552
661
59
393
601
524
624
332
742
245
782
516
153
67
455
753
225
388
706
519
692
85
137
810
779
804
487
289
91
677
360
388
783
534
795
590
103
323
367
293
79
743
285
295
292
341
730
132
311
538
222
594
104
24
486
51
208
560
787
620
593
636
8
443
278
100
452
176
192
705
426
69
122
397
158
620
381
494
168
137
208
273
166
193
414
215
153
740
597
505
260
518
268
631
384
410
652
727
728
289
388
135
603
273
811
796
211
142
618
320
437
383
297
423
324
154
476
753
189
451
258
691
164
64
152
197
295
802
426
125
321
809
359
236
183
272
671
87
799
541
794
59
20
714
546
367
452
149
621
244
137
729
456
99
483
241
315
401
73
490
134
688
112
131
110
367
614
670
184
7
662
109
352
531
524
160
377
306
119
651
333
775
38
417
35
322
124
696
62
10
135
194
402
143
385
388
352
774
312
743
669
537
14
610
86
67
30
305
225
723
61
479
655
769
35
796
120
114
588
450
474
674
395
753
719
131
685
271
226
741
722
121
821
63
694
739
720
738
181
813
709
526
772
734
596
581
214
733
765
76
237
437
579
450
160
195
279
703
327
588
799
811
444
798
615
199
786
46
285
504
33
315
814
53
277
34
800
795
80
346
294
442
634
760
561
118
400
774
240
702
406
507
114
464
512
539
515
378
729
335
437
667
576
725
543
519
7
509
222
250
709
610
828
330
709
367
5
389
414
753
564
653
648
136
115
795
306
229
658
725
619
171
498
200
290
769
226
207
510
4
513
449
93
323
289
383
802
623
432
22
246
33
595
615
644
193
483
604
671
495
737
813
199
624
785
385
328
647
209
597
275
602
686
726
761
443
109
651
366
585
761
375
370
574
208
359
58
474
74
481
760
535
337
438
127
695
486
71
501
716
41
613
754
437
671
614
791
726
396
377
639
129
384
11
36
379
82
573
729
466
100
285
93
266
602
654
729
700
287
706
351
27
149
626
471
469
632
621
160
121
298
320
597
284
410
559
440
101
491
213
453
727
212
654
664
372
83
527
505
327
735
530
774
188
547
578
757
106
379
359
371
810
308
253
82
239
543
665
368
656
726
222
237
589
3
777
685
191
135
357
314
172
110
491
224
575
314
103
223
702
282
443
815
691
745
72
807
55
309
300
351
77
593
588
465
283
149
19
141
356
431
277
631
152
522
472
124
256
771
693
180
789
576
709
57
677
166
632
541
218
818
42
548
109
614
504
408
229
424
288
673
395
724
92
385
81
449
704
340
573
142
396
40
405
80
87
789
822
369
316
606
307
585
340
513
529
586
532
254
561
319
684
457
148
141
324
69
271
605
33
671
496
484
457
792
471
132
634
228
483
285
752
256
454
617
554
276
139
296
276
313
267
88
390
576
533
4
782
456
44
9
23
202
182
39
256
486
705
781
773
381
98
541
470
218
426
291
264
505
580
555
709
397
663
102
665
288
123
296
229
156
464
506
61
3
518
687
646
336
594
107
104
26
104
65
302
800
403
527
272
303
180
643
755
153
210
290
188
161
88
633
159
159
33
535
805
136
503
785
466
461
39
583
662
252
403
538
553
353
575
756
461
384
77
45
281
657
700
652
788
192
623
233
332
404
599
333
498
479
500
368
551
50
790
442
614
657
687
358
147
558
615
602
315
587
553
498
421
582
433
646
278
297
504
181
328
186
32
513
455
668
207
526
656
741
634
811
371
31
789
172
543
660
445
526
806
272
106
629
505
89
259
459
89
476
418
550
28
71
507
663
40
96
476
175
537
524
693
65
349
376
598
457
478
112
149
312
558
408
782
785
259
472
376
79
416
258
84
238
822
713
127
109
445
681
591
155
379
519
747
12
461
7
710
243
599
427
156
651
303
499
322
307
770
327
265
287
782
469
293
663
574
519
323
826
75
30
88
540
99
67
411
147
153
364
543
263
788
471
645
731
186
515
636
367
338
56
191
509
629
704
402
125
39
718
584
700
411
337
286
486
287
310
742
262
235
762
537
324
435
673
250
738
133
136
730
415
660
335
446
27
648
5
52
651
11
464
667
183
193
199
671
680
394
283
772
620
363
109
602
657
123
215
365
259
442
393
59
236
480
131
349
44
476
716
797
202
492
80
132
233
618
465
802
647
697
363
389
37
559
146
578
326
307
828
22
663
240
33
362
502
157
283
819
53
498
570
782
687
437
551
203
327
66
344
288
17
98
637
465
365
548
823
242
446
198
374
299
363
222
461
308
820
377
405
33
57
221
478
204
708
339
13
801
803
368
162
763
182
625
366
666
243
504
279
361
523
137
314
202
716
19
777
612
811
295
29
189
771
297
410
454
470
143
385
8
113
608
707
374
95
815
521
582
813
739
347
329
233
246
794
562
554
47
497
755
375
181
203
611
548
223
576
490
424
41
262
90
59
817
385
136
490
589
596
716
31
419
408
609
727
648
260
696
53
631
373
333
706
669
642
294
188
696
38
744
355
718
545
51
693
52
201
800
606
253
616
316
494
685
505
769
564
113
773
758
427
675
582
813
485
334
268
333
361
238
806
258
44
229
120
734
358
517
777
324
549
384
14
816
470
692
159
403
682
446
130
821
496
594
219
112
731
615
52
9
11
511
750
368
496
65
598
102
723
428
133
175
174
399
411
421
85
415
560
577
727
725
417
462
120
177
43
42
219
256
278
441
811
303
312
267
385
189
738
101
212
204
769
639
323
15
551
782
807
113
202
719
782
295
758
491
535
718
757
497
409
36
272
209
119
54
58
493
559
532
180
529
377
578
681
586
720
798
307
545
754
329
499
614
308
93
617
97
800
156
456
795
800
154
460
599
783
748
55
110
781
262
270
749
270
620
318
6
184
195
585
124
807
729
588
515
26
576
494
691
125
20
237
161
811
537
578
1
319
826
739
228
80
336
593
350
406
766
478
175
318
512
376
423
193
628
711
21
54
75
199
471
740
209
687
287
302
240
455
611
47
294
195
37
786
185
791
785
539
404
570
578
309
263
822
616
523
570
281
272
234
830
471
397
778
773
380
264
577
539
334
244
548
464
796
421
742
149
493
89
704
499
63
492
704
145
550
265
301
343
538
573
752
822
667
486
32
300
606
474
582
392
319
618
653
358
253
370
233
62
183
448
193
15
216
60
202
522
822
162
706
383
87
799
611
414
814
688
454
52
636
377
381
53
64
26
654
795
658
173
408
405
662
657
543
605
829
556
779
99
132
218
255
800
601
42
730
674
252
114
65
612
728
153
757
815
380
553
7
595
85
680
784
427
462
419
636
524
256
10
307
664
308
495
476
620
45
499
573
733
299
635
52
267
346
564
510
406
635
774
543
659
519
730
549
476
28
558
533
222
531
306
719
111
261
590
782
683
636
76
37
15
37
576
469
286
392
221
478
248
636
55
372
468
7
123
489
62
86
393
468
150
226
67
360
1
505
594
583
327
465
93
734
516
355
271
802
672
69
330
827
120
649
348
44
116
323
740
724
174
447
157
122
81
714
168
215
501
700
642
829
259
147
313
223
437
675
517
565
18
424
159
646
631
600
665
183
665
219
300
488
370
588
216
323
255
436
296
313
323
657
370
768
617
313
359
119
592
32
439
60
344
236
457
61
695
478
573
603
364
407
495
320
239
353
419
566
9
490
225
550
762
415
312
116
188
413
528
256
148
161
403
434
762
133
263
229
34
522
517
699
252
630
249
674
41
588
714
701
306
575
187
556
102
421
596
56
681
279
412
276
659
6
592
463
292
334
770
290
364
111
203
73
805
424
355
328
765
367
61
338
705
346
319
663
215
252
115
249
386
17
317
632
534
364
63
128
605
589
569
196
700
14
247
584
274
677
330
452
714
367
775
542
591
131
246
52
420
625
150
485
382
9
490
789
355
484
313
317
715
435
177
716
86
426
146
285
678
33
118
456
573
402
442
94
460
254
230
426
527
561
750
621
59
649
371
684
365
243
818
154
515
672
583
401
485
147
375
223
605
368
145
810
630
808
475
307
205
251
785
107
137
151
806
152
346
533
197
530
626
682
145
738
703
670
212
613
441
249
395
764
309
302
363
542
235
397
148
138
121
403
287
508
788
142
5
619
352
502
676
261
415
780
403
828
683
182
422
220
34
794
231
544
206
750
442
353
695
446
803
152
214
450
23
453
277
685
45
642
98
426
224
270
674
222
491
547
684
775
753
786
411
112
80
291
759
629
254
590
314
773
716
29
385
119
644
376
10
643
648
94
580
376
80
127
86
108
776
323
524
488
524
198
184
794
664
133
368
730
681
726
305
578
274
61
666
622
313
666
50
422
131
103
219
632
47
378
343
560
233
634
374
304
112
384
793
559
76
655
291
264
674
652
533
389
169
511
62
139
649
449
615
390
343
828
226
270
138
640
288
360
136
800
581
381
392
198
157
127
579
681
108
195
461
640
446
647
189
803
792
235
103
214
344
332
411
539
485
284
340
28
144
4
252
564
373
494
276
745
539
551
344
387
570
420
350
336
174
792
480
116
741
633
743
303
33
418
707
236
638
573
156
521
42
436
413
9
494
600
242
734
687
413
314
518
684
742
349
488
761
1
374
88
635
567
67
370
348
32
82
768
759
338
164
123
10
489
325
463
440
27
750
137
701
783
596
404
286
637
353
38
807
414
804
616
108
398
397
776
533
650
809
599
71
809
546
816
687
812
762
89
717
573
479
595
10
508
349
420
172
59
26
251
106
407
19
708
23
205
576
350
830
152
716
492
602
281
188
672
519
275
606
398
459
668
282
347
490
125
127
33
193
430
59
587
93
358
722
699
86
210
719
824
762
505
529
438
571
452
500
537
715
303
454
26
592
616
289
565
126
133
674
568
668
665
680
311
320
230
368
437
456
177
683
560
33
503
280
379
357
207
825
97
614
394
113
733
35
424
139
580
161
186
593
399
722
742
676
392
312
379
344
5
521
605
563
565
466
44
691
763
463
829
110
445
358
731
215
93
80
382
511
804
671
71
659
196
7
134
279
363
100
146
725
56
44
203
674
588
291
455
815
550
675
254
416
557
302
609
824
118
448
731
401
307
797
666
82
192
282
60
566
519
710
486
812
162
16
113
520
59
802
682
63
763
640
189
158
642
246
100
150
744
548
488
142
135
421
271
477
807
283
617
778
790
639
782
556
595
193
753
142
70
618
440
707
493
352
783
355
650
218
85
630
314
442
82
649
266
43
143
808
476
595
567
606
360
478
669
368
59
392
673
349
659
451
339
146
279
329
583
214
819
352
584
497
721
39
532
283
528
330
514
294
323
342
639
761
766
467
353
215
308
9
713
806
92
308
777
610
56
147
432
327
185
157
188
520
672
668
399
318
288
315
598
492
54
191
291
588
813
230
591
549
800
645
315
716
276
725
336
125
72
160
782
521
201
207
486
277
617
217
561
652
791
661
476
683
196
546
173
501
424
297
224
138
575
178
612
827
752
419
517
761
92
578
116
245
687
203
746
106
213
460
389
246
257
102
262
228
2
142
492
303
534
285
179
710
61
40
816
516
630
352
206
317
183
163
515
493
104
353
75
827
228
598
30
702
460
157
727
10
434
122
697
484
701
126
320
726
760
6
570
19
242
103
593
398
678
809
240
447
773
5
801
62
413
291
407
828
18
111
607
63
451
35
560
823
330
379
774
598
289
145
489
767
321
790
553
715
29
600
469
534
595
761
669
405
365
418
497
253
552
585
688
112
152
777
66
514
72
149
641
498
242
114
301
330
555
105
553
210
30
466
716
331
133
343
246
202
452
356
349
247
553
379
395
124
477
211
280
776
32
242
455
564
781
541
251
350
26
202
396
683
702
823
37
356
687
808
828
290
403
469
3
168
332
471
602
426
206
387
56
46
829
52
191
6
382
601
768
252
807
539
96
14
627
183
565
476
456
166
550
359
590
819
376
774
596
220
344
659
109
828
131
221
789
114
34
352
298
767
469
715
33
705
163
759
508
23
496
226
484
495
138
60
222
357
733
765
293
529
132
578
765
254
667
49
492
210
196
461
369
118
314
116
294
199
533
695
663
6
499
621
689
229
381
148
258
650
258
765
649
664
535
482
774
705
443
636
750
528
312
75
439
672
519
809
792
102
121
770
755
4
627
548
243
779
640
386
667
432
578
510
270
307
565
161
121
801
145
125
526
575
394
164
472
625
466
658
115
312
588
351
274
81
470
477
592
624
806
764
181
12
619
311
370
77
41
667
33
259
290
414
608
599
708
303
663
629
667
401
492
724
618
258
811
670
252
95
758
187
255
340
406
493
620
591
321
165
553
656
523
745
693
99
747
296
164
409
260
294
603
659
107
344
14
81
566
674
58
782
564
412
300
743
727
536
406
296
11
119
385
271
338
100
386
576
361
744
305
154
334
472
483
564
141
339
127
418
499
1
408
661
827
809
793
257
613
161
571
491
103
7
575
806
16
713
333
571
206
599
223
355
623
451
252
163
429
553
556
676
763
42
211
120
80
591
484
282
765
793
773
785
54
658
424
578
462
335
110
715
653
70
523
744
449
421
413
595
85
429
88
674
370
430
741
77
224
41
422
129
610
171
317
636
805
482
433
316
533
142
152
394
221
272
54
342
335
245
364
777
142
97
165
561
84
826
764
254
266
790
710
365
757
416
198
240
133
698
153
213
182
394
423
809
36
14
584
715
505
429
334
518
812
237
755
785
640
162
255
726
65
302
217
447
757
766
633
67
132
373
325
107
551
356
256
126
692
444
814
237
1
24
49
574
656
701
160
613
431
4
490
367
653
791
611
624
273
661
40
819
92
376
212
436
696
744
60
484
542
354
803
383
259
266
171
605
67
336
319
212
559
253
644
203
447
622
374
221
550
21
604
406
357
306
736
627
188
753
318
578
705
225
717
554
122
291
201
55
663
47
805
335
416
558
824
55
315
45
257
214
172
135
454
3
468
665
528
520
211
807
84
321
185
151
629
203
646
121
188
81
59
399
328
697
82
445
264
224
634
541
686
572
452
394
710
453
87
11
44
221
73
430
613
484
392
579
186
396
317
549
494
813
239
37
30
589
441
567
509
813
28
727
632
597
755
106
481
547
346
88
405
829
600
456
139
326
575
823
568
471
634
685
294
458
790
348
694
301
343
794
826
425
331
396
655
384
219
399
466
302
333
817
91
536
243
502
494
23
72
441
487
274
558
193
313
158
270
22
44
757
214
444
751
27
18
470
217
642
293
176
693
461
685
247
670
636
619
527
795
98
657
797
426
591
799
521
374
264
135
801
168
27
236
756
631
681
767
542
143
382
468
459
278
475
506
376
792
199
775
317
349
499
274
702
321
119
541
337
568
459
383
567
601
456
106
583
100
479
327
41
606
107
489
613
741
415
527
389
178
233
36
74
376
689
316
830
624
55
462
194
136
203
684
64
80
684
260
116
829
148
103
609
282
173
472
375
542
733
78
620
392
101
508
125
818
142
785
466
626
402
636
173
559
14
363
710
711
744
186
216
168
434
288
301
733
210
344
135
162
213
462
425
774
152
127
434
167
124
339
209
544
213
435
477
17
479
637
302
282
297
630
453
153
52
560
13
52
428
331
576
190
187
148
23
170
330
797
549
422
181
373
213
633
386
148
396
524
604
171
172
276
821
376
756
65
145
444
131
543
364
164
711
337
643
547
78
586
721
794
629
191
218
342
605
658
726
512
634
473
68
57
519
211
249
541
143
204
628
55
26
164
493
130
491
303
668
125
379
497
380
287
223
440
231
567
762
561
742
481
298
226
710
211
419
212
111
655
88
107
250
154
286
580
740
803
647
411
722
113
612
92
51
747
250
770
788
33
682
91
296
229
226
798
694
594
498
243
412
574
761
438
62
471
528
372
742
172
394
2
146
308
76
801
436
770
788
712
632
291
550
813
8
288
270
595
645
690
43
384
418
828
351
56
221
721
662
25
652
357
410
188
760
599
653
500
28
649
691
282
459
554
337
328
261
589
97
434
803
264
663
561
230
188
200
148
189
296
169
84
215
73
476
585
527
666
74
178
173
291
675
605
164
256
299
515
754
645
123
644
351
392
343
718
124
122
227
160
586
409
507
77
206
559
352
83
623
187
592
590
348
57
291
393
239
349
285
516
675
490
100
827
190
395
19
176
390
666
334
15
254
146
299
104
328
756
424
807
208
550
451
17
78
49
423
654
585
458
467
374
228
256
216
271
222
392
648
182
801
600
277
279
327
445
478
259
457
726
314
316
327
537
560
210
658
124
641
598
68
37
709
517
67
798
19
74
526
599
377
542
193
292
455
401
226
165
649
518
541
262
74
484
206
626
783
640
247
393
105
10
790
149
192
265
814
290
357
662
791
359
104
476
586
598
370
219
325
592
753
20
534
597
51
201
343
151
49
567
31
491
437
217
166
471
271
291
812
420
126
761
504
631
311
457
254
700
574
735
499
75
164
153
759
560
310
547
17
630
569
54
151
799
693
617
257
671
257
813
184
470
29
86
699
174
791
165
581
523
649
244
464
133
111
387
469
629
478
425
6
728
367
539
508
152
805
492
405
512
447
320
662
542
816
622
811
649
316
244
122
464
804
619
679
225
539
49
585
279
358
81
326
563
304
675
268
446
503
366
464
174
487
787
681
535
686
526
436
390
357
816
336
186
325
511
653
305
456
784
731
689
298
68
605
783
19
450
246
43
644
10
323
646
202
41
389
780
83
94
742
318
263
30
593
452
637
361
664
539
679
786
174
774
326
724
729
359
319
429
18
614
660
328
752
34
30
62
169
636
186
447
403
152
745
253
27
523
160
512
201
671
401
355
678
821
150
20
327
274
670
160
698
477
175
189
770
62
43
255
506
38
144
586
379
258
620
613
513
809
250
625
407
521
278
327
45
449
163
172
599
460
141
161
633
19
500
468
352
83
486
722
59
727
264
125
196
115
327
672
580
59
14
404
475
626
3
771
684
709
104
468
649
826
345
375
441
253
709
681
291
265
198
477
18
495
823
707
16
571
586
807
498
692
272
3
378
392
687
730
3
351
502
4
391
39
808
244
475
315
434
441
499
659
694
345
815
513
115
206
50
621
563
632
702
343
382
291
160
410
234
184
416
345
726
90
224
51
516
284
343
49
541
428
589
322
271
388
208
670
451
776
48
638
357
485
235
343
288
148
304
271
776
128
783
320
661
57
15
181
381
300
662
341
249
568
731
167
101
28
681
518
379
571
44
617
322
193
791
272
501
340
274
761
644
651
785
777
39
447
2
632
591
203
771
453
622
242
599
124
214
242
359
237
817
160
413
340
748
340
414
382
389
331
672
22
626
810
501
68
128
485
547
326
682
710
160
2
101
242
9
242
133
314
511
365
237
671
13
534
714
177
817
494
627
613
554
589
818
70
535
644
2
736
337
42
618
212
682
658
111
253
157
246
303
48
304
86
442
539
213
216
30
825
682
374
175
630
574
400
44
129
371
385
758
783
391
165
684
480
202
362
152
426
599
723
417
153
685
79
690
551
660
530
377
791
493
704
371
66
283
78
346
809
156
82
693
556
646
230
664
518
557
706
586
416
62
779
773
409
355
627
308
340
397
294
664
443
710
369
75
618
760
741
229
495
100
147
215
343
809
821
289
138
419
452
661
158
754
370
758
100
202
255
238
794
490
763
68
489
333
564
332
200
351
798
241
439
334
203
505
796
186
155
509
78
494
621
205
137
97
213
131
388
197
101
783
198
715
770
193
124
822
681
36
609
652
693
178
686
499
814
421
275
344
354
101
528
243
111
572
608
268
280
700
418
294
95
366
176
614
450
778
36
672
710
515
237
54
287
197
390
200
155
242
641
635
669
16
556
303
173
482
491
407
329
821
496
412
77
289
78
329
344
698
764
310
351
788
735
693
616
314
753
704
686
47
735
5
114
737
163
253
516
90
624
96
33
161
262
741
61
813
699
626
411
546
7
35
761
422
338
151
491
118
644
793
757
290
333
450
684
649
1
740
559
252
231
334
343
342
143
277
786
80
668
491
781
558
53
510
186
440
274
575
765
7
791
714
594
481
741
621
175
674
417
640
717
473
345
479
389
262
707
600
306
142
582
247
598
302
633
355
629
328
767
791
182
292
802
698
817
295
569
540
200
809
703
431
589
549
805
413
172
286
188
711
714
267
35
499
430
193
606
208
659
763
81
467
637
22
21
75
433
677
427
263
464
633
465
471
778
719
352
290
551
790
582
128
227
563
229
816
62
799
557
95
582
231
409
277
265
284
297
314
91
4
178
535
122
104
740
224
182
809
382
391
318
35
128
728
99
194
182
358
816
342
814
629
312
747
335
478
306
5
829
523
589
647
298
705
267
669
710
705
717
337
768
135
336
416
324
375
664
640
498
106
284
378
788
460
24
93
397
404
90
815
198
538
682
403
828
806
806
566
244
385
352
80
708
148
244
145
378
38
763
497
575
38
424
326
558
510
409
480
28
482
644
262
137
761
577
26
406
434
392
734
292
391
369
830
696
36
692
98
660
331
20
508
82
131
332
561
59
359
312
264
417
214
649
807
563
276
818
243
380
682
520
779
525
627
755
414
11
814
530
298
72
493
671
146
97
728
801
301
455
23
462
108
771
177
618
716
370
44
708
264
742
333
125
545
184
782
321
549
254
269
423
220
518
670
524
720
765
369
32
258
88
673
5
714
461
241
235
26
365
440
810
405
51
710
673
390
650
318
619
374
278
546
802
807
49
274
639
493
419
484
60
10
669
195
473
692
546
571
759
509
85
616
664
711
376
414
759
762
204
780
516
266
541
144
812
317
567
483
796
481
152
764
109
786
533
384
211
555
194
129
474
99
320
721
9
410
466
141
718
128
175
458
767
377
579
664
106
144
56
129
800
252
789
68
363
327
200
713
216
490
658
676
823
80
327
520
564
398
616
210
130
742
200
637
504
643
285
636
239
208
235
292
141
629
113
493
363
360
696
654
752
302
716
82
260
326
132
707
535
198
235
451
670
559
114
681
48
279
772
546
303
117
123
60
580
27
706
371
186
173
742
556
789
595
385
820
669
384
485
99
615
86
389
162
709
477
524
402
788
565
3
2
267
675
320
50
444
716
644
16
312
25
620
464
329
816
644
203
348
540
32
167
576
742
673
786
146
232
366
196
278
731
6
120
437
123
227
765
783
251
244
354
415
194
699
820
92
148
794
542
104
751
781
480
726
10
94
619
378
130
505
559
537
16
565
462
17
226
315
559
589
517
296
559
673
191
83
569
291
67
829
463
620
407
537
799
410
317
41
425
42
338
88
649
316
497
9
588
116
792
81
271
192
342
66
158
388
153
633
811
173
343
393
679
620
530
101
4
22
213
830
829
829
295
522
333
532
85
795
237
12
400
752
224
568
507
312
206
415
383
719
34
19
728
626
812
174
174
317
825
68
555
683
68
95
195
329
336
499
539
383
644
761
824
422
387
136
803
611
790
700
158
494
144
80
296
360
447
146
142
749
133
709
354
353
635
355
451
237
551
226
677
821
281
466
595
58
85
677
122
244
60
806
701
720
662
570
274
224
315
213
260
790
356
232
631
631
487
705
289
278
742
141
818
431
140
632
55
736
406
658
90
203
342
70
748
338
683
510
83
162
241
342
540
668
178
816
153
658
446
35
47
302
554
31
706
475
696
790
172
406
149
465
238
428
51
710
330
763
569
26
407
452
303
269
140
213
3
3
497
722
492
217
571
56
567
529
109
679
190
641
545
642
552
4
739
105
605
577
277
598
667
800
793
706
501
765
67
482
285
521
477
512
613
13
204
422
156
424
527
603
149
514
304
134
752
324
613
595
668
7
531
791
141
435
744
731
424
247
36
770
480
414
721
218
374
110
380
183
201
401
779
437
3
196
392
397
419
553
441
349
603
181
677
268
299
510
75
108
462
751
373
196
153
373
387
148
600
153
783
307
357
57
31
65
576
407
462
391
55
273
133
352
297
134
158
350
356
786
303
780
201
26
806
606
402
688
106
668
212
260
549
727
123
660
335
207
590
297
410
565
358
788
716
21
768
516
579
232
812
312
516
47
34
387
246
432
57
115
6
398
373
534
145
118
795
136
512
630
368
33
303
387
675
775
711
778
310
164
172
201
403
58
630
69
80
146
553
149
478
556
806
548
570
392
24
256
275
532
132
19
154
421
292
771
632
576
265
828
297
580
456
658
675
440
719
90
307
281
248
639
155
682
274
133
284
471
482
821
472
55
143
745
787
403
316
451
799
552
479
725
68
70
152
383
776
223
565
780
377
186
140
181
550
87
757
704
113
558
643
113
39
620
672
812
796
736
745
267
107
270
781
543
313
197
44
368
259
784
16
109
671
321
507
133
219
504
819
605
799
606
581
139
715
724
467
396
181
60
124
747
35
735
431
702
371
542
357
591
183
199
681
192
746
106
713
678
47
681
597
263
415
790
46
718
220
110
791
358
349
599
300
19
7
102
693
377
443
627
646
523
496
745
249
241
566
35
574
57
277
765
506
138
261
718
628
701
305
160
609
442
812
162
292
51
495
425
497
338
731
124
779
552
666
290
734
787
20
695
181
514
571
657
621
627
249
266
710
412
159
607
71
759
256
380
715
671
471
331
169
720
232
58
53
432
34
677
150
443
444
613
65
403
362
502
188
689
818
191
815
626
277
348
689
87
543
536
385
80
444
823
516
446
499
764
828
730
403
406
348
392
494
318
582
435
447
316
335
818
398
342
490
623
760
88
121
191
158
375
508
603
3
242
118
435
658
782
814
214
263
87
412
211
116
362
675
553
405
420
540
60
1
92
3
574
292
60
513
272
782
18
205
4
187
545
280
37
537
309
200
780
80
12
21
567
262
603
211
382
605
828
165
311
670
207
629
623
479
250
518
443
673
11
261
152
396
470
598
62
791
507
577
136
13
77
556
695
523
227
449
411
727
331
182
722
506
270
455
654
449
365
571
261
198
695
218
225
154
153
188
535
270
524
204
676
27
396
235
625
220
422
516
627
650
478
475
650
162
561
645
588
1
754
81
210
578
580
114
74
305
455
648
587
669
608
699
116
518
730
154
13
288
593
639
315
745
40
358
814
404
478
438
425
171
731
358
311
513
745
333
613
22
458
621
304
802
644
663
296
637
506
574
257
200
153
754
125
764
222
487
6
676
676
383
143
167
141
296
111
387
33
267
475
313
305
243
428
665
520
416
560
404
360
203
641
748
767
219
423
150
394
77
529
808
570
549
169
756
424
394
807
282
747
293
83
383
445
245
82
719
230
9
282
217
26
755
667
196
379
531
440
92
52
235
256
232
188
640
1
29
793
244
150
210
464
508
549
403
767
225
725
226
93
689
178
744
165
657
459
241
719
29
57
297
636
812
611
140
795
577
20
203
326
39
313
198
219
298
397
719
436
435
400
29
318
74
703
484
28
288
199
354
607
758
389
340
592
755
525
560
590
754
170
199
77
413
445
474
310
680
529
804
716
665
75
684
355
469
462
227
435
830
354
78
517
299
634
247
535
588
30
190
356
364
274
749
54
265
345
386
738
633
752
207
69
32
469
675
757
395
260
42
461
811
794
533
750
272
188
602
558
40
40
349
76
47
365
289
17
335
643
741
344
484
40
109
784
222
437
259
499
661
440
736
486
382
407
205
462
717
646
123
710
298
642
270
244
202
227
545
537
793
95
161
34
699
217
677
650
343
209
391
718
469
802
115
326
344
6
546
346
195
230
497
391
395
153
812
396
452
121
2
239
489
615
183
683
398
676
702
369
406
292
293
553
88
815
633
84
778
675
591
284
245
543
313
335
733
452
240
653
738
582
26
675
354
104
172
766
822
243
281
403
509
95
449
647
204
432
340
4
33
411
407
408
390
724
388
260
737
618
338
513
632
677
454
668
477
122
415
174
14
786
498
722
744
592
625
209
278
455
204
504
563
469
519
10
464
681
653
2
559
780
221
681
572
574
33
102
36
456
630
126
604
681
647
147
638
4
585
204
140
368
652
513
487
368
163
753
132
233
266
33
27
615
600
90
495
114
620
274
443
706
679
620
312
540
153
213
18
218
675
463
576
202
267
710
675
321
498
744
658
86
423
36
711
75
715
506
102
209
369
460
360
196
505
32
539
9
348
445
45
284
166
318
452
826
391
633
462
807
131
698
425
495
373
631
269
650
189
117
247
230
685
441
543
617
50
265
227
622
754
1
765
19
566
811
682
458
223
725
543
761
527
366
480
644
782
473
38
182
737
343
121
314
280
117
661
220
274
187
68
767
828
201
86
759
356
325
409
746
36
814
682
62
607
740
336
362
630
102
64
688
359
454
213
565
783
357
371
86
512
301
719
605
617
737
617
645
161
665
760
425
769
32
41
365
192
702
267
270
582
446
527
549
545
528
171
297
707
435
321
341
778
782
157
798
62
210
707
648
46
639
258
751
147
566
560
703
331
310
771
188
244
194
311
442
30
178
767
283
285
284
670
85
810
43
313
144
395
157
196
735
567
254
523
112
417
783
3
111
734
744
793
29
559
60
322
413
586
655
817
537
810
500
322
63
251
358
59
35
449
122
358
493
619
139
740
666
370
370
17
440
543
315
585
75
242
803
632
222
197
351
12
119
633
487
693
348
122
607
782
792
437
633
187
809
174
43
763
447
400
150
298
593
556
817
171
703
384
255
821
115
100
621
68
774
107
491
534
498
426
350
26
318
82
109
616
242
752
632
637
179
244
814
759
29
783
34
635
805
830
35
203
56
317
342
276
600
705
730
396
72
392
304
446
299
331
431
310
335
514
735
342
630
414
739
249
242
441
98
75
582
644
55
391
592
183
193
341
529
639
798
131
783
364
613
288
66
270
340
624
675
46
64
580
473
640
426
532
347
294
323
629
144
534
483
319
547
763
251
373
641
417
797
413
368
671
296
15
229
241
777
535
233
746
731
242
157
197
598
547
650
302
273
275
434
244
282
670
510
44
319
579
35
447
664
688
41
356
825
579
112
595
804
350
147
244
698
141
55
192
304
282
729
502
496
486
366
214
74
172
594
296
465
698
461
224
211
610
36
455
118
256
537
270
799
388
498
230
576
407
830
743
747
129
193
357
169
476
776
680
317
809
58
776
415
744
323
808
120
196
236
125
200
225
528
558
35
708
622
604
668
707
49
442
49
550
595
87
348
571
827
628
480
256
184
189
197
170
409
697
314
81
699
197
279
547
29
634
183
543
150
289
378
123
667
453
24
560
305
190
553
758
425
541
806
621
628
210
446
690
102
377
789
534
770
706
797
202
784
638
74
401
61
361
533
111
531
200
824
262
82
495
70
263
114
19
101
362
212
38
470
476
310
73
627
692
439
16
75
364
783
769
816
704
266
292
586
378
359
35
558
3
775
165
97
372
706
440
42
567
248
218
185
303
825
319
680
556
506
558
464
568
824
373
37
80
149
783
499
490
151
804
19
827
421
613
525
310
542
137
712
563
121
373
781
136
428
254
267
361
242
32
156
501
166
452
541
378
254
309
325
362
43
454
40
662
221
377
802
131
489
153
199
687
321
284
15
145
808
271
722
259
310
185
417
406
643
518
172
419
94
609
5
686
190
253
332
734
586
401
475
21
474
106
524
545
793
711
92
155
154
806
14
342
717
452
716
754
455
628
767
413
491
111
222
89
154
19
756
200
347
9
428
430
790
490
771
200
259
816
27
689
371
761
570
30
468
450
415
331
583
192
357
573
210
811
541
549
521
520
120
157
787
716
785
528
438
391
364
249
665
738
201
720
587
52
171
748
147
244
343
210
46
476
724
272
816
358
435
467
178
370
469
309
777
410
314
722
752
94
197
422
32
352
390
15
710
204
120
41
433
165
508
313
580
663
466
737
411
400
261
108
617
293
296
19
461
316
403
676
422
670
202
336
639
89
436
236
127
60
561
463
742
649
446
381
147
431
687
242
248
579
557
665
805
350
71
190
579
103
259
67
560
160
47
35
53
73
284
370
751
511
437
10
364
726
818
397
538
175
488
244
144
50
9
130
317
399
281
555
125
59
612
48
56
703
245
633
272
270
429
701
701
448
633
398
468
108
430
426
179
56
793
485
331
328
763
379
598
419
19
234
708
356
625
734
460
737
661
247
135
625
26
169
379
388
618
431
246
72
666
38
628
439
11
194
741
515
826
698
414
330
602
92
694
551
170
745
367
817
735
808
627
527
318
200
154
296
81
160
597
199
494
449
504
299
362
136
266
506
165
453
800
791
649
39
209
665
571
579
118
521
132
772
664
120
185
711
39
715
524
250
494
373
752
439
13
437
646
288
611
313
11
58
703
563
23
90
740
822
435
184
627
105
32
746
683
763
210
82
390
666
265
753
320
727
508
707
160
436
625
548
789
716
247
429
662
605
816
50
554
744
93
304
214
530
520
539
47
497
171
409
482
772
288
219
470
272
192
606
232
396
728
186
528
608
263
610
64
547
541
135
471
772
11
274
574
794
98
799
82
774
413
792
667
825
631
501
764
352
314
375
518
643
361
665
262
819
724
373
411
777
210
784
729
46
133
638
519
68
247
488
468
236
304
818
31
138
424
562
425
11
242
339
724
84
481
516
475
267
829
181
254
387
699
340
23
750
297
675
722
315
707
519
85
248
635
775
473
56
404
55
95
147
830
242
755
765
588
415
460
351
743
479
170
769
648
186
412
469
213
233
672
228
384
268
479
606
103
577
312
89
116
58
326
377
705
249
778
462
568
331
270
774
432
768
315
742
539
526
828
462
374
299
401
348
541
13
768
141
21
62
229
791
170
49
420
306
328
415
346
217
20
477
620
41
800
445
7
702
757
642
446
254
813
668
646
739
84
617
643
590
681
277
178
560
814
526
91
38
716
371
26
31
434
86
349
433
395
236
401
648
424
92
486
191
375
115
249
806
489
60
403
578
530
544
210
440
591
18
441
296
581
151
357
620
268
424
804
445
387
818
321
697
650
146
410
450
521
243
620
43
579
609
757
73
293
819
748
90
778
102
416
469
531
470
293
459
708
58
480
192
97
791
324
665
278
131
335
535
124
609
426
89
234
130
520
32
397
581
15
734
264
203
661
397
242
372
737
227
472
467
399
147
207
569
269
716
23
15
300
413
235
261
461
605
538
680
34
669
475
791
716
762
654
285
363
357
661
292
187
643
720
442
532
444
583
15
120
469
556
17
145
150
739
87
230
774
368
287
50
114
377
809
431
618
425
368
213
62
177
754
387
20
230
370
612
720
2
181
493
246
67
708
741
180
648
327
620
88
681
135
109
584
264
145
223
69
114
148
728
105
73
365
689
306
257
660
592
225
393
600
240
755
668
644
317
600
661
181
194
801
584
309
1
803
689
409
537
186
780
649
609
303
633
406
546
328
480
166
95
673
167
588
652
551
655
366
234
12
296
698
215
38
434
345
189
57
145
787
286
517
716
447
265
86
163
262
428
401
44
32
755
86
715
386
776
156
813
216
626
106
737
709
121
716
300
130
546
772
767
471
94
24
633
394
780
386
608
396
420
487
102
297
649
350
452
640
33
569
345
119
768
657
555
100
664
210
551
611
193
130
385
16
657
491
513
396
599
373
5
761
494
768
419
64
266
140
562
793
112
380
387
45
763
700
229
311
345
256
759
697
292
750
462
569
52
570
227
462
19
76
237
57
696
119
824
619
520
528
648
612
818
616
742
31
623
111
123
45
90
147
93
547
383
121
438
103
713
422
775
376
811
802
262
682
439
380
178
402
527
526
37
92
97
556
581
807
399
53
161
729
620
794
766
49
146
678
783
88
381
339
562
363
408
256
187
232
45
468
564
243
360
563
225
219
138
800
810
713
430
262
397
664
276
772
613
517
51
645
27
589
105
506
209
537
179
739
550
323
185
405
154
184
513
95
505
230
316
542
523
171
326
364
503
650
166
638
407
141
78
284
533
176
162
252
651
747
452
27
60
56
66
656
458
292
228
544
564
181
321
416
734
380
370
454
390
689
301
307
726
804
200
526
112
780
803
683
826
185
182
453
665
641
315
667
203
312
135
237
407
14
505
621
252
253
291
342
680
710
606
407
112
30
786
12
107
715
105
124
590
214
714
267
518
829
349
609
654
630
256
612
514
325
132
193
186
683
787
480
19
620
176
543
724
37
279
411
727
56
463
559
424
609
424
525
339
372
811
673
210
216
69
721
491
605
211
142
577
356
369
156
455
435
54
207
739
592
10
90
102
584
825
783
105
623
88
122
399
434
774
347
623
140
493
325
297
526
624
516
766
598
765
52
368
409
360
733
696
768
328
20
380
402
196
828
457
110
727
601
702
400
307
48
439
771
134
547
673
499
577
361
785
246
157
443
149
131
639
252
113
207
340
58
406
85
793
647
68
314
623
505
593
602
166
448
821
138
86
516
818
28
800
390
785
495
386
50
602
696
766
226
394
308
319
450
599
130
759
299
655
807
415
544
175
522
750
336
821
196
413
658
283
15
316
623
180
527
368
632
490
148
660
209
280
780
32
435
403
586
183
617
699
58
591
51
175
335
336
282
346
204
717
397
396
525
210
92
118
249
647
75
615
435
371
704
776
325
675
50
507
783
708
392
130
178
231
742
240
92
320
62
509
453
672
504
578
651
211
73
294
479
60
50
602
295
221
799
426
302
752
614
175
328
691
283
499
57
807
674
563
372
140
41
343
128
283
541
338
261
352
829
790
582
529
754
170
387
132
371
155
427
272
427
546
139
254
14
779
595
701
697
526
237
303
794
281
625
591
163
796
566
89
620
121
322
758
248
479
271
648
797
382
321
459
762
418
696
283
74
619
618
52
376
387
400
789
94
708
368
793
43
560
149
725
524
241
44
529
745
687
282
285
225
55
546
13
822
434
650
686
517
163
551
598
827
102
813
425
17
128
135
723
317
281
586
418
30
18
394
780
507
790
635
112
609
152
546
165
67
368
81
661
655
457
169
40
681
758
597
296
244
275
464
49
228
105
690
595
66
54
779
265
470
312
621
68
579
526
646
811
342
306
440
241
717
739
195
659
59
64
160
794
255
26
378
409
378
195
48
700
112
472
778
392
501
544
450
440
562
399
644
751
285
124
281
591
601
486
3
75
328
512
316
479
706
146
552
732
30
414
609
739
234
163
73
451
191
788
770
318
597
760
724
298
19
337
813
380
651
395
609
424
286
7
819
442
818
188
301
301
755
69
539
370
92
495
208
126
443
806
138
626
637
469
807
129
738
165
78
239
796
509
203
605
719
802
131
41
784
298
615
107
470
790
760
599
123
708
75
677
558
30
243
742
519
503
617
70
175
522
708
740
252
546
631
127
63
358
709
432
194
633
507
830
153
152
450
802
690
246
735
813
779
230
163
720
695
77
16
98
63
629
805
652
31
802
618
108
142
470
350
747
812
133
178
506
272
778
457
460
740
263
78
198
265
91
443
754
212
753
647
521
681
67
463
519
309
237
829
320
14
688
392
389
657
249
41
752
814
445
775
21
34
191
735
512
754
161
610
445
823
792
480
113
636
599
533
111
740
323
330
570
251
194
16
449
777
88
800
429
768
81
685
198
17
22
166
677
807
353
480
781
161
389
274
521
562
91
210
615
697
566
486
38
808
598
121
665
122
544
428
787
591
784
231
816
698
721
245
773
427
803
38
615
346
136
445
6
339
351
503
506
35
233
274
23
62
134
764
31
413
461
389
31
83
484
570
807
20
746
826
611
725
590
574
242
104
241
153
761
23
284
7
444
188
96
800
489
76
96
593
635
708
708
514
488
120
539
304
671
435
433
596
637
571
143
781
342
345
149
49
553
560
248
545
405
185
284
343
818
79
168
65
597
714
66
644
128
437
512
156
318
444
413
571
73
446
719
385
761
580
407
586
283
750
453
713
157
608
795
36
387
44
603
319
247
89
746
272
563
186
327
148
485
34
11
790
64
252
279
402
655
716
409
104
371
304
672
230
281
583
332
693
282
328
559
735
34
396
492
343
203
47
646
356
447
234
607
780
225
338
410
494
386
728
814
135
711
563
114
108
485
253
437
340
806
718
425
454
212
588
691
240
551
715
39
731
760
526
421
373
626
370
569
304
140
541
745
649
6
511
102
314
281
826
295
86
318
676
444
784
619
69
557
393
153
334
793
570
613
240
449
507
442
612
468
338
594
31
694
472
185
668
690
294
230
575
333
647
501
450
716
492
644
449
89
209
341
86
637
426
438
230
551
150
296
62
126
777
705
167
783
435
529
200
160
156
223
538
95
47
754
421
146
360
512
369
814
276
162
609
560
243
458
90
220
37
167
413
768
396
702
210
349
817
653
585
367
290
249
612
269
529
688
85
364
348
470
150
331
376
823
591
252
584
327
279
214
532
420
547
21
270
109
698
411
797
66
699
478
4
20
170
69
469
489
409
634
425
502
441
500
183
35
379
525
696
826
244
35
321
387
738
755
435
124
303
384
402
492
138
797
156
650
156
454
506
760
214
214
723
381
716
327
761
318
512
539
53
118
788
768
666
704
401
597
354
66
34
31
407
616
483
128
479
180
443
550
611
26
340
106
353
572
103
728
79
161
184
192
332
412
775
776
584
445
247
52
688
80
257
402
812
136
217
222
561
316
303
333
549
144
191
754
724
416
621
689
470
36
235
415
806
600
148
184
468
308
631
176
94
511
31
575
352
605
135
803
199
62
521
186
345
368
543
138
729
245
698
313
584
745
450
736
81
802
38
268
459
645
118
455
247
237
664
216
401
44
173
581
482
642
92
402
265
469
788
453
497
626
605
376
253
221
255
62
506
323
198
726
564
698
380
57
708
256
763
138
810
259
53
434
311
489
446
96
587
34
605
464
359
327
634
563
205
552
519
264
781
755
54
333
828
378
399
236
453
73
606
69
610
203
198
716
272
565
7
77
164
96
175
177
423
10
258
138
31
295
13
58
651
296
580
52
589
537
61
270
230
583
235
305
167
824
143
737
618
155
149
156
710
558
381
641
754
222
412
639
788
757
419
430
239
368
470
615
658
617
546
578
689
74
557
816
265
346
376
215
270
292
268
117
363
700
667
748
403
775
446
807
602
762
111
223
722
490
709
122
180
237
492
588
478
810
42
355
305
595
145
547
324
216
393
90
665
811
501
723
291
425
217
10
400
207
497
657
631
16
171
571
271
671
536
191
507
674
91
715
645
678
354
634
312
434
2
449
31
365
349
675
386
119
468
467
188
601
238
556
810
458
118
564
41
702
85
545
518
258
602
439
538
353
301
326
64
787
475
64
812
756
59
127
468
64
751
469
697
673
319
543
789
163
47
615
52
707
182
794
24
232
656
122
163
829
302
168
379
102
60
457
315
818
648
741
701
37
411
827
389
829
628
603
123
606
604
117
339
667
97
820
465
305
499
709
461
36
573
134
484
600
730
607
177
132
744
311
394
218
436
704
670
21
282
41
314
147
612
827
518
291
118
714
638
731
442
239
766
392
33
385
745
780
781
220
469
87
89
563
447
15
577
192
673
451
602
304
126
177
170
462
699
429
295
376
574
133
226
481
30
621
168
506
642
410
60
325
203
529
241
446
279
68
648
513
476
414
760
613
819
760
18
698
739
542
114
269
734
97
121
337
79
616
47
544
67
361
245
726
718
12
515
367
346
683
37
643
582
625
528
355
181
640
396
162
627
314
541
254
532
623
206
429
744
335
613
725
574
259
746
803
746
128
488
425
637
725
172
95
284
466
558
689
786
819
497
321
71
8
600
563
691
160
13
38
816
463
208
354
626
470
105
523
704
669
589
202
714
146
4
564
269
286
18
66
231
374
594
369
211
502
301
621
467
626
771
62
431
608
779
612
313
110
728
561
707
160
287
164
530
646
286
823
603
593
327
767
706
423
90
597
357
48
185
789
558
7
793
101
380
694
590
24
436
13
373
454
345
589
304
36
420
265
435
672
425
146
20
170
22
665
713
646
114
371
467
814
816
389
818
240
110
20
286
331
36
680
357
487
712
350
598
801
644
197
393
149
353
633
679
451
396
402
809
621
672
274
644
442
530
698
25
676
291
6
300
598
330
70
488
393
409
108
510
181
117
271
742
800
477
36
231
9
334
360
43
334
701
335
78
650
414
361
185
183
424
781
7
398
60
152
241
815
686
292
591
746
738
168
283
523
15
251
672
251
524
448
341
114
253
280
572
285
780
325
789
578
73
565
440
287
273
722
797
589
697
817
769
825
353
297
391
39
97
759
728
810
780
471
775
421
345
380
643
506
253
776
646
653
742
277
468
584
397
102
595
752
134
179
772
322
822
372
103
282
238
700
219
822
317
150
290
239
134
563
520
350
489
769
174
469
565
342
181
655
46
292
28
64
785
135
774
16
690
205
607
86
508
119
672
249
758
241
519
422
414
66
356
2
560
638
640
140
337
526
242
79
186
709
798
304
394
545
461
39
258
8
226
369
188
464
573
598
648
378
61
49
811
127
397
565
360
768
579
433
96
402
85
432
75
776
283
462
547
203
106
628
86
556
59
273
35
775
369
658
74
680
739
749
90
376
618
263
429
243
378
254
238
77
273
4
555
613
595
817
159
77
809
313
262
634
652
795
324
249
660
298
46
171
370
748
119
374
392
509
631
479
407
263
470
522
231
348
684
272
469
64
177
253
22
23
293
668
313
606
779
88
50
580
352
298
348
211
785
374
59
776
130
476
239
809
564
698
217
758
149
579
238
299
166
4
606
504
178
797
335
317
115
803
534
408
728
19
317
711
225
6
346
517
807
65
183
73
669
14
389
492
307
721
779
188
609
455
149
526
382
36
616
166
393
266
589
130
405
697
171
512
71
333
362
304
199
803
297
765
254
646
658
214
674
536
86
294
321
538
432
122
5
318
162
595
83
763
811
296
189
645
626
450
235
552
139
60
600
615
494
308
214
814
315
65
437
466
780
570
242
472
163
114
358
749
523
317
223
618
797
63
649
228
271
271
344
568
455
225
508
481
185
697
106
412
62
504
721
698
389
47
729
817
567
254
430
807
431
583
458
77
308
727
271
88
462
101
73
424
200
774
409
294
37
138
196
346
270
777
343
607
753
201
24
389
347
592
360
134
644
662
646
669
735
457
43
234
659
221
180
88
365
800
162
316
265
510
275
29
107
813
537
324
555
258
199
317
291
725
671
812
392
209
339
800
3
8
289
520
744
196
646
417
655
397
437
584
780
739
588
37
6
38
378
619
731
444
561
154
77
432
314
591
540
811
30
180
60
365
529
585
305
745
433
199
66
166
14
762
29
167
490
681
624
112
38
364
543
194
80
158
810
411
422
499
732
564
371
746
811
290
84
238
31
558
357
10
29
634
341
305
175
48
362
360
376
297
506
622
572
363
773
815
244
114
402
426
245
453
433
470
2
761
788
74
185
368
635
259
118
789
542
103
71
350
187
807
196
155
178
301
443
725
382
238
439
388
776
365
742
749
152
189
147
500
553
810
372
109
434
432
336
241
378
797
27
598
560
661
537
763
239
602
407
710
224
652
103
450
609
599
427
41
730
354
743
758
430
193
174
105
350
198
565
758
573
16
729
89
431
520
403
299
108
632
225
464
617
803
224
453
137
606
219
641
618
577
521
377
590
684
391
537
331
100
578
717
299
140
684
350
754
178
389
158
473
337
320
748
142
592
578
697
49
412
138
775
16
534
4
304
642
690
388
217
374
766
747
480
707
653
323
819
644
65
489
717
734
519
523
211
511
244
379
382
352
601
141
73
453
597
241
228
61
436
751
327
436
307
6
749
313
477
745
611
372
396
332
143
819
55
719
245
599
257
376
621
760
403
617
817
368
745
376
50
710
139
89
672
129
259
261
530
693
8
725
601
758
736
403
328
572
255
830
488
426
570
252
222
550
258
463
797
150
187
557
421
299
269
798
81
447
387
213
419
264
421
417
490
449
13
156
607
477
759
593
152
473
825
577
483
178
636
443
343
88
477
712
325
355
40
675
84
748
439
606
86
351
633
499
138
541
40
620
819
282
39
760
507
647
700
659
806
128
534
472
485
110
821
590
502
360
39
639
562
96
13
676
734
218
713
251
184
297
394
70
348
79
783
637
570
643
366
711
323
77
28
423
498
36
811
38
479
377
154
546
759
296
747
598
337
67
152
699
8
374
710
11
797
560
623
115
507
558
747
585
592
587
395
372
403
40
137
465
517
714
259
89
626
767
572
619
802
421
577
394
351
612
224
441
284
192
710
410
629
203
156
128
339
681
516
315
539
92
806
446
442
207
378
94
828
223
73
90
227
630
123
798
760
686
482
256
574
694
40
300
406
221
3
825
276
727
251
133
819
611
35
242
811
730
428
279
108
742
609
195
85
607
657
668
710
211
799
575
323
530
648
648
148
546
674
402
383
317
722
413
498
488
77
413
373
183
121
685
455
5
233
793
772
72
347
599
121
784
580
54
246
320
13
334
280
248
555
74
245
280
403
752
353
808
145
347
106
346
334
86
236
619
213
813
231
365
222
213
322
387
315
734
806
734
772
275
745
572
580
797
25
524
447
633
47
171
244
294
827
356
330
570
398
489
316
620
441
52
541
594
308
393
95
127
728
523
438
129
534
181
94
114
259
726
418
246
113
143
373
79
681
750
80
91
745
144
57
573
328
21
296
128
348
315
624
695
553
407
12
404
255
393
696
795
673
830
333
743
729
66
67
774
227
262
399
679
587
460
596
398
121
154
310
31
268
389
622
802
358
653
276
681
568
301
403
147
462
442
27
447
792
216
698
202
748
171
805
504
358
399
758
736
315
169
482
554
674
405
596
277
540
735
407
183
367
496
366
403
173
22
198
219
55
783
757
691
11
819
291
370
407
767
581
817
695
769
473
110
609
654
292
339
89
227
226
316
596
665
2
54
779
475
139
293
136
428
116
344
108
314
581
743
806
180
392
481
63
381
829
486
75
145
751
239
780
710
193
324
76
309
403
790
444
770
497
765
622
565
114
544
412
786
89
206
116
76
620
275
515
295
320
243
630
250
806
127
668
783
419
76
193
802
764
741
254
378
108
292
416
677
294
383
94
608
560
279
359
656
714
260
752
630
473
169
324
545
766
665
659
689
135
678
329
598
397
191
405
563
13
700
166
455
586
711
561
544
31
526
455
645
637
509
815
326
391
589
329
53
235
353
390
86
296
215
743
562
502
771
819
512
829
415
111
364
647
257
608
794
48
139
708
671
101
139
237
826
78
136
299
818
138
25
815
155
250
769
22
291
39
744
12
722
521
531
492
106
580
380
408
161
188
602
792
29
349
433
158
195
333
504
125
608
626
754
57
83
310
161
543
477
160
453
138
392
797
662
149
234
103
188
820
186
392
672
418
96
76
759
18
613
150
758
818
143
675
803
395
500
806
686
548
3
349
823
233
737
556
96
42
648
362
459
537
389
250
253
499
249
407
186
221
230
490
491
500
698
678
621
146
53
401
476
125
654
310
106
515
89
184
830
293
603
828
412
91
704
683
433
635
4
7
516
727
308
212
383
784
403
571
382
437
6
365
3
119
71
507
416
497
525
243
146
608
371
344
643
505
547
24
417
690
748
527
302
629
127
699
585
618
82
687
442
449
356
38
411
768
300
114
729
750
230
353
717
52
277
564
631
139
123
355
167
402
757
363
16
230
421
813
27
801
766
603
452
170
64
536
7
320
716
485
767
648
547
711
631
670
619
232
412
495
663
647
394
509
492
631
328
304
218
225
735
553
346
281
801
573
441
588
735
163
313
258
285
373
518
392
319
11
507
597
428
610
586
525
710
7
525
317
571
37
320
11
301
290
206
507
103
353
620
349
465
310
86
719
309
544
146
235
471
577
386
44
278
268
621
373
683
816
11
505
331
283
73
81
360
215
35
232
531
715
85
18
276
483
205
275
585
145
704
565
85
616
502
275
84
56
322
504
464
119
405
781
583
351
576
203
217
175
583
101
420
598
786
46
2
599
185
44
48
163
140
180
167
790
678
540
623
401
154
288
407
77
23
358
590
321
84
650
70
436
822
91
699
52
550
52
732
708
288
246
281
721
790
128
380
777
336
589
209
327
485
711
547
615
393
21
554
474
320
408
489
759
713
387
98
227
824
483
64
49
275
815
207
266
781
479
695
706
757
469
558
20
340
390
233
207
150
439
214
26
148
440
462
791
654
556
20
506
350
50
212
817
149
590
166
361
7
197
317
444
19
92
798
673
621
278
554
497
420
408
291
703
515
811
701
54
185
589
259
476
595
494
739
461
415
410
527
279
705
634
787
745
760
134
411
53
387
136
587
661
158
18
700
114
813
453
253
452
29
570
339
605
157
515
521
230
474
569
47
227
450
165
178
702
251
689
362
180
134
631
567
686
3
343
380
18
773
227
763
323
485
418
283
131
89
647
793
172
85
260
153
123
59
475
487
206
819
722
600
498
190
353
753
829
411
673
353
712
455
327
240
754
747
692
384
508
489
292
646
143
283
587
520
18
383
811
441
398
826
686
479
489
464
552
404
310
43
259
380
356
381
712
502
109
653
829
823
237
202
710
294
655
343
280
459
683
542
62
254
302
434
318
327
196
293
827
700
741
660
372
795
513
689
772
478
315
178
472
5
336
677
519
598
639
515
143
133
643
72
636
567
218
584
433
590
86
186
774
718
13
505
514
149
331
249
496
167
403
812
202
262
71
326
351
489
123
455
352
535
321
668
460
368
332
718
777
278
773
205
418
40
433
500
519
721
398
79
579
501
263
45
334
711
192
616
499
197
236
762
731
386
701
472
573
336
822
602
142
819
728
569
619
629
410
228
505
700
86
110
548
808
410
92
795
327
101
314
755
293
493
687
340
174
1
533
511
404
785
44
773
27
575
50
241
620
407
471
401
195
97
486
167
750
567
297
814
345
692
603
722
127
570
234
783
794
770
829
21
73
122
817
340
534
203
215
199
18
682
640
351
747
457
23
688
255
40
580
742
254
104
335
352
162
520
341
764
40
81
376
328
193
306
809
575
697
97
186
121
786
787
401
542
733
695
26
671
340
310
376
487
405
825
333
202
117
262
823
636
107
547
201
634
420
63
819
558
356
466
463
556
487
417
788
516
217
359
789
332
225
266
2
146
447
796
624
403
89
513
424
54
99
334
414
102
392
653
660
95
378
634
824
396
280
196
754
327
148
171
786
522
130
336
245
694
273
184
761
544
383
40
752
205
138
547
483
569
708
454
496
540
648
746
374
551
391
640
255
327
139
370
780
221
718
405
377
527
821
362
214
170
463
390
292
530
61
46
680
59
576
761
2
752
706
787
372
44
627
172
106
252
514
633
643
577
313
710
533
374
296
55
276
206
236
779
607
165
384
414
453
797
261
230
317
329
602
377
204
93
253
509
825
278
77
636
290
361
85
80
350
740
628
796
693
571
501
748
167
369
537
731
351
460
183
259
548
679
535
288
241
90
828
133
715
668
796
213
177
650
798
63
163
716
622
822
433
345
236
797
677
667
312
447
480
706
742
289
27
349
252
546
127
387
472
397
562
68
329
447
504
512
325
225
453
113
784
634
722
487
265
722
830
613
494
220
43
28
640
668
472
702
722
230
685
133
363
412
76
610
576
510
5
495
56
27
563
679
125
558
736
103
698
641
623
693
298
818
433
234
144
659
516
134
636
621
454
574
684
758
524
675
614
595
44
234
156
457
620
584
450
173
699
508
341
617
650
709
665
524
34
506
759
43
249
720
383
142
91
550
732
193
563
697
369
666
270
471
604
395
69
151
340
133
386
624
281
137
632
286
401
273
630
469
817
816
657
745
50
336
255
599
543
223
440
404
255
121
163
718
724
439
748
155
60
606
272
372
334
35
825
225
793
127
256
529
544
306
534
598
391
756
313
376
690
446
662
582
110
780
185
247
419
630
482
659
481
144
189
95
117
163
506
500
420
90
562
205
201
318
662
264
248
308
225
413
285
289
738
573
11
505
169
512
522
597
111
626
239
775
416
440
99
590
406
561
533
519
555
591
539
319
95
28
789
526
457
191
347
606
781
807
516
53
233
657
744
542
828
451
584
760
541
571
194
699
553
489
814
43
528
307
498
177
363
276
646
796
797
366
398
566
428
693
146
581
439
222
558
418
103
698
484
553
689
5
302
691
736
782
37
685
437
192
609
340
752
337
529
668
285
49
6
332
761
135
753
253
65
802
346
668
13
570
563
311
676
679
584
687
111
508
569
497
34
35
315
671
612
718
65
562
410
435
688
193
685
239
108
477
621
674
208
395
61
331
164
85
402
134
304
209
380
658
808
54
483
96
709
166
761
200
647
700
462
825
230
679
465
387
619
265
358
244
801
786
609
229
822
497
584
244
400
681
826
805
709
125
552
33
587
531
671
215
402
282
377
798
26
684
433
314
694
231
459
771
19
518
109
685
776
703
133
361
418
765
144
767
415
464
782
165
303
155
115
75
300
4
720
574
601
113
77
96
412
495
265
1
398
673
187
53
627
721
390
667
659
437
45
58
702
701
561
168
68
136
182
60
386
570
16
83
354
404
152
780
33
288
603
682
262
749
373
10
376
462
138
173
698
781
296
670
367
424
804
763
73
621
286
783
199
317
427
37
79
731
528
538
511
513
729
789
736
141
750
114
173
171
645
645
192
628
672
632
264
72
194
234
468
413
641
635
133
595
65
201
350
367
303
602
196
732
756
678
54
551
473
371
200
260
61
797
5
112
161
745
515
174
21
556
404
377
368
348
216
467
453
556
153
331
305
707
376
406
775
76
24
188
638
133
395
157
615
828
221
93
124
780
461
586
19
518
542
654
7
627
622
372
9
260
85
302
581
498
215
822
264
31
656
498
811
242
45
645
707
101
677
111
209
213
489
58
745
357
373
111
428
438
212
603
188
80
320
117
593
260
491
303
695
533
763
428
464
634
223
60
414
7
517
756
56
150
330
763
639
781
341
819
672
3
662
164
270
247
578
521
211
438
349
261
337
334
257
291
289
566
403
746
96
224
128
297
107
508
405
196
26
164
7
284
354
536
8
207
526
351
164
272
411
749
39
12
492
749
809
815
213
642
733
717
628
181
66
638
3
625
164
645
384
743
167
208
438
528
59
652
337
237
432
298
190
128
446
37
484
772
16
465
271
667
672
408
435
344
454
599
268
681
658
411
428
108
140
554
76
508
173
686
489
448
613
291
656
90
417
471
15
664
584
720
349
145
204
420
189
359
57
753
818
143
79
799
99
681
294
486
96
298
338
539
1
342
471
764
427
48
384
451
562
354
603
794
583
645
444
515
505
626
315
718
121
651
85
8
185
473
635
588
301
745
690
431
290
648
46
799
674
543
335
287
147
343
468
320
500
547
281
395
828
548
603
336
299
15
169
371
746
47
704
361
388
468
651
335
477
45
804
38
784
303
278
448
112
315
592
59
148
438
405
26
117
4
190
822
716
624
781
132
388
777
482
220
256
718
730
386
487
673
165
722
164
680
51
50
383
769
205
437
561
117
539
475
475
392
739
141
634
556
136
420
398
610
207
726
51
492
172
678
55
155
438
276
320
17
402
387
80
559
36
217
391
452
493
441
413
314
517
809
135
682
244
795
425
582
450
577
784
408
804
182
163
322
326
807
322
389
822
780
449
263
453
611
281
314
99
460
435
259
252
328
479
26
788
640
456
73
270
204
395
782
240
178
351
390
558
95
152
572
83
274
764
572
487
773
400
70
74
208
508
230
357
198
789
89
164
183
808
558
103
788
67
299
669
537
771
506
599
451
524
358
474
512
187
277
779
197
396
231
169
159
638
828
523
684
784
727
812
257
240
809
822
33
22
238
433
490
412
576
808
189
577
303
278
574
557
223
237
339
30
609
356
687
222
435
367
254
319
201
346
184
275
315
684
79
771
574
82
192
561
15
400
340
501
377
456
789
322
303
442
790
824
273
207
687
37
686
820
627
572
10
525
450
54
811
792
257
326
156
119
277
773
355
114
310
264
471
513
429
116
814
172
723
664
596
331
18
311
361
761
471
609
649
770
697
512
680
791
533
515
25
99
284
737
86
22
204
262
1
449
28
145
202
680
320
457
317
695
756
458
214
301
165
569
121
436
392
828
621
237
55
292
786
367
9
78
658
566
709
325
492
305
15
539
673
740
453
453
618
230
2
511
450
3
597
197
179
188
435
334
329
575
281
610
591
532
521
471
257
330
799
597
33
17
575
167
89
7
494
790
589
409
666
306
733
430
771
426
536
811
234
626
786
678
123
701
511
16
239
535
658
205
23
98
214
723
404
347
375
372
348
73
100
435
92
830
447
414
67
615
798
389
615
755
107
625
663
745
161
699
347
8
306
792
265
294
325
299
647
304
368
667
743
408
44
716
28
241
655
227
158
164
444
172
181
341
446
579
660
783
602
346
26
775
746
810
411
830
240
264
654
318
96
424
411
549
402
374
272
387
220
314
120
705
167
83
440
131
169
665
360
274
629
670
654
725
475
69
536
245
807
42
357
112
318
469
73
525
133
644
701
370
342
504
390
414
536
65
414
685
343
794
275
601
824
823
335
714
698
260
4
776
126
636
189
102
362
314
503
179
689
829
141
575
390
673
723
160
132
627
692
667
342
328
362
702
438
659
351
215
542
18
291
302
53
406
572
80
315
190
653
8
461
108
826
582
167
580
809
399
50
470
687
812
170
708
237
718
342
279
17
588
624
442
465
802
361
667
393
40
448
407
244
2
23
177
623
48
659
618
663
464
135
571
338
766
580
460
234
149
695
146
809
527
566
658
338
114
94
609
828
551
444
283
251
250
226
79
660
611
575
178
567
322
820
513
211
674
786
88
643
697
797
124
602
123
798
642
493
527
5
42
672
686
461
825
318
392
159
228
229
76
459
166
566
609
630
88
407
265
243
711
489
686
288
640
269
626
605
326
632
594
5
773
655
553
739
711
313
4
559
516
28
439
630
493
346
454
82
643
594
717
108
696
5
792
490
401
410
155
740
499
195
42
144
651
301
441
478
426
95
218
329
665
830
504
283
466
329
98
293
514
110
274
602
142
42
794
500
538
504
803
667
467
785
340
404
208
188
150
545
368
151
462
371
115
292
412
39
235
438
93
737
728
149
529
731
28
247
272
420
325
721
405
242
724
506
17
163
674
381
450
360
405
756
448
25
2
649
369
45
600
134
502
795
16
657
683
131
805
470
690
112
482
675
126
700
715
451
655
824
301
74
682
773
99
751
499
617
496
495
499
577
118
497
768
9
97
537
407
526
657
666
367
60
469
116
236
347
257
570
9
281
554
253
287
440
803
732
372
245
642
451
370
795
732
326
535
266
663
55
153
432
617
677
368
203
128
463
141
363
535
284
27
24
328
67
397
257
326
717
69
692
686
89
353
461
509
124
56
178
403
8
17
157
69
652
672
809
815
607
242
110
785
700
700
321
30
673
816
604
157
637
129
756
788
578
243
594
709
102
202
94
713
75
316
400
579
520
108
234
549
605
567
209
19
76
371
439
345
196
177
662
396
371
454
435
266
65
170
758
655
524
415
714
665
448
579
151
57
756
570
445
346
719
611
434
466
633
795
518
474
294
779
623
393
255
495
798
609
376
450
463
409
48
571
254
693
496
191
81
65
632
127
37
484
672
34
199
462
455
458
422
3
444
179
787
649
587
560
760
689
640
433
610
91
594
506
25
260
37
531
39
92
614
812
190
803
646
194
13
642
326
282
185
526
591
612
369
225
780
496
597
27
189
598
227
451
82
339
301
745
200
433
740
176
201
505
395
650
638
597
618
393
333
495
565
794
572
486
473
729
719
771
329
146
824
165
515
756
742
548
428
319
393
391
69
654
790
661
249
471
719
577
638
783
637
813
595
5
561
187
538
816
725
601
208
390
597
493
566
401
812
374
377
669
492
477
112
753
358
261
41
430
525
396
7
479
828
8
231
442
426
131
582
739
52
298
727
217
513
357
781
447
359
463
29
372
756
621
356
383
349
304
661
150
144
215
152
360
9
362
827
443
678
11
687
102
393
730
610
192
292
395
423
556
410
612
363
377
81
707
694
264
318
631
358
618
329
368
751
561
739
685
436
341
163
151
22
741
450
279
581
415
339
439
86
87
732
653
310
470
310
647
193
409
60
201
679
13
617
748
290
208
445
271
758
78
579
537
177
151
17
148
81
146
777
117
451
61
536
573
738
627
659
155
129
654
426
553
573
53
790
32
487
393
704
82
160
140
750
411
30
470
547
697
254
386
128
552
799
633
470
753
567
645
141
356
707
563
260
28
557
785
249
531
194
48
815
43
203
735
142
524
709
714
766
379
72
667
327
13
392
743
102
661
368
175
350
113
756
801
532
260
721
673
100
87
816
145
636
11
231
81
70
41
257
197
60
168
734
250
779
474
201
246
734
813
664
104
19
249
737
132
112
792
674
251
562
820
321
710
230
532
29
248
686
401
740
199
519
14
809
142
463
339
157
43
799
5
524
807
610
402
403
514
225
485
392
109
718
233
796
81
713
15
692
268
87
56
63
529
479
28
536
158
668
29
238
101
681
231
130
322
569
714
426
530
641
821
538
815
515
261
452
536
232
730
364
96
486
198
393
112
689
589
384
356
301
432
354
202
653
781
418
752
548
40
620
471
511
236
805
190
136
105
284
191
349
484
208
187
438
378
319
641
400
147
617
413
87
637
492
482
128
827
665
460
62
338
117
286
742
728
124
567
100
746
122
479
370
827
599
292
415
574
353
354
240
325
547
735
447
827
30
762
698
169
606
335
50
290
770
610
173
522
557
404
213
212
404
460
825
681
812
164
608
320
319
340
61
623
181
10
7
101
603
741
527
578
65
176
161
50
190
809
334
720
500
328
34
792
547
62
804
801
221
81
27
146
77
289
802
389
623
155
135
146
753
554
280
380
179
122
386
140
290
684
43
113
793
383
402
647
237
652
235
579
46
110
484
375
284
163
724
719
307
784
621
639
788
716
146
65
321
785
741
562
772
557
571
91
620
271
188
372
645
321
394
676
813
764
84
214
805
600
239
385
814
595
415
477
103
46
493
65
207
717
72
360
819
238
411
432
729
133
661
165
255
797
321
721
135
616
374
128
361
538
203
345
772
769
180
592
793
11
15
661
784
697
16
699
194
46
420
134
760
29
190
615
549
393
221
301
665
241
623
776
755
160
330
631
359
199
132
610
411
623
499
728
369
762
388
796
42
248
377
101
695
444
445
2
241
508
248
322
773
659
462
398
22
281
524
30
119
202
60
799
681
31
117
578
65
536
466
453
569
151
759
783
98
723
330
732
529
728
181
450
535
106
19
219
277
300
827
229
232
481
596
49
719
284
511
468
91
723
501
402
328
504
635
456
704
236
778
207
266
526
824
184
599
688
607
70
344
561
141
609
21
59
201
236
786
353
10
767
490
387
150
61
322
568
742
653
692
40
419
800
250
826
384
436
771
767
520
50
336
312
83
152
271
465
284
413
71
489
233
189
274
386
33
82
615
735
120
647
7
450
379
533
120
531
204
722
746
2
224
297
583
669
399
705
214
347
461
383
444
741
101
451
823
19
772
46
556
559
227
759
102
700
413
556
440
177
669
548
43
682
201
473
85
434
557
481
779
563
433
769
567
503
809
444
799
549
728
324
736
722
587
255
66
439
273
77
755
762
261
581
289
51
520
793
568
562
390
73
667
415
175
813
597
224
583
75
556
44
465
808
598
226
796
490
285
625
738
185
680
109
295
481
818
299
318
94
430
435
786
130
164
234
711
283
87
154
176
809
375
440
735
230
646
409
26
550
197
97
601
138
733
437
415
414
758
396
590
269
140
458
176
533
252
264
704
603
588
262
650
114
623
690
104
649
245
327
310
189
288
190
238
162
676
780
781
305
635
775
577
765
450
800
656
214
266
373
458
550
425
747
447
117
338
194
180
559
696
300
107
161
466
538
280
185
143
237
367
827
697
219
127
791
512
221
223
567
788
790
472
188
817
179
583
125
361
249
18
437
33
531
20
412
784
589
416
661
511
256
11
77
687
685
648
680
431
557
815
345
413
272
278
526
85
142
16
195
574
18
568
113
596
403
336
809
513
484
210
165
680
475
734
628
707
69
751
200
675
806
731
818
56
325
569
613
581
367
788
353
437
311
324
136
347
742
734
714
727
91
647
488
544
328
420
739
690
614
619
793
257
789
638
527
26
412
144
557
731
302
478
102
382
433
585
475
712
191
590
497
568
709
258
197
54
298
128
633
714
435
319
737
771
504
823
628
669
299
26
139
769
318
271
266
372
96
33
271
705
664
576
126
387
425
625
749
235
215
631
466
457
412
543
226
821
9
250
686
482
736
220
498
415
808
56
28
288
227
536
108
372
481
215
798
29
169
541
154
735
137
768
175
63
803
40
672
810
588
426
737
476
254
564
702
165
358
754
409
428
551
452
767
580
284
4
370
488
87
176
465
542
119
363
301
468
725
386
579
735
812
546
759
788
324
332
746
631
415
491
39
349
27
59
745
598
598
121
322
444
135
162
3
117
725
480
423
331
614
416
329
244
634
483
39
189
162
313
789
684
171
765
282
588
351
247
64
479
574
539
601
661
614
438
241
579
483
673
224
803
534
789
800
786
266
481
749
819
283
673
266
153
578
350
45
705
218
80
663
550
303
509
810
538
445
264
713
511
759
424
141
20
358
685
246
576
218
401
136
190
533
545
334
16
423
666
434
478
104
600
63
635
579
226
567
514
491
230
696
558
569
476
784
631
435
260
516
644
763
821
103
455
58
352
494
424
495
400
509
631
145
606
206
191
818
271
696
825
104
462
723
407
221
112
333
27
761
510
218
89
774
79
780
361
659
469
388
589
388
332
95
470
651
312
615
734
784
526
54
403
781
381
489
206
556
91
730
127
295
493
359
492
742
454
164
536
446
143
730
414
784
57
411
280
614
438
1
427
265
207
146
635
56
535
231
659
473
457
55
147
203
500
176
688
108
244
602
13
604
461
566
683
153
530
548
412
323
475
583
224
106
512
607
238
186
111
106
821
610
708
560
741
330
468
148
773
369
85
405
506
627
169
215
455
401
354
210
350
416
657
817
535
230
132
321
86
616
207
747
678
171
621
743
375
822
759
332
722
177
800
114
817
716
363
804
764
500
587
204
751
425
142
223
70
407
591
827
519
653
1
791
584
432
546
605
189
420
768
55
337
643
18
796
555
16
333
454
576
420
414
481
550
125
121
522
762
9
18
813
241
53
15
767
393
635
38
157
98
203
632
501
456
629
698
680
363
802
717
610
810
290
154
443
774
182
594
260
234
284
355
142
370
110
79
59
590
675
743
176
184
317
622
502
753
668
226
303
391
209
764
95
731
202
509
777
68
602
493
627
295
535
765
784
531
504
225
598
812
664
64
794
563
230
294
630
70
11
189
521
113
590
816
53
718
355
705
508
206
164
572
458
524
813
371
86
604
31
56
821
700
235
84
684
478
519
128
690
328
51
776
118
467
129
586
318
96
379
165
110
788
355
206
241
585
445
821
21
711
603
792
177
317
516
242
643
74
91
378
74
414
433
641
217
101
403
356
383
705
822
267
595
715
712
496
567
130
17
465
279
432
660
131
179
69
707
132
472
564
238
355
344
276
220
490
823
784
44
799
204
343
220
34
193
323
482
511
55
85
272
68
337
555
118
778
793
555
157
172
403
164
125
554
479
555
210
755
255
300
211
679
299
364
154
743
146
419
126
460
752
490
126
433
87
30
685
538
17
5
222
657
513
260
534
825
65
355
445
579
718
769
222
548
536
183
492
473
28
364
664
608
731
163
516
726
179
665
716
505
744
297
91
753
707
713
765
260
666
356
151
90
626
818
330
793
704
619
674
574
648
77
538
780
266
803
419
698
800
762
161
488
733
410
690
80
818
454
7
150
540
830
462
309
102
374
27
230
21
564
646
713
246
344
118
597
28
623
430
320
594
688
704
255
646
663
552
768
66
293
171
764
479
355
435
432
156
473
471
176
731
356
48
572
587
521
328
54
226
389
825
693
571
794
19
128
357
581
174
142
26
165
681
403
34
362
326
360
560
261
731
324
552
96
234
808
294
364
571
462
57
680
509
118
400
260
795
736
184
114
315
612
292
548
756
770
291
80
480
33
628
58
598
710
508
611
546
497
86
63
477
107
516
155
107
145
823
656
202
825
44
393
228
113
716
140
820
670
456
804
306
145
422
43
719
92
495
474
303
476
756
140
335
311
441
734
246
736
606
122
292
806
363
69
526
77
7
308
146
735
230
487
214
450
449
419
590
379
441
807
434
456
18
443
328
288
798
619
155
118
533
815
31
648
530
663
449
393
518
317
36
465
244
390
549
711
156
413
450
446
665
60
362
802
118
599
211
422
360
461
484
715
348
422
786
375
51
667
803
376
13
583
481
211
420
53
24
714
643
236
571
283
444
435
766
186
596
624
633
530
274
362
213
696
663
537
389
431
56
124
613
583
233
808
542
133
243
739
634
273
106
299
769
90
21
825
64
213
117
518
323
8
762
351
7
176
109
391
123
453
243
288
119
360
470
460
235
287
610
511
260
411
88
128
153
280
219
289
295
475
639
309
733
222
267
372
40
230
157
814
504
85
537
177
305
85
71
611
460
544
648
308
353
129
22
53
77
645
767
575
95
802
59
764
578
475
694
670
285
577
186
310
817
560
393
410
328
206
242
508
148
696
406
787
344
159
495
567
735
430
291
163
104
554
195
445
805
785
473
180
632
538
700
805
257
260
706
825
148
634
747
84
702
213
441
84
793
513
17
233
599
284
756
173
329
321
256
50
613
738
735
525
661
457
49
196
403
219
241
30
365
707
216
5
285
159
207
345
214
469
301
793
443
82
192
189
172
278
12
123
438
248
501
530
81
111
244
515
765
260
798
635
101
315
495
716
74
807
131
571
753
643
718
279
256
336
303
423
460
274
297
279
31
53
71
388
645
706
361
47
654
699
615
390
714
790
656
433
682
511
748
92
415
440
639
824
238
417
164
186
777
505
622
548
399
619
321
450
557
213
124
573
830
548
209
375
207
207
197
21
409
830
221
453
504
479
437
818
298
762
427
469
95
407
581
288
787
777
799
420
305
612
479
558
827
567
267
418
150
26
463
195
375
154
124
722
652
716
211
762
734
397
526
122
787
122
91
682
779
447
487
830
722
727
33
487
135
595
333
627
421
437
276
195
57
379
400
690
788
8
657
574
593
778
14
262
648
171
809
448
369
225
805
776
19
565
420
75
445
43
162
331
217
345
486
229
580
272
384
77
202
605
565
806
226
188
662
173
445
155
369
601
560
509
801
188
45
611
423
486
758
68
736
557
146
666
352
425
117
574
77
295
383
690
7
157
222
663
369
78
97
359
753
822
627
794
805
410
618
611
22
476
487
443
713
145
443
788
346
305
176
750
631
534
363
738
743
470
812
112
153
356
276
680
683
236
388
89
346
110
605
62
12
640
240
522
21
704
758
206
654
809
248
550
227
145
83
641
204
70
497
820
164
28
70
586
749
665
358
568
318
393
7
299
102
285
649
576
305
787
194
124
306
507
743
173
474
793
5
794
405
364
519
757
349
13
589
541
55
661
47
598
545
641
707
308
46
7
139
192
353
598
555
459
708
97
433
193
174
342
555
31
153
475
642
374
684
638
538
520
223
605
206
750
75
402
585
570
797
710
71
663
716
711
24
400
607
42
468
73
335
438
254
266
813
586
775
8
147
343
252
563
127
668
21
196
337
424
173
521
764
230
329
797
462
406
789
301
778
229
437
772
718
88
479
29
486
662
327
272
141
447
15
352
18
214
520
267
639
223
348
652
791
598
13
830
540
658
505
270
553
409
415
138
195
517
722
328
503
389
322
343
814
569
802
474
273
330
663
122
391
163
631
402
281
308
743
730
578
591
460
48
206
677
555
660
485
359
79
166
814
53
573
57
645
624
754
34
275
655
685
139
438
443
774
675
795
415
698
368
555
649
21
756
729
485
651
779
98
550
389
597
97
260
267
443
317
645
263
601
550
582
382
692
476
475
584
726
505
759
808
336
481
626
46
799
194
480
600
660
231
775
212
554
133
594
191
587
818
179
229
545
1
328
624
780
18
14
497
530
387
120
165
523
173
225
453
557
234
38
639
704
764
715
63
657
317
333
108
311
552
466
431
618
660
231
763
355
502
74
627
188
425
22
533
86
202
300
302
698
798
6
429
521
347
500
487
156
424
282
413
433
575
180
541
508
710
26
100
295
406
482
81
420
620
423
248
618
278
702
79
589
117
379
710
616
776
762
551
102
237
564
494
798
803
14
388
275
471
85
808
677
552
720
680
432
50
673
427
8
562
255
640
191
617
251
615
421
481
551
368
157
549
729
33
287
553
309
4
714
257
51
664
552
696
158
294
678
42
436
444
459
450
828
677
655
110
192
378
294
64
159
669
194
455
257
659
73
83
6
617
301
330
379
227
814
734
606
779
388
263
734
412
775
16
379
699
209
528
112
811
606
779
21
627
747
277
190
686
436
558
666
315
694
18
445
133
379
488
92
584
68
191
93
359
604
762
152
188
385
717
14
75
679
610
193
188
492
312
544
723
164
403
139
655
384
800
754
637
140
571
195
208
411
311
282
344
162
581
374
224
528
56
131
536
235
526
648
298
813
19
151
608
581
199
754
426
178
41
636
593
445
307
360
39
574
39
60
369
498
102
251
182
325
358
577
721
295
754
545
165
465
710
160
763
1
763
267
762
656
105
736
542
525
593
46
224
202
180
731
271
605
79
477
314
167
466
381
223
55
575
504
708
303
574
777
7
589
620
815
277
264
688
438
781
686
503
397
704
254
631
344
280
399
244
757
188
393
614
421
702
194
216
137
615
725
205
127
261
723
531
641
78
670
820
818
150
320
829
705
36
826
386
723
299
36
96
88
562
546
70
503
470
382
101
713
65
764
536
761
753
319
238
556
341
218
138
373
458
321
626
224
93
332
825
87
139
28
71
482
767
811
29
215
825
145
525
311
46
336
513
20
539
349
469
183
427
109
521
342
172
349
11
230
305
231
364
149
595
470
567
324
94
118
399
532
568
345
636
42
246
824
337
638
198
299
789
817
492
7
586
778
188
99
272
578
1
817
680
575
160
63
757
431
626
400
574
582
24
407
181
219
216
75
436
256
699
804
745
653
804
283
801
747
281
617
32
485
392
12
278
752
273
558
18
329
742
355
130
117
119
140
527
486
529
794
201
573
141
470
825
720
408
210
712
228
358
137
198
769
169
394
671
501
570
684
702
730
54
442
198
664
102
774
190
345
460
72
535
528
326
751
413
617
99
84
481
98
282
655
335
809
790
456
230
576
217
54
280
666
120
663
358
797
50
735
174
652
33
725
275
521
4
379
286
159
58
632
347
6
758
106
174
705
611
206
649
497
56
400
336
380
814
792
751
99
569
780
673
163
642
426
292
444
758
63
629
92
644
543
315
288
166
456
79
450
248
741
118
638
592
77
516
48
66
103
450
223
163
109
480
571
298
566
690
462
804
478
693
149
612
366
87
387
179
449
418
686
451
260
673
263
323
124
306
100
189
694
626
641
410
391
587
437
395
451
810
743
471
523
771
260
76
774
531
703
71
442
127
76
371
386
648
204
69
597
136
86
291
65
685
603
424
63
610
646
642
357
553
235
420
298
627
483
589
211
631
375
685
815
43
656
739
789
769
433
202
714
303
42
740
320
427
14
642
194
60
763
513
210
323
818
60
129
587
710
303
365
563
412
515
275
608
179
230
752
70
103
461
658
20
213
269
148
778
806
575
141
425
241
264
754
483
534
725
578
520
355
825
747
248
633
30
267
41
692
796
236
684
475
681
264
130
796
104
650
767
46
513
748
106
33
120
521
587
765
687
490
50
540
75
543
208
274
68
348
611
312
269
309
709
329
759
632
790
271
372
96
162
730
218
391
378
40
30
202
74
824
701
281
122
319
368
56
289
470
149
222
814
510
437
757
275
205
771
421
413
511
684
455
506
244
160
674
687
775
175
619
429
98
698
646
177
399
744
657
405
485
6
190
60
425
621
274
329
458
266
754
102
23
438
763
647
680
819
532
599
467
492
722
81
462
758
706
815
606
163
307
751
452
57
738
388
823
672
678
51
177
351
112
534
177
309
221
729
529
648
366
340
764
13
657
161
547
786
416
217
266
759
192
337
104
364
303
454
618
409
621
304
669
517
106
267
279
261
634
756
57
115
193
227
349
724
95
404
98
506
606
731
546
297
371
340
448
679
551
78
708
177
827
577
377
42
815
380
563
104
407
264
413
12
390
810
86
161
393
505
635
200
425
688
617
420
289
782
178
156
698
445
411
421
591
675
729
260
39
184
624
624
35
342
711
667
720
737
466
503
808
94
66
131
413
92
190
465
245
721
41
807
273
198
813
78
442
377
93
817
654
35
246
780
112
308
68
554
739
511
702
621
85
616
638
543
287
507
445
791
698
636
125
560
120
408
418
211
109
142
190
321
261
109
178
19
586
148
240
324
120
636
790
207
589
764
661
448
629
610
743
511
387
458
71
127
156
277
656
535
150
280
595
463
749
767
112
612
171
350
542
176
519
458
570
511
724
156
106
391
702
803
222
93
607
158
123
642
134
430
487
731
196
398
467
772
5
571
293
708
91
555
257
90
760
602
14
401
80
677
604
48
108
424
389
206
82
18
683
563
809
461
106
342
73
783
500
81
68
806
742
160
35
65
738
394
84
733
200
232
276
688
359
825
235
192
465
606
647
796
753
445
88
346
437
700
286
800
666
10
680
828
562
435
672
360
607
559
497
122
111
98
688
575
305
618
531
283
702
698
589
452
194
17
591
259
698
71
317
522
798
470
805
513
675
621
610
695
670
737
332
812
333
326
131
70
186
337
383
232
765
802
420
435
16
159
680
390
509
554
253
384
537
532
624
146
142
213
134
516
429
702
488
363
555
275
448
258
59
359
474
174
413
421
661
457
762
51
383
307
81
590
530
681
788
314
335
427
520
11
477
587
404
769
784
197
155
821
551
57
561
409
604
572
817
425
117
577
439
568
705
395
375
369
55
487
298
543
334
476
126
511
508
529
612
52
702
470
502
606
263
537
693
135
518
423
794
45
663
164
605
141
388
775
1
530
100
390
252
524
679
211
483
181
201
347
232
698
383
607
8
753
747
261
610
276
163
379
292
816
137
802
316
111
53
598
399
783
558
520
115
647
399
808
315
822
100
19
131
515
814
169
81
710
8
332
565
250
608
533
37
753
457
642
534
60
570
172
692
627
608
817
790
710
606
425
741
364
314
618
632
485
285
100
328
563
358
402
78
524
415
296
429
527
68
379
494
245
382
767
8
762
479
289
17
783
33
653
111
372
763
436
711
542
142
576
118
646
254
511
479
299
51
330
443
44
642
616
733
75
809
471
271
731
212
596
601
292
634
793
645
127
579
706
82
730
583
830
549
144
308
192
126
182
632
763
653
198
611
204
168
399
606
99
695
383
173
798
723
619
265
440
44
380
769
536
370
240
709
17
459
374
127
351
77
489
691
177
732
353
108
151
816
69
582
216
246
587
276
496
717
516
658
36
98
506
270
347
563
438
188
276
623
681
186
635
744
307
99
344
135
82
43
425
483
412
758
495
829
128
519
203
264
712
283
414
175
11
645
458
302
334
193
94
623
610
552
185
692
363
761
138
812
314
756
631
308
410
169
760
209
571
290
699
803
58
430
565
150
757
459
726
772
245
664
725
270
354
779
338
640
755
404
790
408
804
824
257
51
377
375
49
581
597
63
215
191
231
4
355
155
647
351
337
362
99
274
526
295
3
756
406
567
718
241
639
279
374
826
555
765
325
611
397
24
318
709
733
700
75
759
159
484
491
708
496
60
605
155
548
775
583
595
454
50
473
480
414
802
744
807
221
151
715
85
694
273
198
798
451
174
554
217
240
411
447
342
735
307
175
616
539
657
218
544
769
815
814
167
369
766
584
557
43
467
728
675
86
6
488
611
595
73
323
356
46
73
449
415
279
774
798
724
554
824
314
591
694
5
436
402
558
130
213
822
270
608
447
375
784
9
573
602
688
531
138
248
412
215
304
699
261
525
284
457
120
224
157
798
625
139
692
93
513
382
637
725
500
283
717
332
86
618
20
474
689
399
677
122
190
138
379
362
154
600
178
600
509
753
149
180
281
206
793
464
575
282
358
591
693
364
391
466
455
673
483
157
822
625
553
271
780
340
663
563
238
60
493
113
401
585
220
261
239
357
637
410
818
287
829
588
658
681
77
493
314
404
568
779
662
473
732
242
79
267
816
5
124
154
233
308
661
622
734
100
179
385
409
408
658
490
703
307
87
458
513
147
161
137
282
211
146
706
607
456
582
83
423
322
388
500
260
675
242
298
213
396
670
186
754
806
627
193
665
435
85
410
3
151
257
500
803
145
3
463
594
493
310
345
594
250
272
209
520
150
6
67
425
299
816
230
747
343
371
163
674
41
433
798
630
189
98
327
222
611
463
478
209
330
559
40
347
296
438
365
304
6
650
259
147
130
544
326
673
334
514
353
562
475
505
343
537
290
660
129
818
735
78
193
239
591
500
109
679
96
613
339
810
253
154
23
538
385
553
339
240
626
818
740
666
527
158
439
53
707
306
229
775
40
754
703
604
788
706
25
666
370
599
33
66
355
410
30
702
245
515
609
783
385
551
149
68
216
384
164
479
138
457
820
87
469
436
205
749
53
815
634
24
340
308
222
170
426
248
664
345
514
338
187
739
554
773
143
704
616
281
150
567
556
389
271
784
461
697
127
719
613
582
136
134
98
14
151
51
166
20
559
349
821
812
350
464
592
657
574
42
305
713
113
305
803
209
550
77
623
796
360
738
214
144
220
293
665
711
582
176
552
21
138
280
662
758
13
498
581
359
323
500
175
57
681
443
764
661
168
360
779
521
202
784
379
8
458
355
390
408
413
361
618
241
728
202
187
518
638
820
156
506
38
462
740
423
697
91
766
782
398
467
707
476
43
180
798
73
171
134
57
641
215
318
771
227
665
730
692
734
195
50
708
213
185
681
239
518
721
625
536
333
540
364
606
280
267
563
807
81
299
165
424
58
452
501
763
87
520
545
220
540
69
616
570
334
418
310
353
662
292
830
590
190
471
761
439
58
331
122
416
50
175
81
25
824
458
526
436
451
448
741
349
151
422
343
61
301
16
468
461
405
138
649
665
482
59
780
555
622
649
421
533
587
717
415
695
417
295
167
303
251
579
336
827
77
274
286
704
518
88
477
198
303
521
156
771
285
402
608
484
619
441
800
616
601
255
404
535
458
114
161
533
55
732
389
253
691
188
717
120
417
179
565
810
722
501
303
335
133
588
117
210
81
307
404
758
642
529
661
683
712
802
226
254
214
715
397
774
398
539
209
637
525
657
597
673
149
316
10
356
827
665
115
817
226
135
562
226
331
730
325
376
612
610
4
400
10
63
572
663
211
390
297
351
15
640
274
4
641
650
282
681
119
96
690
342
244
542
535
246
358
212
240
426
597
559
179
733
422
641
243
725
204
696
463
570
701
642
721
233
764
251
398
465
655
37
169
43
673
185
59
815
688
560
120
526
547
369
569
603
361
714
791
105
430
278
574
397
311
47
325
332
247
509
89
63
306
388
533
128
507
753
56
204
725
317
223
370
626
564
700
529
764
641
362
160
628
318
799
330
142
371
464
196
795
350
357
648
380
309
796
618
106
643
494
729
146
115
379
193
172
681
226
237
229
514
179
449
61
108
665
458
173
171
705
778
81
718
387
128
159
299
547
542
112
668
304
330
331
524
199
108
340
148
611
82
495
522
432
602
405
268
379
511
141
497
705
664
498
687
327
245
224
327
32
310
730
524
296
173
760
830
250
713
239
151
717
201
357
317
215
472
634
632
22
197
695
476
747
449
551
362
400
380
130
95
536
616
809
622
545
568
337
222
122
178
287
23
602
474
401
561
81
795
168
353
91
531
333
136
653
549
323
592
684
150
571
127
551
324
113
348
806
102
328
457
36
277
740
528
103
812
223
198
614
261
749
637
45
692
142
153
598
431
51
471
347
658
528
46
567
282
787
682
825
117
692
24
151
733
171
93
111
469
711
366
827
369
242
182
496
150
204
633
281
231
32
720
403
687
326
761
353
329
784
265
322
433
181
417
96
377
487
522
102
719
708
71
724
575
472
383
533
501
594
488
541
105
749
354
271
607
150
270
124
307
468
597
430
516
514
26
666
601
378
358
351
760
381
364
672
828
364
775
789
170
275
44
331
177
396
540
305
400
250
306
360
529
293
271
316
265
760
488
611
108
331
421
695
774
573
106
262
463
627
193
41
514
486
256
304
727
652
310
106
571
420
37
397
432
183
569
412
267
553
602
49
307
289
217
597
198
589
426
635
442
354
177
387
329
455
629
79
611
726
764
823
46
549
136
17
798
512
380
814
714
700
401
211
6
188
37
531
100
634
636
19
518
130
126
637
335
495
159
334
816
324
776
272
717
732
375
440
406
244
160
346
786
537
710
36
291
675
646
665
751
332
493
184
829
762
206
638
727
200
771
98
682
714
566
691
409
626
759
51
50
270
253
10
733
192
271
767
809
291
542
210
5
612
295
131
627
243
341
394
543
685
804
624
283
721
750
291
419
503
678
109
786
623
14
710
362
123
763
682
343
340
671
286
277
123
6
666
288
457
48
431
545
511
594
325
823
579
575
434
500
125
33
697
397
169
261
738
688
346
346
167
283
405
362
20
433
177
727
566
106
308
97
699
63
613
65
728
379
209
167
149
233
692
706
207
312
350
772
227
711
201
814
436
19
238
117
688
244
627
553
626
161
493
212
201
259
448
303
593
255
47
562
765
818
121
751
184
559
225
624
227
826
15
829
2
102
526
442
7
608
169
413
327
645
108
41
801
416
400
721
233
123
740
135
484
49
598
646
193
570
101
416
499
157
674
74
707
565
524
315
321
232
559
417
572
50
488
33
826
723
120
172
793
251
233
373
184
212
777
492
770
33
181
55
805
650
84
356
23
577
272
644
801
640
292
799
96
278
389
241
815
718
165
243
402
4
646
659
736
4
284
240
321
306
466
165
86
454
180
463
251
595
252
35
120
1
11
769
304
579
275
482
726
741
487
69
521
656
308
39
542
22
198
69
633
165
334
93
543
93
339
268
679
497
225
780
208
281
511
75
646
707
514
337
670
364
265
219
611
418
817
24
12
590
665
590
481
660
479
709
688
277
166
30
731
305
556
572
290
51
451
814
211
634
514
326
79
477
7
46
103
704
38
754
436
536
770
33
267
106
518
168
737
802
487
144
333
30
5
640
256
577
781
394
262
290
243
155
221
568
659
677
730
517
324
258
328
637
394
311
590
174
169
236
779
118
818
246
217
574
403
344
574
385
254
496
143
798
699
294
497
558
396
598
118
259
495
575
411
364
575
739
185
625
600
489
138
752
784
574
81
277
184
146
386
769
469
748
424
710
523
734
171
759
720
513
544
123
214
251
639
677
14
744
29
692
394
201
342
163
123
175
315
705
727
562
730
472
383
551
775
371
819
298
788
125
85
394
400
407
812
183
744
490
345
309
475
19
332
22
592
172
639
523
167
483
251
681
808
169
137
699
42
99
269
361
50
647
726
693
487
24
782
698
814
641
564
359
313
253
657
441
802
663
539
171
531
35
349
813
15
246
307
241
779
711
701
300
571
147
396
291
368
803
789
536
22
602
580
508
421
524
433
210
759
620
620
441
292
142
262
258
271
499
328
198
455
653
747
210
465
253
557
377
694
475
526
423
714
413
216
48
346
711
445
116
274
542
671
173
55
704
160
154
412
801
282
85
671
324
675
251
172
172
464
146
122
420
650
393
402
695
56
647
360
249
462
823
623
349
565
570
97
70
106
307
114
562
33
100
83
415
414
28
151
790
84
765
391
154
588
793
99
254
635
402
270
332
261
318
716
227
710
435
330
382
639
706
580
232
464
757
109
300
281
785
271
107
412
235
669
440
238
80
328
250
376
176
301
323
52
722
170
624
461
373
221
387
309
417
730
180
806
557
581
804
450
227
388
518
790
75
763
410
428
647
565
108
152
521
20
40
77
821
525
361
637
716
609
619
828
762
691
340
254
208
155
370
263
161
394
615
178
471
815
178
514
450
273
358
733
180
303
550
346
145
811
703
59
796
415
497
265
60
575
48
288
330
579
614
31
389
754
563
183
727
806
208
439
464
22
34
301
563
429
249
775
677
615
448
771
171
794
774
610
726
765
403
555
438
148
242
256
686
191
784
283
583
822
789
617
544
160
56
174
35
712
695
747
14
304
97
107
41
76
236
339
750
23
348
15
403
823
80
162
8
436
527
531
158
676
502
258
473
188
617
698
615
522
217
684
513
61
741
142
740
213
209
553
52
270
432
376
556
165
83
426
630
676
519
424
549
314
451
320
535
347
152
94
768
574
156
519
225
291
19
192
704
725
342
790
69
743
746
733
608
773
493
659
405
732
498
191
808
130
557
330
690
41
124
140
484
39
77
419
240
73
454
128
626
58
488
245
323
582
593
334
43
340
66
505
142
113
706
340
51
149
319
463
514
308
164
354
482
745
288
97
175
681
490
462
144
537
368
272
85
788
484
183
242
251
706
372
319
340
733
638
163
368
352
489
22
622
2
342
828
11
714
214
617
817
567
68
590
202
371
230
725
602
528
827
148
187
791
433
581
243
265
165
531
224
416
598
448
551
371
346
439
734
596
26
331
591
753
218
820
545
368
389
328
504
301
247
404
620
208
741
828
430
24
105
256
310
733
122
245
510
265
114
745
246
367
235
757
540
284
13
552
282
430
601
368
717
167
7
248
376
292
445
360
603
136
245
620
185
204
505
86
552
807
622
17
539
356
425
15
16
31
89
617
569
41
496
805
657
494
564
463
14
11
796
57
256
625
504
224
811
62
593
499
794
690
512
410
155
357
265
141
434
514
790
310
627
558
430
442
333
486
428
802
754
354
114
101
406
788
226
696
384
510
677
209
780
615
216
35
489
111
79
530
458
760
82
472
315
90
127
463
634
693
740
730
822
605
388
155
384
804
662
128
558
778
813
361
39
536
618
428
134
95
178
516
628
367
664
629
711
830
144
203
128
556
184
391
99
135
702
559
37
369
255
338
190
164
89
767
680
289
809
567
311
759
495
154
692
175
619
675
684
583
799
659
751
438
253
437
345
342
120
142
22
656
194
314
582
668
789
767
6
129
285
585
154
603
775
356
196
772
485
479
276
395
475
309
329
727
493
160
345
574
57
811
4
414
162
2
668
436
504
766
515
440
241
721
668
441
563
238
501
127
330
612
565
559
440
328
414
227
40
78
74
59
470
31
101
230
196
126
601
173
559
530
443
185
285
445
359
627
282
626
699
227
595
768
796
196
57
506
46
267
656
116
486
311
268
445
480
3
59
69
151
672
358
42
43
780
172
175
481
575
485
736
16
596
189
589
412
488
826
217
186
759
9
392
658
455
684
235
328
282
343
143
222
456
810
209
779
266
725
738
1
409
38
228
758
20
583
420
660
399
636
588
229
749
726
670
212
600
779
773
280
351
175
288
152
777
390
706
734
252
53
362
74
50
37
297
271
480
237
121
519
340
744
631
266
716
360
446
677
5
49
290
542
55
136
610
381
813
652
227
828
628
630
140
312
684
582
295
136
237
793
379
526
27
352
13
433
538
714
23
39
56
568
284
347
85
465
135
213
5
552
296
166
583
3
468
483
472
681
767
721
571
744
302
505
778
153
648
210
647
208
617
150
325
484
297
67
274
395
620
542
87
40
517
407
156
824
226
15
88
232
324
161
268
356
437
126
131
400
673
311
791
564
1
43
32
110
343
549
574
275
132
532
98
108
484
217
7
50
714
393
497
118
620
41
818
734
186
317
104
249
513
691
575
386
388
434
751
285
452
177
547
249
652
196
245
818
380
251
273
440
18
167
243
74
264
223
19
229
410
279
218
74
293
434
101
48
740
497
55
805
303
732
292
541
240
427
9
548
382
629
345
215
129
672
266
389
573
153
337
129
177
445
114
85
823
114
540
178
523
798
348
739
102
98
516
61
517
554
59
110
78
636
651
386
620
733
514
666
353
30
371
97
349
270
650
467
109
241
623
788
532
189
640
601
400
784
751
553
507
201
196
750
213
534
795
311
749
401
426
367
702
368
768
780
326
579
70
211
367
248
156
417
130
477
458
228
462
78
4
192
544
425
154
325
165
316
688
617
134
473
35
606
673
435
679
76
429
366
363
10
704
299
306
174
310
477
106
26
551
771
605
753
729
550
90
750
113
340
449
429
642
564
483
80
643
48
167
675
770
544
812
556
95
121
65
675
519
725
333
492
502
160
189
332
442
617
694
30
160
604
128
420
488
323
574
635
160
12
809
690
399
119
162
115
275
29
56
551
277
717
803
718
676
181
180
348
140
418
273
279
792
265
725
354
827
652
428
807
102
596
618
5
231
770
102
392
395
358
649
138
150
122
698
686
53
226
725
116
115
693
830
813
794
450
123
94
432
289
214
124
309
480
687
250
223
412
525
726
616
749
800
158
545
782
349
740
348
125
78
482
215
439
686
51
311
130
805
117
743
418
108
279
515
689
94
130
30
697
590
292
588
257
263
641
749
115
152
635
45
80
359
94
113
817
730
696
118
830
218
618
83
751
162
501
17
50
2
155
93
558
824
536
829
426
351
340
280
741
56
177
31
267
666
193
221
432
673
539
456
471
175
638
261
310
504
217
555
370
604
367
356
82
320
466
811
307
500
174
566
87
361
227
797
670
430
152
610
252
494
254
429
489
180
547
91
269
345
477
55
18
747
153
380
105
748
598
618
540
491
662
720
530
13
342
418
14
455
54
745
295
120
576
537
467
493
727
72
665
552
594
3
557
79
741
145
204
666
810
697
666
588
299
356
560
514
123
420
100
215
677
344
618
384
426
647
144
314
246
283
525
619
188
358
113
345
639
428
185
796
373
588
84
92
246
136
434
512
166
62
415
300
794
794
304
386
426
353
422
788
476
91
652
749
396
374
823
349
765
682
197
382
139
294
696
774
573
218
57
134
15
474
279
455
560
531
573
111
198
354
354
57
481
667
574
322
305
450
351
787
762
495
308
543
762
245
316
770
603
48
154
399
751
185
437
476
401
512
17
42
668
421
354
774
602
241
774
781
715
554
595
724
245
336
246
629
598
258
524
421
225
707
295
56
316
153
601
773
309
374
760
689
387
696
135
339
505
527
190
530
566
788
378
226
673
541
607
694
637
595
89
269
47
616
449
586
557
176
219
611
658
676
500
390
7
534
529
178
617
747
299
423
603
302
324
215
394
203
746
645
73
578
811
724
297
760
543
555
424
704
679
564
507
743
664
367
790
126
575
645
193
85
806
810
56
576
88
663
157
361
137
366
775
424
818
379
684
134
465
560
442
816
636
222
168
323
146
152
414
258
627
477
380
758
12
660
722
65
492
798
73
303
813
820
20
197
659
811
257
720
255
65
587
453
661
80
450
747
239
458
341
13
607
567
448
443
83
68
472
677
753
362
306
796
227
680
788
62
693
343
440
131
16
259
799
497
206
231
445
97
696
180
488
640
442
223
217
551
140
826
759
35
388
98
21
21
524
403
133
610
255
421
483
209
488
358
651
258
812
697
107
361
383
250
655
703
790
480
542
464
604
526
356
608
192
391
827
81
704
615
213
291
826
299
99
160
161
8
359
530
666
92
554
487
766
448
178
88
123
276
181
448
292
276
476
435
337
806
424
704
222
742
738
710
612
46
436
210
257
732
21
525
201
409
583
194
35
227
222
565
644
284
285
697
82
377
545
184
679
428
278
145
107
370
428
49
371
674
208
93
12
145
77
471
626
549
67
415
628
752
393
168
748
715
379
341
717
498
315
325
651
266
263
564
179
125
64
71
367
271
103
259
32
112
690
66
458
182
455
365
227
248
444
111
286
605
530
561
595
100
30
385
195
442
290
762
541
348
404
434
701
685
376
763
87
803
576
709
54
154
340
620
639
118
450
634
434
719
167
306
625
354
575
445
21
514
363
720
445
30
410
601
641
577
782
176
825
361
618
628
89
710
335
347
590
345
806
590
381
344
177
76
502
475
701
500
366
801
688
486
121
211
434
148
510
50
272
41
160
558
821
391
327
118
350
470
137
538
814
565
551
617
786
130
820
35
162
749
602
602
493
80
142
691
755
322
643
180
439
27
352
415
249
566
463
659
250
806
756
304
235
760
367
530
3
824
127
397
757
730
201
561
237
116
272
418
824
438
8
86
74
161
825
490
96
414
739
488
691
768
489
737
193
405
626
209
351
27
82
687
105
11
815
392
161
585
428
92
739
183
285
458
786
472
404
38
733
761
605
458
780
704
266
636
821
460
137
756
530
733
4
544
568
758
322
271
113
821
497
518
573
537
642
791
398
606
119
321
296
510
385
673
754
698
250
469
494
414
25
659
18
473
286
110
573
670
211
595
357
694
294
246
814
338
28
481
824
362
195
343
750
731
202
8
500
445
400
546
806
619
472
653
132
650
662
687
324
373
801
100
276
172
251
786
78
594
193
109
642
311
363
547
41
496
249
111
506
500
128
411
148
748
309
298
276
728
430
248
179
457
409
26
168
158
827
339
28
443
193
146
261
606
684
349
793
570
548
140
390
557
715
490
84
649
590
341
733
46
487
758
499
70
547
816
72
763
242
281
717
276
281
489
780
759
789
165
621
613
390
301
794
486
761
407
165
433
36
717
507
144
503
598
820
66
233
266
344
745
235
54
210
315
142
575
100
462
514
352
513
741
204
11
534
632
485
274
272
206
137
193
256
705
395
516
786
18
141
415
698
88
172
152
734
457
336
108
540
466
25
438
187
379
747
134
45
163
435
99
288
491
146
538
21
215
535
206
302
54
725
345
766
11
175
322
379
30
578
436
609
399
607
691
431
753
254
333
427
549
27
506
623
6
441
766
561
521
595
439
372
141
204
564
820
657
647
709
25
731
175
87
703
733
267
106
504
632
168
795
132
118
241
34
2
399
176
22
404
19
139
676
621
229
120
745
363
675
237
298
536
552
569
450
529
765
31
721
421
155
706
461
740
524
255
348
247
693
720
680
194
773
707
755
608
337
79
61
539
11
564
342
400
40
811
694
346
187
32
578
268
256
328
132
708
488
808
491
751
616
690
557
669
809
400
545
788
472
652
724
45
260
703
338
324
651
593
558
790
200
802
737
515
290
652
477
703
317
234
720
192
373
251
613
298
774
40
438
578
402
409
581
103
593
572
465
237
386
755
504
659
207
450
756
394
210
636
613
275
804
53
470
342
226
148
293
147
92
516
303
245
547
42
362
235
811
381
278
491
349
61
383
133
25
122
635
384
380
618
538
606
686
819
766
404
131
702
295
556
59
94
291
316
462
662
342
143
830
66
350
380
813
550
23
13
456
61
265
231
218
468
13
402
763
722
64
609
461
213
682
542
545
455
521
115
25
679
489
190
579
246
746
784
359
775
469
765
808
728
129
629
432
218
411
629
30
514
521
586
152
807
824
136
419
517
259
741
476
349
646
761
547
402
17
702
345
531
507
155
705
481
725
805
228
220
649
561
515
555
338
362
47
775
633
667
393
24
821
627
739
687
526
158
157
428
547
311
766
188
136
680
656
771
89
810
496
289
521
228
501
567
172
364
140
187
507
313
84
130
76
612
87
193
508
376
706
750
830
144
647
771
281
414
272
323
447
265
219
617
58
757
130
331
217
340
251
700
92
805
116
668
182
182
685
415
648
471
141
726
126
764
356
749
553
353
503
748
511
784
58
209
311
585
470
823
44
108
569
244
1
296
333
156
503
5
490
762
138
119
40
202
680
16
223
284
631
150
533
284
334
532
579
632
311
417
1
158
531
9
685
377
797
28
424
390
507
394
277
371
270
755
99
469
102
130
507
377
706
296
381
469
511
818
802
26
619
178
574
217
354
724
781
482
173
599
541
254
278
551
791
262
479
49
200
605
16
769
433
398
582
152
50
339
159
436
613
417
158
627
823
135
818
636
185
330
466
503
761
655
643
586
496
722
679
773
85
573
303
393
667
68
3
594
337
445
255
47
49
657
528
663
353
749
113
791
668
519
239
24
308
125
622
223
233
66
739
83
447
676
759
634
428
549
701
826
717
277
125
151
192
151
171
447
571
653
259
397
297
717
227
96
345
821
127
266
199
806
573
712
315
636
184
651
179
727
698
448
51
535
776
306
485
234
81
707
818
727
294
418
383
625
359
307
245
160
222
124
800
790
630
246
572
309
795
606
675
491
667
292
794
1
627
111
615
368
797
567
697
261
225
429
260
483
605
430
359
13
749
532
368
75
48
219
761
791
326
687
571
6
63
9
829
740
548
220
573
553
99
185
72
683
4
43
753
827
308
518
51
11
399
472
473
149
201
65
132
536
333
734
568
102
18
317
659
155
281
333
587
685
150
331
667
365
592
775
523
460
88
817
301
643
780
676
557
432
104
607
803
94
552
47
564
594
193
812
616
683
657
109
114
718
742
536
684
388
204
242
297
156
202
683
763
347
123
497
786
11
628
279
598
311
798
284
729
324
33
635
94
783
596
624
784
78
128
743
710
392
17
396
155
54
396
106
576
163
105
686
188
258
339
805
548
722
164
720
750
61
818
352
667
572
651
810
593
570
776
714
255
707
426
205
81
412
336
578
531
483
93
374
215
49
445
815
495
203
455
318
607
398
210
162
63
396
375
693
339
164
91
133
211
18
690
528
476
58
803
714
83
775
333
57
199
565
742
172
595
616
58
615
334
389
672
284
462
778
156
392
242
527
39
370
568
823
378
504
89
631
66
273
813
45
62
190
110
61
258
676
99
676
192
3
218
718
118
446
617
73
218
274
68
300
256
424
612
744
28
198
44
712
388
536
657
291
376
744
445
796
310
396
307
688
38
190
740
342
380
680
368
428
276
279
50
118
598
623
157
112
428
539
168
84
780
288
16
757
519
171
758
224
13
793
337
500
699
481
706
589
314
570
209
612
635
365
24
777
615
542
444
4
38
172
10
823
113
729
405
110
632
596
418
380
66
42
190
660
616
394
491
660
520
149
586
456
163
182
680
226
602
396
754
460
613
640
460
263
270
824
351
547
244
682
816
115
35
643
49
446
86
429
606
711
334
368
817
206
187
48
445
702
411
485
568
371
229
601
66
653
22
766
639
475
756
462
271
405
77
787
757
260
98
413
58
332
72
295
411
131
558
599
13
441
115
299
457
8
431
674
252
378
475
147
227
605
99
556
145
331
158
482
601
461
352
117
197
315
271
321
538
687
573
401
484
219
481
408
757
369
606
721
762
422
220
4
137
99
776
226
757
477
381
470
163
589
606
531
823
81
512
558
587
721
317
169
277
111
723
714
90
650
334
649
727
573
275
110
442
740
49
573
682
508
275
176
757
414
476
712
227
232
549
652
594
83
293
607
616
665
215
688
613
320
647
342
502
745
220
128
383
419
240
644
43
807
482
794
791
2
164
352
304
650
782
414
276
311
604
61
502
589
155
330
722
174
135
526
253
92
649
579
116
438
161
197
552
732
469
251
111
154
291
78
636
189
424
441
578
463
578
269
251
508
719
393
255
42
615
164
270
340
88
439
217
278
592
283
360
733
275
372
823
411
760
609
103
456
365
634
796
98
240
527
640
601
599
432
216
252
167
581
19
751
200
147
447
685
435
395
306
764
210
657
33
278
336
649
180
12
218
315
200
461
645
712
216
683
43
386
76
708
115
268
34
817
366
430
150
231
27
705
520
294
218
1
800
471
141
79
260
657
315
42
299
745
651
643
316
417
774
459
618
298
233
155
284
383
757
364
342
244
318
537
519
750
192
721
507
121
754
312
791
119
363
803
591
411
440
295
410
142
615
763
385
10
820
257
360
94
1
56
403
29
111
133
74
401
227
531
438
778
697
253
555
170
571
195
404
699
774
185
54
654
445
568
127
282
436
702
100
628
196
512
558
53
239
144
724
327
135
765
127
204
825
579
162
316
802
526
264
363
770
768
727
542
653
311
436
264
312
290
71
234
495
330
7
817
772
533
288
232
796
729
484
345
78
18
389
532
224
668
667
753
162
780
736
177
229
822
214
827
627
655
10
618
782
590
194
743
767
603
548
63
268
218
271
33
547
638
504
89
808
253
361
756
638
357
603
181
465
594
516
704
506
811
644
48
278
34
264
770
16
184
300
718
800
761
450
405
43
152
201
129
400
449
324
285
792
326
807
62
46
528
59
468
343
64
767
6
642
596
206
606
496
671
61
483
768
750
650
178
40
15
418
179
286
658
293
703
458
678
600
357
579
53
325
639
781
762
725
660
181
79
747
560
251
208
364
761
29
528
473
456
450
668
229
61
665
804
483
1
377
149
565
670
702
344
570
676
582
169
581
395
201
62
585
108
711
527
338
274
435
100
515
119
733
375
320
385
72
793
379
74
164
225
724
645
198
354
818
444
328
263
777
383
698
795
99
188
108
236
706
200
644
753
557
416
373
790
538
761
256
229
402
162
579
198
159
538
243
158
651
14
100
270
534
266
121
35
594
199
425
17
342
658
319
329
399
614
821
463
153
240
50
233
235
122
464
251
763
155
341
367
331
778
241
78
124
811
650
650
443
456
357
546
190
137
208
169
7
650
67
502
560
809
267
743
760
689
283
547
160
60
682
393
328
502
73
412
49
67
605
54
245
679
612
503
98
105
383
199
543
158
703
253
487
321
515
647
275
16
530
10
596
781
372
765
505
362
602
720
135
353
290
463
449
13
823
695
23
715
732
153
707
154
510
539
375
92
477
496
308
529
257
827
45
188
543
105
614
182
744
455
720
308
513
661
827
388
55
811
467
35
742
421
79
806
454
99
711
380
402
99
642
330
132
408
320
421
351
786
77
518
216
658
494
131
163
670
749
4
437
433
208
753
754
497
129
505
450
89
780
242
33
771
343
27
182
156
700
158
309
13
527
724
399
24
397
168
239
363
692
389
768
189
191
759
5
505
120
808
310
815
60
795
420
780
357
112
686
563
686
757
752
291
638
251
91
561
726
762
46
147
628
393
309
515
568
198
52
504
323
797
704
590
714
728
62
612
708
67
390
256
691
794
298
650
597
779
462
220
805
580
654
427
400
566
302
801
159
17
133
765
209
672
77
684
79
332
678
226
395
714
561
330
653
544
213
761
197
551
688
601
127
758
36
497
133
159
319
152
345
733
656
647
490
376
685
770
615
395
499
480
47
413
498
207
15
331
455
381
556
674
719
169
28
526
740
387
456
485
543
815
689
573
365
245
532
563
131
187
39
725
537
619
410
197
44
719
475
69
329
383
512
739
828
767
157
207
693
718
717
607
89
170
729
439
280
686
182
528
25
472
287
145
472
505
569
505
68
541
814
122
688
571
367
443
528
651
479
211
267
164
172
476
476
459
524
417
566
73
591
772
129
174
350
604
294
513
264
353
257
254
344
96
556
731
156
294
658
629
48
17
61
630
4
423
621
245
569
34
147
724
100
567
558
364
555
458
418
127
110
111
535
245
780
216
281
344
136
302
597
24
565
69
437
119
405
244
396
322
200
541
595
486
641
199
355
542
285
569
208
333
291
202
263
144
58
821
303
595
759
197
442
739
72
734
103
826
550
473
61
409
393
724
208
435
551
744
320
539
120
30
655
356
355
281
768
667
330
535
705
136
562
345
583
58
777
197
703
734
741
461
475
213
431
127
443
10
48
436
571
733
627
65
399
28
307
707
655
254
35
483
283
713
13
252
388
777
799
106
314
286
220
286
335
628
408
187
72
562
411
219
268
749
618
114
152
544
600
669
604
359
387
752
285
745
57
282
558
50
712
526
359
481
4
557
746
702
40
310
207
2
326
262
700
251
321
373
524
236
766
669
298
230
469
255
172
183
656
371
120
66
188
504
412
424
661
224
412
280
616
494
781
605
141
575
346
229
788
136
642
75
333
467
244
8
22
512
47
419
639
492
462
750
390
234
789
82
828
557
658
430
58
48
534
253
354
12
633
730
374
206
309
59
466
575
86
515
500
456
488
172
365
323
183
572
748
430
419
467
505
657
477
538
174
766
827
59
747
314
419
8
580
450
564
735
531
740
248
65
282
164
466
786
570
352
59
817
262
467
351
704
64
244
585
556
462
766
496
754
804
211
8
545
780
344
302
570
816
469
252
263
569
547
479
457
330
471
47
212
604
664
453
153
637
549
283
175
52
467
187
157
622
654
473
777
394
458
736
510
162
603
351
595
94
214
679
242
640
682
25
736
414
209
687
824
317
530
399
424
249
39
413
636
72
512
239
47
373
344
566
492
186
556
538
538
474
517
794
447
539
631
183
36
56
372
447
54
309
406
358
543
1
401
318
536
498
286
488
28
685
472
300
119
348
819
677
159
315
413
266
528
574
158
653
260
364
207
650
779
800
334
745
779
617
506
273
421
772
99
721
80
45
256
169
144
77
610
283
702
260
479
210
183
656
342
553
64
379
665
531
473
258
353
194
796
204
101
788
453
233
279
45
674
291
578
3
672
188
407
57
145
110
138
723
642
232
756
762
405
529
111
521
577
80
448
830
30
461
174
77
117
132
797
236
30
787
230
643
440
717
693
451
181
775
789
639
721
274
648
593
123
741
597
559
400
189
73
368
475
713
804
450
352
553
49
418
776
224
112
387
547
71
741
727
14
689
129
374
737
743
325
482
24
370
703
193
47
469
201
646
754
130
321
101
693
489
532
304
341
250
62
614
514
661
534
350
731
70
313
727
81
233
425
384
44
433
828
66
407
205
8
53
799
706
649
819
702
87
213
524
76
312
239
515
466
270
751
24
654
633
491
381
616
446
670
157
188
50
771
252
605
7
164
717
410
241
783
674
108
191
705
480
218
737
488
476
225
637
508
45
85
190
815
353
745
532
253
321
444
536
443
40
637
354
596
529
317
317
411
547
377
732
500
161
62
62
654
131
2
763
720
401
440
681
168
188
84
797
408
656
179
633
773
629
24
160
279
127
428
775
21
553
713
173
147
312
512
829
150
356
416
43
698
320
37
799
523
532
499
701
330
375
323
231
313
418
269
722
508
823
549
141
103
244
230
197
631
431
627
774
77
623
802
614
97
601
19
494
494
59
674
534
43
233
150
83
550
772
501
256
718
406
813
149
341
6
427
158
775
170
368
211
316
825
16
61
475
689
10
534
30
243
560
345
715
629
483
517
580
114
804
100
673
630
160
729
226
329
361
714
572
201
156
176
614
118
423
121
531
560
79
33
285
604
140
56
622
484
261
98
384
263
818
328
451
260
779
545
149
829
330
635
689
187
501
94
603
199
585
603
646
139
29
97
82
269
578
185
599
772
367
118
9
708
331
656
343
548
697
280
252
154
159
301
426
166
792
65
672
65
56
165
363
434
386
707
509
510
428
318
745
585
86
394
244
667
465
71
349
392
265
141
728
567
537
798
173
261
83
437
220
192
329
713
255
248
188
509
45
15
237
220
493
357
684
700
52
516
579
23
192
183
529
40
85
18
12
84
62
135
743
236
346
201
179
217
8
346
17
522
306
98
409
620
245
488
444
628
232
55
426
267
66
222
415
808
376
737
599
169
95
619
205
549
772
325
681
50
742
81
15
326
354
673
449
830
399
311
491
41
615
142
546
245
111
817
523
207
479
69
378
62
574
79
110
33
110
325
607
342
118
640
818
682
621
478
600
777
578
698
276
418
693
116
660
35
814
656
118
145
496
435
328
573
315
5
683
324
315
393
458
217
635
369
729
619
23
733
149
735
252
98
160
291
555
319
385
150
830
157
220
316
103
787
166
5
87
577
731
127
426
237
259
283
682
282
254
297
258
500
230
438
594
369
714
421
314
469
3
528
252
251
261
375
102
332
814
419
248
726
790
68
729
334
777
58
624
392
209
572
567
528
512
199
365
785
227
220
15
164
270
698
649
782
298
399
509
172
353
745
515
101
579
10
90
117
426
575
584
166
31
502
172
182
792
678
729
12
688
313
210
723
101
736
527
750
567
311
370
810
258
150
90
181
594
206
311
542
10
800
667
288
439
322
556
454
40
478
768
132
257
377
164
225
693
545
384
526
630
731
266
224
426
276
442
134
697
807
461
248
435
29
384
249
292
706
500
738
300
160
588
607
143
600
289
594
414
781
452
342
286
795
585
306
14
457
666
711
252
756
391
245
329
179
408
381
498
560
211
608
424
640
114
807
740
146
120
147
739
141
741
649
414
728
309
532
818
560
538
578
680
446
71
698
629
502
551
263
674
744
284
344
534
270
367
134
808
768
650
44
284
687
480
594
743
241
442
146
199
345
551
268
654
256
213
654
702
316
690
373
706
433
420
540
251
304
559
251
311
418
482
765
644
481
630
756
205
393
4
150
301
31
319
649
739
288
19
783
456
550
182
748
159
476
463
36
224
329
89
708
142
198
172
669
68
124
679
29
786
608
531
726
755
538
801
427
227
725
276
373
438
620
767
55
228
623
330
173
768
330
326
422
518
525
281
69
54
355
706
447
760
638
397
412
600
271
392
258
790
240
77
206
579
243
415
462
207
446
774
310
641
197
300
74
519
782
139
787
548
207
177
669
607
803
688
84
155
135
118
559
250
774
167
96
443
644
797
722
155
628
770
550
570
263
151
416
632
796
439
35
94
263
643
319
117
521
749
28
219
711
621
164
134
424
193
131
187
56
504
247
262
410
754
635
406
762
512
134
265
515
63
335
400
281
787
795
717
284
147
752
790
40
213
391
170
811
249
816
12
656
772
773
755
725
547
534
290
129
515
648
175
14
428
452
658
219
402
706
651
713
442
404
363
595
231
772
56
18
72
369
735
519
162
758
414
768
370
232
786
439
529
127
272
300
770
756
433
679
585
644
323
503
371
706
693
310
107
338
387
724
140
86
201
557
786
499
769
61
139
435
214
354
365
805
734
422
724
688
34
766
120
384
18
448
340
695
673
244
14
231
584
92
631
483
312
412
661
723
312
698
491
320
677
768
27
1
220
489
325
42
448
189
186
745
112
767
438
53
83
135
497
31
83
784
512
442
514
675
113
584
16
15
55
791
330
418
756
384
658
791
13
174
641
555
573
323
384
235
714
219
106
570
52
409
714
577
216
60
526
61
280
209
486
533
770
106
752
628
796
357
320
595
54
112
734
232
716
788
199
658
441
514
594
461
297
237
454
241
103
828
75
461
61
259
801
518
337
104
79
704
786
556
211
790
416
469
174
326
410
527
1
184
294
562
261
626
607
431
135
296
184
464
790
465
192
826
524
124
142
30
406
297
821
3
128
189
701
815
506
499
234
96
665
779
589
531
726
806
213
39
242
65
172
255
281
730
47
552
686
261
140
345
176
681
179
249
622
64
813
273
88
631
707
134
551
604
769
511
715
490
711
488
423
326
698
234
448
117
820
694
81
625
522
726
649
366
17
534
824
398
37
455
117
745
504
753
812
105
541
537
378
484
401
288
735
609
628
242
793
391
672
619
13
413
600
152
41
661
60
815
425
494
379
821
138
500
301
710
329
767
502
136
678
316
78
824
576
244
193
271
699
574
293
707
227
166
597
622
466
268
720
786
509
642
417
237
792
81
400
671
638
140
656
534
474
338
406
581
227
364
154
746
167
229
530
616
212
657
131
803
182
785
187
148
478
523
333
440
827
406
181
168
45
786
601
471
631
148
823
572
275
18
618
411
261
395
438
158
706
798
801
524
393
810
576
620
115
455
8
184
340
713
37
504
266
750
302
811
208
323
133
496
342
223
303
796
509
397
373
605
245
210
287
474
35
260
665
161
394
448
664
748
457
742
6
478
259
724
60
597
162
383
464
220
500
266
708
33
780
374
101
594
262
186
48
348
526
768
816
759
517
605
225
313
440
692
716
353
172
119
115
221
714
791
461
552
551
590
243
450
622
218
162
511
559
137
579
572
287
27
425
596
688
260
288
301
389
351
702
408
687
298
258
189
523
448
786
534
461
41
22
399
30
487
502
340
25
433
290
403
41
696
23
256
684
720
302
542
799
15
92
502
326
132
188
326
101
93
564
463
447
551
658
673
63
17
12
124
45
8
327
496
285
500
323
369
415
540
510
288
747
362
738
290
745
238
319
169
51
673
737
302
310
43
346
365
306
692
757
113
395
387
328
100
657
652
580
227
439
548
367
37
328
586
167
160
614
71
194
488
209
38
686
117
747
332
276
383
781
393
300
707
566
235
496
28
51
589
761
197
486
586
780
191
687
548
325
757
77
715
578
139
460
296
439
582
643
403
183
654
491
581
350
688
160
670
426
187
339
153
649
447
488
413
488
711
803
661
723
598
63
751
575
65
689
206
744
206
219
332
772
289
526
417
484
86
685
661
589
559
292
423
57
803
266
21
170
37
122
593
704
196
250
302
439
327
101
603
637
490
466
716
325
209
159
799
454
475
211
439
496
717
190
569
566
207
387
616
583
307
426
113
445
273
681
129
606
217
575
2
43
381
55
28
703
721
361
605
282
733
282
64
319
205
821
441
651
77
377
535
65
112
499
360
188
15
723
782
417
705
623
512
777
693
613
820
184
492
83
207
49
705
414
516
566
10
416
39
121
609
587
526
508
467
339
269
184
47
577
308
762
6
134
394
820
480
341
509
477
686
733
198
177
569
155
170
813
73
665
641
537
746
99
496
362
802
196
697
194
248
604
117
259
403
36
347
641
288
615
315
201
236
824
358
24
399
25
54
813
139
812
513
496
125
672
101
449
19
129
393
550
386
234
284
493
199
138
235
712
443
667
387
37
198
362
310
13
343
627
618
553
634
488
131
770
432
81
187
68
678
75
379
424
764
323
470
242
743
768
134
196
545
119
761
434
269
402
207
558
314
367
710
714
662
71
522
95
43
100
140
492
821
127
53
138
828
578
407
592
212
125
359
748
78
521
663
461
453
144
792
347
780
443
187
659
649
189
779
361
754
828
235
545
762
582
601
318
784
651
117
615
184
790
36
30
750
516
656
362
320
263
293
447
341
775
499
26
153
51
659
826
146
662
185
724
420
173
83
421
215
190
359
769
390
671
88
552
196
707
821
150
561
267
37
768
403
172
242
360
173
414
251
229
817
752
274
369
751
344
145
482
165
352
209
207
814
212
208
759
144
508
594
797
159
275
566
487
61
33
297
89
418
609
54
726
658
515
776
131
772
68
298
42
37
12
339
776
823
482
743
771
555
229
756
412
562
647
91
27
610
751
802
593
146
720
252
803
106
528
150
306
722
103
496
262
214
7
461
187
512
253
95
822
461
674
61
471
746
510
689
714
830
359
19
79
476
198
527
419
60
312
194
360
238
439
152
24
584
274
547
284
619
11
690
801
212
344
811
209
320
520
566
311
553
359
244
227
722
677
297
124
119
557
53
468
267
22
614
150
786
225
529
139
736
288
73
452
619
453
441
549
365
666
525
16
672
829
210
811
247
47
108
554
310
216
429
104
218
392
350
283
283
762
693
760
380
488
309
159
619
29
634
610
264
160
781
580
586
270
453
37
709
517
561
320
502
35
127
504
486
161
428
547
799
458
704
245
320
127
669
653
84
606
218
447
386
171
741
468
333
657
31
16
595
730
512
98
422
526
723
733
151
335
799
508
651
556
448
244
359
618
152
656
165
699
737
13
271
332
507
724
329
633
757
237
307
719
546
71
548
545
763
61
138
803
558
165
376
724
156
106
191
20
273
292
441
377
533
816
528
466
325
129
245
92
137
580
696
216
152
133
583
647
8
247
441
410
483
484
655
472
146
206
199
647
654
657
756
762
131
145
770
628
350
604
735
337
365
617
143
734
350
625
581
270
228
223
93
83
492
795
409
107
18
31
532
413
391
153
826
296
248
336
809
471
593
652
535
101
406
497
719
159
205
382
564
795
548
595
592
220
24
276
167
777
193
537
224
204
800
715
715
723
507
297
607
789
240
246
147
192
494
59
375
554
266
224
737
30
563
129
188
784
48
26
91
4
107
724
593
152
11
104
383
572
572
386
321
706
1
649
131
163
427
434
189
679
580
124
3
160
174
242
649
731
429
264
135
555
769
338
57
468
111
277
667
172
541
559
263
441
608
625
149
9
28
793
488
199
540
215
357
792
553
720
819
445
500
639
361
425
266
566
467
210
761
285
230
204
65
500
387
540
778
815
682
22
435
130
684
775
46
557
401
178
31
441
424
330
612
569
93
94
128
786
157
47
144
740
215
597
663
43
810
676
543
543
349
159
630
281
683
37
238
451
175
431
321
317
294
542
691
734
561
711
744
690
62
663
202
758
341
94
118
754
392
656
482
174
313
402
607
389
527
388
440
563
293
367
748
568
757
792
200
628
500
215
610
702
583
254
30
531
604
803
629
416
335
321
352
290
2
809
720
644
306
429
802
364
820
594
830
525
178
510
788
808
453
128
802
447
427
403
688
481
543
194
17
92
204
426
132
730
450
9
37
630
26
118
674
47
670
753
436
607
5
63
199
722
232
79
743
572
645
291
121
82
19
229
793
292
393
24
790
431
596
477
618
378
724
568
27
431
198
452
360
441
446
694
249
531
742
779
98
254
538
292
122
572
677
550
109
456
597
577
197
706
336
327
139
577
402
777
741
266
451
135
487
91
674
731
44
777
683
504
820
664
603
170
99
289
70
530
226
647
34
313
453
459
253
140
106
445
583
668
478
790
699
353
382
172
21
305
31
201
111
771
147
690
452
146
183
249
618
551
153
113
567
597
272
587
706
830
470
44
389
2
653
259
400
605
786
32
401
348
508
15
81
475
830
403
345
23
330
396
313
252
196
643
484
730
31
124
253
406
790
206
797
697
471
464
365
255
42
473
182
7
202
152
343
458
618
98
296
8
654
37
661
550
68
244
588
386
150
392
3
804
163
523
771
309
452
199
41
649
328
577
297
700
436
709
169
628
64
621
566
207
489
135
597
755
282
274
691
102
83
441
656
61
26
127
387
768
96
431
302
619
243
512
434
191
309
769
25
251
10
678
207
266
800
759
367
37
585
706
472
80
126
677
366
111
5
228
756
103
52
607
206
559
640
190
509
352
639
648
74
640
455
281
333
159
294
255
724
804
449
372
676
711
348
812
269
129
66
165
826
403
157
664
437
378
680
604
108
224
319
155
822
689
701
586
185
142
616
448
735
350
624
88
821
715
468
469
30
5
387
734
798
216
161
795
706
63
760
40
97
147
237
25
480
634
304
715
507
26
284
582
420
234
351
415
270
349
147
784
226
685
23
713
233
532
501
720
481
61
463
720
491
610
279
307
557
546
609
473
527
131
89
820
512
659
256
250
398
715
582
297
764
564
799
316
556
110
374
701
654
772
705
548
251
821
274
446
211
263
53
121
483
389
420
502
365
802
679
278
763
628
161
132
175
189
373
289
599
438
315
798
670
319
210
339
720
64
498
652
808
607
31
335
819
710
755
166
659
241
49
821
290
239
637
468
622
273
107
46
397
682
498
87
510
427
481
395
572
756
686
728
39
551
666
118
439
539
281
431
209
737
352
620
697
688
9
604
736
283
825
192
508
339
373
415
825
451
27
191
752
768
349
629
187
788
773
585
251
467
528
651
268
245
250
785
562
68
672
500
220
152
787
397
144
64
188
61
799
818
27
690
578
10
427
310
741
22
614
444
296
561
51
303
123
361
299
238
227
436
564
290
474
747
50
592
502
164
427
517
402
46
396
696
321
586
588
297
493
700
100
28
640
244
376
292
555
464
713
305
705
235
443
346
222
258
283
569
411
755
793
396
340
728
420
1
119
584
388
797
234
19
627
564
247
479
569
394
61
796
528
205
81
161
190
578
638
691
773
193
264
577
792
237
260
502
418
193
4
491
442
518
209
734
109
73
330
317
707
592
136
433
250
18
700
282
5
3
398
113
588
80
503
561
263
792
564
445
445
758
276
133
813
717
657
574
828
753
102
564
537
234
48
397
168
748
552
10
75
657
75
721
201
684
277
60
604
734
48
413
274
614
108
738
754
368
651
652
203
819
578
612
49
575
301
168
785
595
237
415
331
65
85
198
113
203
91
31
244
500
661
325
553
249
364
231
597
552
67
7
270
93
423
436
584
352
63
409
555
575
736
429
273
143
77
268
68
25
93
335
752
184
818
457
231
705
651
480
29
99
86
814
234
135
464
228
369
760
121
112
740
555
830
435
343
184
528
40
759
7
275
715
39
768
412
30
578
347
471
8
439
8
275
297
544
53
196
707
11
816
627
606
645
237
161
463
398
312
654
304
507
199
107
270
7
8
790
768
669
578
725
776
696
795
236
10
9
41
346
218
249
797
515
211
560
35
238
743
723
396
220
801
404
747
375
166
20
678
751
821
612
748
748
697
30
372
636
779
704
732
128
180
581
122
322
707
773
18
577
195
437
438
747
70
78
492
664
670
11
129
800
76
672
363
458
49
640
367
183
89
634
296
359
352
65
153
217
319
600
438
636
646
383
395
385
422
820
614
627
768
37
231
701
336
772
786
132
652
669
109
124
649
500
23
44
640
267
179
234
706
807
133
685
122
775
664
242
36
179
654
747
538
269
758
451
542
160
705
670
65
655
450
119
55
661
428
773
694
700
342
5
510
685
378
70
300
105
147
667
600
105
7
206
383
406
277
471
490
618
163
407
731
122
539
5
171
282
510
193
173
823
612
22
18
132
205
63
710
274
587
360
401
336
10
423
740
684
669
602
550
657
167
301
819
182
675
641
18
111
131
332
559
741
258
181
212
282
318
693
518
601
405
557
710
795
765
780
620
160
375
82
600
213
123
664
321
544
476
66
274
550
419
756
18
119
668
815
394
470
472
101
188
586
473
435
250
550
51
427
687
445
133
730
438
261
705
38
710
799
326
128
125
402
287
299
569
700
415
138
513
350
730
730
356
576
636
356
575
709
606
765
652
238
283
394
570
479
14
173
499
606
370
480
726
79
824
101
156
207
807
767
204
486
69
271
627
261
534
124
684
350
780
28
547
645
660
293
338
196
393
161
468
596
452
64
553
601
366
750
337
70
459
128
75
295
204
820
824
137
121
609
744
381
673
282
751
307
177
432
342
291
80
759
671
197
140
344
587
825
685
383
526
525
98
167
342
2
620
568
325
442
248
111
324
400
220
335
711
381
729
480
742
465
463
289
550
87
165
127
497
18
590
369
78
100
349
462
73
489
133
350
18
500
543
558
641
181
656
544
567
337
481
573
190
60
790
628
574
267
595
269
656
544
355
521
15
396
244
280
123
256
325
101
756
258
281
315
108
159
736
511
233
305
282
324
568
620
547
77
682
591
72
680
152
281
504
628
657
42
393
313
296
729
653
8
282
518
256
491
373
458
754
311
531
403
335
458
495
340
182
131
277
437
111
801
78
236
426
522
702
630
671
623
482
735
79
271
316
763
24
10
262
717
821
663
446
597
796
600
458
330
683
424
364
5
18
780
477
161
417
85
793
376
665
752
176
250
476
432
50
470
85
302
301
409
406
468
483
467
29
135
768
550
255
82
201
547
752
207
228
86
64
634
601
410
178
139
223
98
691
596
796
676
690
275
267
41
26
559
166
489
159
630
12
829
455
605
194
20
288
162
625
797
720
705
812
230
256
62
768
380
15
570
732
232
196
7
277
548
486
286
138
254
172
152
47
815
22
621
568
611
2
679
111
87
523
625
250
666
810
291
813
333
56
441
823
36
85
434
195
828
319
509
164
170
785
241
103
348
52
387
140
608
7
159
647
378
395
568
44
650
627
179
639
210
442
221
251
375
558
735
322
55
153
757
144
3
158
113
791
433
638
359
768
182
540
180
764
547
391
277
164
216
153
513
139
722
166
5
262
376
712
139
273
413
83
404
618
269
621
61
672
97
21
147
410
555
193
193
149
546
628
407
574
172
110
242
172
572
91
510
530
460
699
581
77
423
475
226
31
638
51
697
537
628
226
376
442
830
204
443
204
241
320
567
725
595
125
328
582
192
594
159
797
368
173
330
479
446
110
378
376
286
394
646
664
707
227
544
483
592
449
473
273
393
330
273
166
146
411
464
198
460
124
66
600
616
670
93
554
390
594
607
382
22
810
502
217
571
221
218
143
383
816
29
182
728
446
275
769
776
383
827
293
38
225
529
683
355
46
353
511
428
309
399
377
308
404
62
532
573
203
735
95
25
573
142
709
270
680
787
578
271
396
133
534
171
723
572
130
654
653
825
75
715
47
471
737
309
416
560
141
817
791
50
51
258
161
232
270
158
494
254
9
528
377
776
330
279
313
270
372
61
508
765
528
29
502
719
311
494
377
157
684
234
797
152
312
166
156
480
789
277
533
742
185
226
819
458
180
351
406
133
668
330
239
58
69
218
379
213
829
202
262
199
385
678
176
550
769
226
668
190
288
562
628
391
407
801
208
721
369
263
133
118
315
641
491
818
660
38
324
660
814
819
505
327
699
492
437
539
783
511
678
461
38
378
249
773
825
715
131
74
411
673
381
289
481
68
687
116
190
57
331
191
371
166
206
46
496
444
820
794
231
752
410
397
480
434
292
142
347
321
127
539
273
299
734
150
82
248
722
145
28
549
407
712
14
545
799
295
466
92
369
337
138
291
196
748
661
637
556
687
775
129
459
114
173
198
161
544
813
827
821
175
10
89
21
698
548
150
230
631
574
486
574
150
250
779
709
353
399
768
533
159
152
560
592
378
320
140
602
379
600
297
72
254
799
523
508
35
648
381
45
454
828
824
126
500
482
801
482
481
409
687
459
830
806
108
266
802
81
645
229
168
742
275
28
282
438
235
453
66
358
375
665
561
386
200
460
420
431
441
807
484
30
611
502
439
80
558
388
380
829
494
761
155
112
269
234
294
379
19
50
19
611
571
341
717
397
363
253
608
372
25
17
281
580
268
738
782
544
158
35
689
701
647
15
13
37
478
277
476
637
159
547
226
549
200
413
12
220
730
801
24
732
229
111
304
570
737
748
379
287
122
316
625
623
402
541
739
34
739
344
426
584
396
223
572
155
45
815
35
163
164
540
402
718
573
377
824
364
649
640
334
600
130
191
39
161
154
279
209
543
369
717
234
502
297
257
709
503
110
726
719
692
215
190
266
156
229
409
730
712
9
67
742
443
270
90
508
321
493
32
338
704
256
580
121
819
651
387
143
136
697
430
647
43
249
622
538
680
781
280
204
356
338
671
157
602
528
640
523
304
102
420
319
780
401
97
80
634
701
329
687
425
735
108
681
426
364
450
170
502
80
813
30
25
774
789
504
825
116
312
601
138
363
238
252
811
265
361
219
7
81
592
333
42
107
468
618
423
518
408
628
755
234
279
204
477
513
744
138
64
555
820
275
395
341
196
96
523
626
637
207
209
245
611
565
160
485
9
806
406
482
378
228
484
365
80
809
374
253
713
484
298
353
262
7
561
324
322
46
102
548
399
435
266
730
66
204
425
336
482
609
757
572
573
698
121
187
729
642
177
2
373
351
445
271
565
521
51
276
540
464
168
798
704
398
567
206
694
361
664
319
271
644
294
187
184
542
163
344
342
326
9
372
495
425
455
226
250
218
72
604
227
509
245
43
586
285
422
760
641
371
754
798
365
478
408
592
515
743
592
448
137
513
60
126
701
121
282
575
805
165
677
707
363
828
55
554
560
362
263
223
103
65
168
678
195
586
642
757
152
286
217
810
730
62
371
153
441
458
392
434
34
44
269
411
586
186
172
244
381
131
664
141
773
35
84
544
267
188
51
133
283
93
173
630
272
361
642
364
520
601
811
96
552
60
144
232
77
75
426
729
603
665
234
304
564
632
800
483
16
729
228
429
176
330
263
270
725
276
133
422
783
559
710
228
441
283
807
192
570
133
12
290
724
164
522
243
467
540
592
221
253
285
423
138
20
364
23
708
761
784
87
297
395
475
624
24
289
436
186
376
25
438
39
222
556
488
798
518
274
189
575
626
461
230
18
545
747
80
462
112
159
826
494
444
309
414
368
457
27
693
825
146
761
345
594
146
785
346
646
755
472
34
507
760
595
190
584
447
651
375
537
789
3
193
107
660
26
670
403
777
100
307
123
176
720
546
116
600
251
656
53
149
445
91
627
363
355
82
777
683
788
413
306
522
275
745
196
806
305
218
519
680
776
328
572
646
192
553
690
58
563
571
614
385
284
804
197
238
399
786
673
337
107
556
697
353
768
565
334
275
720
539
352
241
170
123
310
182
734
682
516
526
757
368
452
567
536
23
273
104
355
81
118
116
693
173
574
699
90
170
292
112
551
730
323
77
766
481
705
824
177
586
633
742
712
241
484
112
124
357
275
807
421
628
590
449
354
500
459
821
687
199
177
714
276
64
686
540
769
315
357
287
659
447
119
17
536
11
465
466
189
715
39
78
432
272
193
43
766
36
494
121
577
803
470
108
801
552
16
293
323
116
357
541
327
413
447
390
583
322
781
706
369
333
464
354
512
281
510
266
546
176
416
272
438
160
730
567
80
659
730
467
369
532
545
828
153
45
760
554
190
375
827
690
158
437
413
171
215
649
247
605
233
549
551
548
397
63
447
366
42
492
616
234
700
19
464
446
337
721
642
596
825
775
695
247
751
825
23
152
86
801
580
48
470
106
559
361
153
229
498
827
663
795
399
599
388
202
548
717
760
483
430
579
97
235
346
181
511
429
410
226
113
541
612
230
745
163
89
673
389
214
490
315
321
138
805
772
461
305
354
236
497
106
277
134
116
139
655
187
690
606
209
2
560
398
677
780
251
136
385
501
39
803
513
269
34
281
96
544
316
215
499
641
552
371
254
370
708
719
747
796
756
581
175
709
803
109
767
92
187
679
587
249
544
431
373
615
329
97
694
373
805
183
458
336
721
785
565
334
158
643
770
399
720
481
273
653
532
541
385
586
101
202
411
352
702
560
289
711
474
189
609
126
77
186
67
647
145
537
339
471
320
816
736
160
781
324
154
303
18
584
41
818
402
808
766
45
732
546
127
768
727
44
732
366
616
614
124
90
754
256
814
373
234
713
538
339
64
461
687
801
335
360
560
743
117
827
25
692
170
321
524
425
683
145
727
20
241
480
711
703
249
192
10
119
67
221
554
670
257
106
636
373
551
724
363
279
427
564
151
187
52
390
453
435
599
577
410
683
159
458
572
524
160
691
460
523
151
177
399
477
81
252
742
496
163
772
251
455
605
229
453
38
816
104
380
274
285
682
465
123
373
299
597
341
162
707
216
802
229
185
683
565
686
702
305
37
595
475
484
174
571
523
741
67
741
102
442
498
480
633
188
432
166
518
334
824
347
163
648
794
80
680
159
711
90
53
450
726
673
255
345
721
117
778
175
94
515
581
145
269
296
309
827
85
236
202
238
604
804
572
481
175
150
448
748
215
308
170
124
390
375
756
508
115
772
287
513
685
783
344
519
460
199
779
220
511
131
539
311
294
538
588
771
491
37
165
392
492
229
121
351
673
378
108
693
608
807
545
464
214
540
106
45
25
635
456
394
136
427
427
676
545
154
383
107
121
628
392
783
138
830
235
454
408
827
204
671
202
579
656
562
694
661
170
828
628
830
292
720
16
340
314
634
714
38
665
679
485
31
403
787
821
627
218
85
670
767
103
136
383
559
685
26
631
318
30
32
436
704
10
264
136
358
512
614
103
101
126
128
296
538
774
372
181
311
116
464
506
650
174
705
625
614
539
254
678
631
829
577
786
169
344
284
627
775
221
79
105
374
757
171
618
521
338
220
680
90
353
153
513
431
547
3
762
47
25
706
172
617
239
555
638
97
165
318
44
519
810
131
598
498
601
504
79
162
367
564
29
445
111
182
42
774
136
331
714
271
734
117
643
716
738
784
53
771
105
318
219
425
422
9
641
110
187
723
276
96
817
660
203
774
309
189
387
195
306
122
537
344
88
1
818
503
172
294
829
60
292
61
51
509
734
233
585
26
491
604
670
149
773
30
797
92
99
397
388
725
677
691
45
373
581
484
343
808
757
538
257
382
175
278
703
137
612
49
717
197
58
64
676
672
669
176
740
291
414
282
221
352
323
809
748
366
50
360
185
172
714
415
21
630
258
804
237
204
328
61
510
119
352
613
774
481
78
343
17
134
814
368
556
609
706
736
380
279
162
461
226
670
624
213
577
690
794
819
135
698
721
357
118
357
29
582
773
284
463
41
475
524
649
343
295
105
713
703
411
590
790
9
167
390
722
728
440
616
610
217
87
320
76
287
435
484
151
106
360
135
204
734
129
195
423
359
270
501
256
465
114
799
340
148
680
32
242
312
288
453
167
639
337
202
202
727
553
123
701
2
394
821
775
286
302
382
292
786
416
86
194
609
353
164
731
793
648
542
560
400
65
428
149
90
198
696
215
455
38
180
436
623
306
727
723
84
263
75
218
658
684
737
653
634
705
807
307
561
176
329
766
712
654
408
279
351
323
772
540
320
701
705
174
225
585
121
557
602
110
214
60
794
232
18
22
430
482
149
502
801
174
68
335
140
310
643
56
730
547
416
484
563
75
78
537
200
351
512
218
368
475
382
109
406
644
45
699
577
184
703
49
657
575
571
320
224
537
769
399
53
163
340
205
517
36
327
444
830
253
385
252
360
442
283
302
718
677
646
795
269
15
456
199
490
388
37
98
168
669
192
345
325
404
186
199
92
266
594
23
161
252
64
232
265
183
262
145
259
725
94
800
378
406
143
221
343
369
60
763
175
290
798
391
665
804
293
184
397
631
551
634
559
529
354
157
136
218
797
489
177
713
410
613
242
604
581
175
809
307
15
729
484
593
264
475
728
798
402
161
652
95
429
544
436
790
491
518
259
345
496
803
448
216
555
289
311
48
52
8
73
479
63
639
709
371
702
479
369
589
727
292
803
131
399
658
94
682
110
773
748
664
607
488
274
50
221
705
766
663
477
726
114
551
288
191
756
591
655
381
217
636
750
733
275
788
816
47
805
365
566
70
216
4
295
379
447
303
638
746
737
101
277
195
201
445
49
632
265
86
769
527
495
58
217
421
60
552
761
504
160
408
367
760
370
801
767
636
757
612
321
823
571
167
718
206
74
228
310
166
181
497
73
779
461
348
706
706
775
256
755
494
40
103
768
316
706
527
50
249
468
117
252
227
442
527
8
205
13
699
609
246
823
127
118
232
466
206
446
415
310
573
366
239
647
321
396
617
339
32
673
278
707
91
669
149
391
700
515
129
347
783
590
381
328
84
559
499
366
336
95
784
605
122
180
430
496
780
635
659
464
410
782
281
627
758
763
165
674
243
218
672
360
560
252
679
755
282
45
791
79
90
295
747
360
458
593
590
206
630
803
179
806
173
761
97
8
85
720
421
537
48
232
445
803
614
602
428
561
441
111
564
636
73
222
556
470
654
7
258
424
568
392
516
317
599
761
56
440
244
496
760
155
485
110
29
153
571
798
364
352
108
349
752
245
635
627
225
390
477
564
622
684
25
474
810
422
651
767
239
658
141
99
767
183
33
194
669
71
410
820
707
487
409
420
803
472
451
532
731
504
591
660
678
290
73
161
472
297
245
374
436
324
614
197
494
375
414
734
682
500
177
227
249
369
603
256
700
248
589
411
796
336
820
96
787
645
505
436
587
508
526
334
268
240
496
185
755
499
235
599
244
464
524
749
532
734
118
582
604
698
560
685
12
821
261
712
534
786
313
412
404
344
252
579
143
421
526
338
297
170
341
586
741
525
9
721
60
299
371
286
505
37
387
376
352
602
786
268
764
694
480
98
140
236
151
206
94
559
429
282
631
829
279
741
607
430
499
477
425
181
2
186
413
350
615
810
143
571
635
100
568
602
736
792
671
723
663
352
526
747
217
107
414
561
799
264
396
720
464
289
28
679
620
277
208
458
384
600
45
97
738
326
326
4
331
679
291
517
201
495
454
459
300
336
35
453
90
301
462
522
807
631
136
718
666
819
519
269
124
352
419
467
375
808
470
791
488
765
159
374
728
754
128
201
766
136
413
320
177
287
514
340
363
706
221
11
136
196
596
329
502
210
574
709
766
355
615
447
707
116
39
807
158
242
603
16
387
812
777
10
286
776
12
470
575
89
510
9
162
732
253
290
724
754
316
385
113
613
326
523
242
219
657
236
563
619
318
262
645
260
772
555
37
3
62
512
445
221
309
669
108
175
756
510
124
458
585
205
444
46
381
593
93
12
421
240
720
169
404
324
814
135
440
298
574
566
124
830
330
800
690
420
818
32
26
764
683
412
634
792
331
682
593
205
589
34
32
337
65
801
722
328
531
577
421
251
480
594
28
633
261
651
12
209
352
140
779
179
428
327
211
161
171
210
411
80
752
22
767
692
309
611
78
545
593
410
294
466
494
778
250
618
816
108
398
291
634
178
338
716
758
183
601
747
522
539
86
357
507
685
618
400
659
239
119
352
751
308
419
688
440
274
665
94
102
671
654
366
818
220
276
629
626
358
788
131
353
582
559
533
559
814
405
316
598
643
666
309
451
785
179
610
810
279
732
245
723
238
360
394
620
245
170
497
65
355
446
149
697
584
389
589
699
474
557
347
192
349
674
91
669
184
245
425
77
554
168
53
161
687
34
357
208
602
586
299
311
823
213
285
4
125
616
767
193
161
140
182
208
230
270
780
237
478
596
112
574
611
252
188
764
68
824
113
254
496
13
174
789
255
596
415
192
535
623
605
155
734
538
246
253
769
467
555
10
754
171
322
393
568
614
337
469
22
51
505
453
348
646
495
556
28
273
799
235
342
171
323
238
371
753
416
262
13
547
543
755
191
740
671
517
101
476
433
713
732
222
130
794
426
448
455
709
224
44
31
321
790
663
137
193
335
794
605
356
704
579
502
62
409
565
313
680
445
430
199
340
673
559
417
460
76
56
555
381
300
35
288
195
426
217
687
708
326
517
126
583
189
479
757
641
286
536
209
743
593
193
653
354
121
222
534
201
752
173
43
368
132
582
693
610
328
29
440
532
609
380
85
267
144
684
719
114
201
239
723
67
637
260
646
8
621
449
262
71
444
243
363
417
50
90
360
722
108
629
482
758
358
133
134
720
344
14
803
441
19
509
464
79
436
605
201
616
185
93
706
813
734
752
60
426
732
246
167
310
198
750
411
308
668
503
627
342
343
89
674
323
442
5
231
370
746
723
669
791
448
362
373
521
821
504
794
511
667
701
717
624
397
53
99
434
454
351
619
582
352
647
431
432
109
559
73
442
215
318
527
653
517
145
109
346
632
510
294
419
174
745
826
8
719
189
386
740
746
324
93
626
174
568
30
279
634
251
252
231
568
652
714
318
316
553
592
745
353
620
333
725
505
732
758
312
354
418
293
169
294
719
414
115
692
279
9
325
284
766
721
328
556
757
109
297
758
152
348
413
503
87
490
267
372
582
50
627
209
266
529
678
777
483
617
79
612
18
133
636
252
285
334
669
676
41
496
825
164
552
458
784
480
501
763
132
335
132
511
185
556
786
339
561
323
772
417
174
334
402
533
375
660
489
531
91
710
595
247
394
285
552
71
493
498
321
351
195
20
663
14
585
490
346
145
749
422
777
311
742
754
336
291
347
799
512
527
324
378
377
264
72
34
450
789
767
610
154
388
368
119
19
486
216
466
436
369
11
433
256
329
472
513
597
573
143
519
374
126
64
260
36
265
195
289
138
100
753
356
139
275
347
175
186
181
99
268
12
454
244
531
379
160
468
731
296
745
174
556
405
794
615
794
114
737
371
821
200
756
504
264
414
716
220
412
360
794
532
7
700
266
582
536
351
696
699
151
699
528
147
789
236
760
535
696
48
298
227
277
275
628
141
130
477
483
710
230
659
330
411
779
266
605
387
212
761
397
649
42
445
510
533
94
155
31
468
396
71
394
540
46
653
529
711
493
793
650
829
7
498
318
229
243
521
222
329
21
830
744
770
787
380
384
48
216
628
539
726
96
332
801
585
573
745
763
232
162
538
689
653
315
502
117
376
593
592
265
99
657
643
228
759
126
162
669
71
400
814
544
717
24
595
480
625
217
163
738
681
525
362
792
41
773
171
597
3
732
645
443
112
194
5
70
123
71
736
803
666
500
97
107
714
681
376
755
35
236
827
129
21
59
467
592
319
828
42
542
5
219
164
71
179
65
382
700
95
334
484
216
441
55
821
439
143
828
484
629
647
782
692
575
179
505
72
397
371
602
658
224
533
607
135
680
499
753
594
477
40
515
147
153
767
418
468
302
251
461
685
127
108
100
679
118
585
138
494
819
555
55
344
654
493
49
394
288
443
746
555
365
514
312
327
615
33
226
16
466
485
211
343
200
364
289
404
119
59
469
640
58
303
14
784
708
466
170
732
43
484
198
216
536
222
194
627
211
527
745
643
116
136
543
589
813
209
817
361
800
376
195
177
820
725
706
277
102
559
632
301
300
384
105
7
312
43
437
731
41
385
476
57
199
762
196
400
68
592
389
132
453
652
21
231
5
476
639
184
428
431
602
281
135
354
317
520
643
617
328
623
53
261
744
799
325
6
257
321
484
442
729
819
723
387
824
88
405
212
91
387
818
754
489
813
537
662
158
822
108
508
556
231
149
137
715
75
540
87
319
553
802
740
336
246
339
181
279
251
697
360
78
590
345
546
763
364
498
363
791
64
382
42
264
588
665
477
323
350
722
257
57
476
798
436
642
223
454
12
549
172
220
196
617
515
528
237
599
740
687
64
550
422
396
79
425
357
515
66
342
692
193
374
618
504
778
200
820
143
668
801
729
523
297
644
263
432
42
309
717
474
434
39
747
156
187
736
260
51
589
650
552
284
413
759
42
498
472
29
381
57
333
157
345
149
261
262
760
427
571
407
153
94
249
465
442
456
481
383
727
19
58
730
230
299
64
556
155
704
516
668
359
679
43
94
607
377
574
77
537
563
777
174
767
82
40
440
208
315
135
601
547
508
66
642
548
261
319
405
605
822
602
398
448
2
409
402
12
475
750
487
748
176
442
672
519
554
151
397
306
386
162
151
273
190
650
787
273
258
700
616
425
185
116
295
614
357
716
772
687
76
316
358
785
731
165
55
572
561
421
254
666
772
174
716
543
315
571
714
685
647
551
557
455
23
260
457
744
821
316
211
141
315
548
600
665
727
182
138
305
513
479
307
382
311
260
446
669
68
25
535
168
825
515
147
246
750
167
663
748
66
291
626
628
674
596
330
364
298
227
349
699
336
77
544
492
594
308
447
24
121
769
763
812
403
471
6
747
432
108
306
490
635
455
791
540
107
486
749
553
790
484
271
774
588
518
723
499
521
435
660
819
9
343
403
828
391
346
830
152
749
352
139
797
662
585
223
133
814
546
305
495
103
637
772
172
36
149
139
179
691
402
359
368
602
129
529
543
410
473
85
510
786
186
166
778
753
458
7
28
772
289
51
335
458
269
391
642
614
337
8
499
410
225
766
475
624
208
826
448
604
792
801
139
578
686
193
172
315
357
189
648
18
332
799
158
710
681
231
740
544
428
487
504
138
734
51
399
804
791
824
759
605
7
136
362
478
767
466
78
440
151
195
464
794
295
173
79
322
815
531
411
646
331
584
824
357
152
312
291
306
181
351
185
627
705
598
813
184
345
406
584
496
377
276
745
434
803
265
502
746
702
64
25
457
109
9
675
323
749
276
719
103
432
681
804
299
590
769
113
67
408
95
313
706
58
167
346
258
627
10
395
397
318
440
754
29
249
772
203
364
664
242
362
538
600
35
282
658
793
759
678
504
343
723
547
802
358
421
178
811
775
99
762
681
328
296
497
669
576
713
287
351
526
392
149
237
206
662
11
293
210
415
713
621
496
395
707
508
608
432
232
453
488
146
661
431
683
117
287
266
806
36
179
241
175
616
128
5
52
767
232
287
723
663
767
356
374
637
744
525
458
280
415
212
89
489
496
415
26
764
332
467
264
22
200
688
48
473
714
194
215
669
106
35
356
99
292
495
354
743
817
121
163
358
557
639
148
539
743
79
775
526
637
413
530
61
756
666
269
76
269
584
425
76
273
161
84
737
736
582
103
151
181
668
461
371
405
751
26
329
78
17
42
288
238
292
609
70
797
801
94
820
769
526
127
203
197
106
478
733
24
729
536
286
472
445
624
39
602
364
292
676
387
97
619
688
203
486
129
317
701
20
127
538
327
784
782
454
766
427
702
340
671
717
378
48
137
155
32
64
723
250
99
578
544
373
226
525
585
757
640
204
281
549
449
137
271
259
661
43
436
438
578
372
176
813
188
10
771
587
612
207
498
415
268
471
748
166
427
570
135
165
542
711
47
283
438
734
588
276
333
66
572
141
629
627
503
275
608
444
666
341
86
198
538
453
610
361
811
656
258
217
163
6
65
684
61
361
519
639
322
380
135
538
745
210
324
621
277
283
804
766
589
474
443
630
464
525
777
769
315
312
589
320
594
534
798
667
44
702
11
5
142
501
130
399
582
426
132
654
205
288
555
77
470
701
519
240
554
387
83
93
583
280
87
527
411
563
428
411
426
664
159
223
301
93
532
796
820
644
412
725
341
185
171
530
238
158
677
424
357
680
591
379
307
214
329
760
595
372
329
263
539
165
134
673
35
19
729
273
449
571
652
545
348
87
94
16
297
738
470
361
665
608
40
404
81
225
125
796
622
108
706
245
160
739
569
141
749
554
438
671
72
71
334
501
39
104
507
606
16
351
515
381
674
404
65
439
726
256
65
578
296
753
338
50
398
549
164
582
259
315
375
31
593
631
505
36
627
543
818
693
505
749
362
472
400
307
6
806
561
713
808
778
68
206
80
439
320
417
269
99
522
618
766
210
2
780
87
330
60
547
355
641
200
24
352
434
669
617
40
5
154
533
35
749
446
126
626
400
476
509
431
726
118
686
358
397
314
86
235
44
84
30
491
24
594
549
430
32
435
789
386
287
471
85
757
327
560
179
581
808
200
653
636
227
760
643
466
288
636
281
789
746
120
708
730
535
639
318
427
268
765
122
675
814
365
643
716
585
363
620
544
657
259
386
162
546
660
345
250
217
549
412
110
144
806
92
390
13
498
74
554
107
6
810
533
92
802
456
291
193
516
210
292
128
798
303
264
771
466
54
225
740
272
92
418
390
608
814
343
389
398
502
616
456
730
267
22
462
754
433
2
485
723
342
53
148
279
569
283
198
608
453
181
89
350
698
361
612
322
252
218
92
220
231
803
439
652
636
548
6
615
68
4
376
109
748
587
72
676
624
447
575
821
693
242
758
408
582
548
596
366
789
321
157
434
341
744
607
149
159
105
6
18
229
325
767
206
399
442
435
97
473
369
300
790
375
466
124
611
725
268
253
410
748
443
213
386
96
643
430
629
624
461
147
795
343
626
641
375
379
528
691
587
532
652
160
322
574
450
612
68
690
451
154
402
152
754
819
263
724
213
173
608
253
701
715
93
43
661
393
679
331
624
117
776
170
618
537
657
191
94
778
88
58
811
34
263
431
571
436
563
511
674
77
237
808
305
691
591
188
691
245
114
790
389
162
789
38
753
631
667
490
515
409
54
322
387
134
287
775
162
451
453
628
544
95
362
255
24
244
807
736
197
146
224
232
526
270
552
632
379
191
24
752
734
174
38
224
767
767
435
738
264
523
555
535
449
572
190
718
725
663
774
475
486
260
168
742
553
497
528
752
110
195
649
560
683
727
533
243
196
428
26
37
427
432
220
744
640
421
36
16
352
54
71
255
485
605
294
352
608
664
343
755
246
48
228
203
728
810
420
711
268
246
553
209
113
528
356
593
363
185
401
813
181
811
203
773
151
780
269
160
98
808
819
589
822
520
750
707
521
405
455
473
563
821
591
381
443
53
423
544
355
73
379
561
422
592
805
733
823
389
487
197
590
244
54
120
535
181
617
601
40
610
357
768
155
794
770
411
568
611
12
776
500
230
99
283
238
287
91
484
241
725
553
265
179
468
687
74
498
438
799
738
436
799
357
784
84
252
230
717
612
677
393
754
491
338
601
763
56
806
709
657
382
390
252
673
509
99
134
464
566
216
763
756
423
708
112
21
119
258
767
819
371
364
793
682
136
545
115
500
453
329
363
617
75
62
225
641
147
580
238
653
234
547
211
186
387
480
22
827
354
354
336
778
104
672
786
300
645
297
598
408
365
498
726
538
90
150
172
311
287
557
658
564
625
783
62
491
164
349
620
742
523
816
459
606
338
167
545
241
436
384
383
601
454
17
703
819
669
253
602
652
223
111
722
707
687
502
681
428
596
732
448
512
112
450
147
91
818
104
459
265
687
681
279
315
607
273
94
245
428
372
259
638
320
11
767
636
518
392
695
105
263
32
338
150
466
729
581
724
801
114
558
445
819
414
156
48
36
7
46
370
569
244
160
428
622
134
271
809
323
333
73
767
646
140
372
90
318
777
683
321
274
359
724
734
317
190
661
190
826
158
770
518
753
700
53
8
252
136
167
463
306
441
698
702
45
19
65
202
281
171
432
397
3
315
763
641
528
497
708
402
410
590
29
781
313
571
148
578
295
302
101
41
782
279
634
245
568
380
623
54
792
269
175
203
273
91
471
189
128
792
785
97
480
503
773
736
186
138
694
406
361
400
402
794
332
189
449
702
162
430
563
448
370
607
58
407
231
609
160
522
671
804
717
129
713
373
553
504
296
513
624
619
474
577
612
787
107
427
190
72
229
806
527
405
337
187
89
690
776
457
443
451
428
47
775
754
22
774
495
329
569
220
777
44
475
487
533
529
408
160
470
87
331
516
538
235
271
317
765
783
482
181
451
242
645
784
433
667
209
425
686
708
665
78
573
210
653
352
12
351
546
622
601
782
356
86
465
493
829
428
359
83
755
298
25
805
546
767
726
642
62
19
613
30
625
440
506
517
463
657
696
635
293
691
611
688
214
623
337
115
447
7
559
631
619
734
533
712
647
696
688
217
193
249
261
785
631
526
265
402
616
818
713
195
609
230
591
392
522
306
756
165
166
324
649
545
3
52
441
706
247
645
427
597
755
643
579
34
750
61
713
633
89
508
384
98
456
704
18
413
298
488
725
765
371
370
513
55
401
805
92
564
566
344
571
779
273
515
698
274
796
711
275
81
387
718
471
28
354
384
827
712
574
77
669
71
246
221
751
121
697
365
790
647
300
21
552
599
20
293
451
407
311
418
294
709
357
691
626
222
402
55
201
695
130
644
57
486
350
702
116
736
639
732
593
727
387
186
211
454
526
633
673
82
374
262
520
484
674
771
785
619
340
174
749
776
493
527
208
504
28
802
632
694
746
801
173
651
45
431
250
338
101
58
79
645
20
537
149
256
473
146
658
229
511
497
728
158
379
278
737
25
163
148
758
370
825
249
386
470
245
471
546
814
37
436
593
308
703
332
137
828
829
484
127
772
645
437
362
739
227
606
262
229
686
200
76
495
10
418
529
52
208
385
548
436
402
736
425
122
810
711
671
345
198
376
70
302
577
321
595
321
727
339
358
424
619
275
17
317
757
366
87
369
194
565
711
216
752
454
278
473
23
734
273
74
801
478
797
582
669
127
343
30
161
784
446
187
759
93
447
364
352
774
413
387
193
302
404
548
334
108
789
529
96
363
336
22
32
823
7
143
189
794
186
665
583
223
280
635
481
360
582
34
442
665
810
806
517
405
232
672
267
114
829
366
614
640
809
650
804
576
20
262
144
754
288
272
588
165
183
374
388
8
680
409
685
172
454
97
577
790
127
577
108
33
150
671
332
179
624
191
647
776
797
803
597
642
18
58
695
359
507
589
135
200
768
19
646
334
96
104
462
468
440
96
824
272
508
63
112
612
422
760
747
732
224
701
20
372
523
65
343
231
351
130
66
360
820
775
121
411
132
518
812
457
326
621
654
112
509
138
614
145
23
500
202
521
111
652
309
720
54
285
387
8
127
763
250
400
678
314
718
452
327
814
824
618
766
246
189
144
670
726
686
35
718
233
635
595
25
261
533
153
422
332
770
204
533
793
147
186
546
169
650
263
170
423
270
286
40
343
179
75
462
247
37
646
585
820
752
106
162
810
110
51
228
636
648
45
308
703
70
449
667
409
599
199
810
108
801
280
732
594
208
269
667
631
409
251
194
278
128
313
661
348
514
618
26
31
801
651
403
177
29
396
50
745
408
570
508
148
107
634
263
395
103
443
730
124
2
585
187
344
24
373
419
728
722
715
339
626
415
10
380
472
24
637
196
664
659
359
225
54
473
73
245
830
670
555
486
145
86
616
559
495
493
340
357
610
373
290
501
185
723
554
194
672
327
141
401
57
444
53
736
705
679
339
22
700
414
360
567
672
251
506
427
525
179
578
433
734
238
22
229
187
500
605
297
532
398
401
775
612
625
198
471
484
99
165
536
110
574
757
541
267
554
603
790
296
813
138
225
280
778
44
489
75
346
363
203
169
193
90
435
90
314
407
168
802
780
356
563
258
271
465
574
484
409
547
603
154
583
116
650
811
151
126
821
305
600
816
12
496
478
423
235
471
801
687
780
733
681
340
542
363
470
604
824
734
482
680
165
462
461
174
545
139
269
276
55
326
527
76
246
618
500
117
681
804
640
195
150
811
270
238
469
135
368
180
713
255
681
469
165
397
266
580
151
95
324
446
692
112
559
482
537
450
477
236
695
126
7
237
757
536
383
320
616
564
217
537
643
492
55
107
252
620
162
536
784
107
74
290
276
294
4
721
78
365
50
202
383
131
446
43
118
332
396
66
234
822
277
577
122
713
546
552
437
525
529
337
773
409
492
70
239
606
662
505
205
824
517
57
38
1
94
571
319
319
786
292
118
288
599
742
191
705
530
287
255
185
184
523
209
714
752
533
362
601
160
79
145
804
453
823
39
205
416
251
824
750
91
729
258
183
195
548
814
501
252
336
72
692
417
817
506
653
112
360
364
190
297
588
323
775
187
785
622
708
183
453
806
152
479
332
705
789
808
319
729
652
720
64
455
280
209
715
769
236
380
15
430
105
427
472
481
18
617
352
795
94
680
634
184
183
471
258
640
282
652
656
729
698
304
774
457
66
520
591
711
465
136
618
751
731
566
698
828
668
282
279
815
616
319
100
587
643
395
499
262
321
615
742
828
468
415
463
726
204
515
426
550
46
387
752
454
536
129
741
363
30
569
807
64
249
634
744
782
311
194
505
382
439
723
220
799
237
65
221
456
258
736
204
666
69
733
734
426
115
253
679
477
210
49
13
513
425
715
474
136
734
744
656
770
320
254
804
478
150
446
410
129
329
644
239
397
2
451
639
804
643
596
251
598
538
624
245
756
213
712
741
762
799
697
596
393
229
600
356
733
258
619
737
668
313
150
493
419
524
431
482
711
811
512
206
250
621
644
752
455
495
615
107
10
746
339
37
240
390
282
723
29
498
727
194
494
219
693
530
489
253
315
316
334
824
426
530
749
400
33
554
300
36
783
592
610
151
537
69
69
43
60
526
259
406
801
96
235
458
313
758
331
119
554
160
168
723
776
199
170
119
799
7
702
687
544
449
817
513
92
265
191
84
68
117
498
804
728
736
808
309
514
631
456
179
250
325
741
643
808
645
465
165
335
516
811
748
793
431
376
680
364
575
102
592
258
373
286
136
152
272
458
201
454
16
728
625
490
400
597
252
354
239
294
76
208
597
467
69
298
300
380
288
370
702
724
739
476
480
665
732
465
761
523
806
605
590
779
315
191
403
720
822
97
583
815
24
364
81
483
216
379
473
268
70
193
515
357
56
127
703
647
219
829
358
709
316
520
821
597
401
366
392
824
719
109
715
711
590
566
437
163
361
825
428
212
826
792
394
584
182
163
809
720
747
498
370
293
214
19
763
130
814
170
149
24
756
495
511
430
631
672
582
57
235
374
303
632
307
592
821
621
436
77
429
591
31
732
438
52
67
359
772
478
307
266
457
501
62
41
557
354
498
495
201
267
420
393
541
163
513
272
677
717
471
85
57
24
587
451
793
625
159
512
210
539
47
711
662
20
587
201
674
256
674
366
69
621
825
8
310
348
686
75
745
324
744
449
539
137
666
308
433
660
510
467
201
229
717
693
796
772
13
429
774
510
580
347
765
670
805
504
133
316
214
277
345
314
664
305
578
455
235
356
303
366
473
229
61
486
734
700
307
319
105
766
266
572
527
102
319
357
296
177
97
767
602
612
634
248
484
38
625
829
778
325
652
181
792
89
519
162
587
470
348
351
240
70
141
635
541
631
19
72
501
664
497
83
464
152
75
392
661
212
773
167
489
720
382
108
6
574
235
571
273
76
444
456
645
501
586
109
183
581
227
438
628
792
8
337
32
537
471
132
331
238
551
603
450
332
283
368
369
651
130
624
737
507
164
825
815
95
548
147
265
196
288
79
225
262
113
56
710
549
509
53
673
581
268
355
643
612
714
407
700
118
447
448
158
80
662
647
637
738
490
671
734
222
331
401
553
520
553
310
690
107
347
400
480
370
219
403
64
184
793
119
256
200
107
177
643
444
343
329
481
278
795
674
593
504
365
423
247
206
305
508
416
168
636
22
627
156
46
189
802
529
555
554
347
667
212
514
703
688
160
95
518
524
122
655
568
316
544
391
297
515
296
590
820
528
663
435
76
270
162
181
178
527
177
568
102
785
359
266
752
616
808
795
241
359
117
211
529
530
630
762
63
225
649
511
532
437
286
423
774
221
18
481
734
475
664
217
63
396
286
227
721
30
701
185
735
217
16
213
52
543
470
693
402
397
649
661
328
299
416
455
33
600
580
404
347
795
682
424
751
229
409
102
700
452
573
384
765
178
534
743
595
51
441
310
12
8
367
465
826
704
827
368
505
140
540
129
368
278
651
714
482
482
119
668
539
597
410
536
176
489
312
71
421
595
104
58
67
612
56
235
600
167
507
270
565
318
644
794
333
37
612
454
50
418
288
315
376
638
495
828
21
308
281
308
363
126
450
117
689
329
459
347
145
394
14
579
419
145
421
56
829
204
750
782
410
341
591
56
683
591
609
732
288
113
665
511
68
289
44
384
99
300
389
314
382
481
281
47
314
636
505
723
602
377
375
663
664
825
506
455
257
375
707
39
660
702
204
518
706
305
287
300
196
280
452
752
703
199
178
631
504
89
715
600
13
815
429
495
227
54
614
74
358
642
118
112
464
657
610
544
653
478
461
451
749
571
516
66
576
312
166
342
208
183
236
423
93
289
704
642
579
26
379
741
735
681
168
390
702
746
383
363
767
20
43
172
379
750
42
766
411
218
199
723
443
318
528
56
707
682
346
374
671
646
823
665
728
528
154
598
787
196
40
265
192
469
775
644
32
603
497
160
201
522
480
795
749
437
619
698
349
50
194
395
132
170
383
297
102
517
397
336
418
556
155
704
392
569
687
277
648
795
198
385
717
211
526
536
388
111
711
707
273
298
197
620
682
182
281
683
114
423
385
161
573
307
233
171
477
286
582
283
564
647
740
40
346
141
551
782
681
209
398
289
426
318
429
707
152
418
826
445
279
14
783
686
564
166
238
478
184
649
31
261
784
481
86
433
30
368
668
237
600
734
237
70
409
494
814
3
462
457
661
139
7
295
598
419
623
537
488
287
415
798
286
35
793
230
667
595
224
423
18
240
301
779
68
367
761
314
148
181
613
185
740
416
233
540
620
463
528
288
399
775
519
21
16
668
556
342
466
356
5
503
245
437
482
108
317
248
124
343
604
119
183
166
392
789
61
624
437
647
483
519
52
151
231
706
703
310
658
20
709
290
794
607
755
378
380
604
285
342
73
746
87
394
272
176
566
374
2
33
503
249
324
398
682
104
390
655
334
684
159
55
241
478
760
128
725
310
113
701
395
239
405
443
729
466
258
327
443
369
373
112
344
80
215
508
708
333
777
143
483
284
770
274
597
712
547
587
398
527
443
676
179
477
61
103
73
729
801
198
68
761
824
109
687
570
281
796
303
453
559
764
379
604
156
71
276
443
660
171
767
807
163
620
268
448
570
15
42
286
414
146
760
722
629
424
501
424
329
300
438
163
762
35
169
760
363
723
21
771
577
131
381
695
258
206
801
166
256
27
111
74
543
290
163
228
631
303
283
559
516
182
245
446
191
735
558
725
120
280
309
658
58
648
672
715
196
552
312
278
125
456
231
799
206
106
200
826
239
622
741
624
770
627
209
797
208
829
728
512
30
747
518
472
444
491
814
420
358
101
163
200
643
251
67
65
182
711
639
14
444
271
812
219
81
391
633
454
407
188
91
633
519
701
614
796
5
241
311
467
289
723
468
617
60
786
358
671
459
483
189
651
331
464
576
10
720
316
752
723
446
30
721
465
10
730
545
259
499
50
385
725
497
655
533
514
391
406
698
264
294
73
333
28
616
308
369
9
101
431
149
107
719
173
183
660
791
187
119
481
65
288
140
543
230
661
706
342
700
263
223
288
116
460
321
478
785
146
189
622
336
716
295
34
644
242
86
90
747
618
146
250
574
317
445
802
794
139
174
734
554
690
269
293
582
322
710
233
561
286
182
499
605
609
404
363
648
645
726
245
138
333
335
802
654
545
760
194
769
688
298
308
287
503
408
276
734
768
480
527
735
392
23
797
663
819
1
604
440
680
420
36
231
809
484
655
163
827
449
103
139
204
192
408
657
202
487
636
507
209
166
302
680
446
227
231
807
768
390
420
685
500
234
56
322
30
51
654
586
741
95
433
691
355
386
199
705
603
602
7
64
404
447
528
573
375
372
65
732
122
706
319
118
684
336
671
271
270
297
553
678
32
385
742
99
430
474
436
333
822
215
614
174
515
643
273
522
226
499
702
306
701
129
100
826
218
535
27
11
744
548
213
193
296
766
527
242
548
371
489
184
461
329
734
87
700
743
665
8
206
72
721
606
93
682
379
225
303
707
223
611
79
13
526
34
15
514
178
437
449
61
767
627
583
260
573
759
347
703
266
594
417
590
171
771
505
774
311
603
787
542
116
222
28
23
442
791
376
132
519
580
470
671
689
200
804
644
362
660
453
448
188
807
211
169
65
248
525
298
723
33
695
733
810
588
521
795
25
180
595
787
480
309
634
826
597
554
752
245
228
333
540
7
740
638
723
511
317
338
8
621
113
755
272
243
550
596
168
528
825
699
401
460
414
49
236
290
78
118
563
522
89
92
192
649
98
563
752
692
546
222
815
276
54
468
273
266
314
1
495
264
193
706
34
382
400
592
455
414
827
680
319
574
586
809
163
249
821
301
130
21
242
357
303
408
560
139
323
320
684
27
780
195
451
175
531
550
503
791
380
623
110
206
45
575
566
756
810
779
359
816
115
44
86
754
437
711
772
304
271
629
129
161
526
734
538
646
501
820
79
701
417
176
467
292
430
470
826
609
599
488
506
634
162
643
178
8
587
71
167
411
504
247
290
427
759
287
359
745
785
444
813
54
668
739
167
415
214
799
704
404
123
625
782
678
423
546
623
475
725
447
573
122
324
211
409
32
230
96
62
677
467
464
445
568
243
799
808
254
49
753
564
772
235
121
497
283
735
186
112
30
29
808
205
9
301
774
570
499
357
652
664
765
433
353
223
10
20
290
435
430
470
201
200
499
523
349
156
175
718
444
432
673
790
788
55
757
208
732
424
766
60
288
450
253
516
448
365
171
460
462
669
550
93
230
80
408
785
393
507
654
187
637
336
395
603
619
567
371
165
29
689
85
205
150
46
181
5
390
133
35
637
723
434
451
382
90
649
742
728
173
243
151
547
215
156
370
487
727
778
749
186
514
720
767
213
50
749
159
769
682
636
395
457
675
586
318
145
308
180
543
786
148
162
291
797
36
830
550
642
471
405
287
666
532
180
127
208
567
645
429
457
623
88
595
65
563
260
554
521
340
78
115
632
185
487
418
532
455
663
780
662
732
108
574
777
48
391
672
541
808
449
457
352
262
105
33
260
413
260
537
318
39
210
653
660
309
259
310
454
100
298
570
485
757
101
811
637
171
774
114
826
656
784
34
564
642
497
582
346
100
297
767
54
638
774
475
437
642
117
764
523
472
510
69
528
776
527
672
421
420
370
134
152
745
153
707
84
61
86
589
365
214
716
223
83
274
288
417
417
362
741
782
636
318
704
288
214
14
464
117
623
823
298
26
762
611
403
9
72
718
290
337
700
302
38
555
719
67
154
180
93
766
673
829
423
74
814
498
71
555
402
698
418
769
585
618
11
133
772
339
767
596
323
825
56
558
448
827
625
796
629
250
7
469
385
769
693
263
449
314
43
219
780
530
390
688
472
283
138
376
58
555
604
40
724
743
294
643
140
371
461
223
270
272
406
645
390
190
707
9
85
357
230
629
618
322
699
497
135
654
642
43
73
452
604
309
157
545
274
627
262
437
481
600
8
26
324
506
507
299
236
281
284
195
253
86
733
440
392
100
453
146
620
307
255
633
569
239
415
322
615
114
381
44
401
116
544
323
615
324
344
804
39
169
625
465
404
122
534
319
78
608
774
275
309
517
693
481
83
183
551
749
554
498
243
767
165
81
420
804
327
185
801
593
596
455
399
433
545
406
627
762
589
418
248
443
482
417
382
721
554
177
47
194
732
468
710
20
407
542
348
516
790
505
228
160
138
15
410
703
488
367
156
375
215
287
252
616
790
600
490
109
616
45
60
548
137
195
186
644
277
127
659
556
77
329
334
222
726
547
761
388
21
545
2
528
370
779
320
351
753
16
792
436
163
771
589
475
151
752
170
581
616
564
545
757
800
237
370
440
482
11
544
81
152
474
501
450
814
551
529
591
44
196
156
605
737
137
524
372
352
340
481
431
141
590
173
765
300
581
277
221
689
187
166
519
370
209
678
372
466
479
305
543
517
654
637
209
519
655
163
480
396
422
705
267
139
24
251
70
229
591
1
531
244
447
507
396
568
66
626
334
736
698
292
274
490
236
605
683
727
182
100
679
77
616
279
435
549
83
257
634
32
606
399
595
253
805
139
88
464
517
442
680
608
185
712
526
291
86
72
395
452
470
818
238
279
724
329
267
554
520
500
660
733
591
351
595
471
605
738
325
348
692
691
30
427
528
377
89
761
548
156
789
178
175
780
759
759
557
684
155
285
83
45
350
51
629
815
328
101
316
101
782
145
328
685
293
105
28
789
394
355
568
705
707
370
394
570
42
57
76
737
252
612
119
544
249
220
564
540
126
158
60
586
752
316
727
148
419
509
253
284
444
787
660
317
59
817
103
341
553
61
379
480
199
393
510
332
709
349
296
66
719
421
577
541
11
754
570
288
534
96
703
93
349
630
308
496
209
507
499
688
34
26
829
625
654
419
500
118
554
732
119
420
391
240
653
726
237
637
220
134
491
203
808
82
56
10
343
596
812
286
400
55
348
347
260
329
97
260
267
185
753
797
40
679
556
93
286
602
650
671
453
644
744
545
154
367
769
714
64
827
295
197
820
782
278
574
735
322
109
533
341
379
256
489
365
422
476
815
359
425
127
741
194
394
54
792
465
741
115
460
384
212
546
563
269
600
73
209
658
459
704
49
125
126
32
500
541
126
567
407
30
466
543
672
540
419
711
823
176
462
669
111
235
596
32
503
454
271
85
706
465
338
397
468
677
693
566
545
60
670
527
664
427
623
244
490
135
610
717
94
463
619
644
527
96
649
687
665
327
324
198
26
109
584
663
681
763
163
260
663
586
516
797
386
715
359
247
371
489
596
436
651
188
132
448
686
751
243
18
576
583
333
757
229
308
640
42
322
460
256
561
67
618
181
232
644
182
787
32
389
395
278
281
122
727
25
367
210
367
732
468
126
697
446
151
276
374
324
777
828
687
809
59
182
337
357
252
718
437
595
205
487
722
216
763
375
694
699
785
438
474
328
473
785
634
805
653
547
319
764
743
478
235
50
420
141
686
216
688
319
761
634
382
675
85
452
473
387
115
161
367
552
207
596
70
565
481
407
471
611
524
693
681
183
638
91
88
825
326
651
639
433
533
99
17
58
394
221
178
299
64
655
310
419
276
132
522
372
294
310
733
581
517
113
107
365
607
678
228
168
549
413
812
384
278
462
802
723
691
586
225
701
684
245
172
383
528
254
435
520
67
461
329
725
203
541
362
542
240
666
517
259
85
358
58
267
309
655
806
718
563
286
669
594
102
41
301
661
32
805
373
370
1
824
471
264
766
745
720
403
297
116
300
36
193
808
736
516
266
93
279
182
592
772
782
411
779
125
722
529
489
317
626
542
328
312
399
217
794
737
373
72
787
600
429
753
255
312
70
138
79
430
119
676
590
504
733
537
781
690
435
817
262
71
350
812
162
684
290
659
228
65
419
358
448
172
786
326
489
637
303
756
124
444
299
142
619
588
424
352
251
255
705
734
144
355
25
718
50
515
788
624
231
365
166
827
630
337
454
71
28
186
638
401
382
680
216
742
373
384
684
763
170
547
410
239
765
202
548
391
660
561
565
288
600
812
379
68
95
509
424
17
6
469
598
798
666
737
561
152
781
494
451
268
732
607
769
580
84
473
412
125
785
418
511
479
66
383
453
436
239
316
359
171
477
657
236
558
379
213
817
222
470
41
694
357
25
416
235
570
538
772
709
452
621
95
435
200
406
486
655
592
815
667
475
353
5
238
828
822
356
472
399
670
739
95
360
681
256
621
453
411
784
176
806
763
493
707
491
218
394
48
422
44
237
758
460
745
265
814
129
809
180
154
256
407
183
94
676
75
351
274
566
344
369
36
738
407
542
781
820
229
639
704
82
716
392
657
499
274
235
748
686
619
679
116
503
331
246
269
629
140
239
131
66
109
38
19
477
368
588
220
209
249
446
124
676
242
428
517
596
58
405
710
431
146
732
279
703
757
331
369
122
46
245
397
77
522
186
226
17
828
373
600
444
590
177
62
323
296
314
232
299
314
119
813
147
275
631
698
365
631
195
432
229
429
436
819
472
643
385
482
147
191
711
567
86
143
507
379
742
64
450
622
122
143
76
616
365
35
416
363
202
544
442
623
437
502
594
807
519
436
9
32
440
210
295
26
337
650
71
38
222
632
503
321
707
526
165
298
475
261
432
564
826
202
133
475
689
416
358
501
81
671
511
350
151
752
197
326
224
532
175
806
304
245
134
427
601
514
98
621
455
612
392
338
678
326
669
151
401
586
25
370
424
116
604
187
671
824
145
711
50
358
336
40
175
464
372
62
329
328
478
493
215
810
194
383
40
214
453
576
192
89
46
502
485
461
115
140
804
824
772
826
699
528
477
475
600
323
202
25
246
596
748
431
379
599
551
686
588
125
97
730
596
386
41
257
600
741
737
611
529
563
297
403
427
773
438
385
781
185
258
308
481
402
354
205
373
675
366
390
599
354
130
753
35
818
427
65
14
190
617
93
204
117
790
103
598
502
444
775
173
283
299
341
775
526
84
818
231
293
796
189
442
396
427
684
536
263
494
577
150
794
211
575
686
788
217
349
401
726
648
172
159
400
140
120
579
464
198
325
487
621
21
407
128
791
471
295
140
788
805
513
301
132
479
676
220
439
479
266
515
308
644
150
148
547
616
198
31
314
820
242
531
727
245
589
806
223
299
394
302
245
725
519
491
456
303
690
215
647
120
28
419
751
538
761
357
109
111
722
131
396
394
66
419
114
826
163
268
198
302
237
675
401
813
648
147
786
51
165
102
91
627
777
96
602
761
410
462
2
714
799
157
731
112
79
435
124
273
721
62
60
500
72
397
588
3
312
729
118
497
643
52
501
215
90
353
756
109
733
699
127
313
546
242
564
514
603
336
280
575
612
97
269
472
636
304
505
18
105
1
740
392
8
153
528
487
158
820
472
324
541
523
358
457
268
703
275
526
629
397
327
749
54
163
801
518
485
681
620
475
522
274
659
242
708
740
334
380
456
700
272
776
256
711
70
353
511
730
643
22
726
276
586
510
76
23
725
701
771
483
507
280
626
26
548
327
29
4
212
658
457
307
214
674
186
231
751
43
562
744
474
524
325
202
791
365
771
242
304
234
404
605
415
69
324
257
532
443
105
3
727
391
683
91
66
362
202
89
676
642
627
789
765
535
729
261
596
765
813
20
830
111
576
448
519
376
524
605
806
689
321
359
413
108
84
765
302
214
33
88
344
688
645
28
524
228
408
610
425
598
121
802
477
74
34
686
152
24
508
512
351
583
33
443
439
421
52
406
31
601
593
618
758
589
117
495
821
478
788
364
120
699
568
88
332
519
516
377
317
691
50
275
170
521
288
372
85
613
236
318
657
272
325
362
237
138
509
439
631
787
484
789
312
605
317
89
112
542
324
351
35
811
453
491
698
777
196
368
150
404
800
177
824
376
471
634
582
312
332
424
452
696
437
404
33
603
649
663
66
535
627
99
61
228
111
646
241
817
482
2
382
341
400
690
356
5
230
287
388
73
646
191
540
219
492
407
625
170
195
350
28
126
407
285
624
222
593
93
304
753
138
107
268
558
474
123
755
516
100
562
592
280
533
148
541
70
326
612
135
671
352
764
540
149
481
242
663
416
175
355
139
682
38
521
828
578
503
789
523
372
362
93
69
81
256
599
539
107
454
225
367
80
775
554
634
141
142
222
365
373
116
700
634
642
321
724
112
731
802
212
209
186
176
588
675
580
776
784
97
755
704
826
705
501
300
104
436
403
767
91
328
106
501
368
689
632
698
631
480
452
186
91
523
718
334
152
208
388
413
587
90
249
598
87
307
535
649
660
695
664
80
263
804
293
335
596
380
592
417
334
625
484
677
75
749
385
429
22
315
211
378
280
485
550
710
98
304
202
525
384
91
464
768
14
136
429
148
360
250
533
346
235
711
24
293
374
396
745
629
799
819
66
16
671
727
32
186
239
123
203
242
25
352
208
97
267
819
615
421
534
322
87
422
799
460
398
221
30
807
709
303
107
715
177
179
296
636
611
117
151
661
54
489
171
775
220
72
70
618
823
53
625
504
820
257
511
69
734
553
138
718
309
728
518
670
156
312
640
274
95
392
653
80
228
418
588
43
722
581
549
385
329
670
339
813
379
206
332
688
173
745
696
615
725
828
717
368
393
477
110
650
130
655
139
53
778
422
601
161
214
2
770
788
342
306
180
23
475
33
265
283
265
294
585
253
269
705
191
773
527
665
662
239
502
605
135
699
804
575
390
55
628
541
65
649
329
476
503
544
127
336
760
512
176
19
567
90
673
640
693
820
112
819
230
592
484
528
262
683
183
425
480
352
90
302
308
456
110
237
87
623
621
720
389
270
635
79
708
458
563
640
547
240
587
156
794
736
501
533
160
559
796
11
216
773
80
41
491
587
36
4
816
231
508
605
595
430
278
819
239
344
46
683
560
373
117
390
614
440
682
495
610
22
304
346
438
520
594
184
152
510
676
604
200
657
816
708
205
518
146
544
698
798
779
50
723
500
396
193
804
324
735
345
715
655
279
544
107
307
595
650
772
513
678
438
784
729
255
78
376
217
62
5
210
784
647
262
685
613
489
717
461
691
694
363
551
304
241
463
721
708
364
411
809
590
667
727
409
214
532
168
657
127
806
143
537
65
467
647
556
454
615
134
524
200
804
732
533
194
247
33
490
106
110
764
778
700
466
3
316
118
258
666
540
85
486
21
205
538
313
366
204
118
624
476
451
554
102
427
428
449
117
811
761
777
120
28
429
748
504
162
757
322
196
386
567
501
781
135
469
504
249
226
735
142
129
292
781
543
35
574
102
242
695
600
814
734
794
49
461
483
180
532
120
496
691
413
218
319
234
107
599
186
163
372
474
269
735
535
530
119
214
728
455
491
248
689
416
95
378
400
648
485
272
393
448
826
73
564
515
345
291
31
18
399
285
467
152
207
545
801
766
326
157
571
332
270
801
9
461
727
309
549
794
479
559
457
594
372
673
674
410
289
17
23
60
574
402
822
592
823
68
637
243
686
215
751
95
555
204
422
806
273
665
709
703
113
709
22
703
340
555
206
251
784
699
324
442
312
763
393
276
248
299
344
507
29
754
185
808
334
478
56
226
436
699
139
198
324
776
230
268
306
612
420
37
432
388
387
340
227
268
334
504
624
230
514
118
347
719
195
18
110
245
590
629
168
501
420
487
276
717
191
562
778
262
591
50
321
637
50
562
122
666
470
180
796
295
155
728
237
28
221
246
34
814
447
564
681
248
639
696
654
128
14
1
787
348
407
398
35
718
536
750
601
812
415
717
663
680
744
19
502
546
163
786
315
493
825
712
76
296
208
432
235
630
85
87
608
156
388
90
119
55
517
441
734
501
74
526
189
582
478
432
137
125
249
309
11
413
504
648
170
734
588
661
284
521
271
570
735
444
314
73
249
752
429
683
281
335
92
812
357
457
8
805
274
7
187
151
736
21
87
827
380
446
403
50
262
546
593
151
587
48
496
728
694
272
209
330
298
707
89
53
452
474
154
14
658
455
504
338
571
802
168
101
457
496
183
368
824
475
638
377
397
428
473
744
204
2
70
124
714
413
147
733
587
752
320
355
28
574
811
53
801
821
233
412
450
408
334
817
282
481
339
91
663
794
629
528
115
501
735
248
188
651
650
275
431
336
290
461
227
694
499
66
615
85
762
781
31
152
307
405
306
646
591
761
260
766
261
208
714
444
522
245
371
416
781
602
524
23
540
389
671
821
537
19
532
139
729
747
225
423
650
368
158
344
74
178
491
605
388
746
605
341
151
306
523
125
773
483
508
343
213
543
102
807
418
404
514
400
91
68
714
245
715
278
717
212
201
642
718
806
705
686
736
1
637
82
555
389
53
314
402
79
413
25
733
293
365
4
45
66
121
765
106
505
142
605
148
543
603
240
66
476
502
410
115
5
371
681
55
542
320
190
679
367
735
796
234
504
393
772
567
751
619
133
645
219
342
114
191
316
394
68
612
673
249
641
642
792
677
95
175
396
155
776
451
380
272
804
24
125
324
178
786
259
441
480
627
523
289
446
164
547
350
615
232
30
454
115
408
48
642
471
220
176
444
59
297
353
830
609
351
584
273
195
225
196
510
239
772
533
418
234
322
261
410
628
597
592
412
329
717
229
443
302
476
550
781
431
147
163
290
759
581
132
328
146
9
146
21
764
339
225
93
475
590
405
192
429
53
574
449
766
397
349
700
498
130
814
217
582
373
492
676
575
554
532
791
587
216
393
761
39
191
741
335
88
2
625
580
48
499
728
430
633
178
295
503
15
491
145
407
3
168
699
203
293
249
749
191
354
633
346
113
779
99
384
134
86
591
175
228
291
359
651
493
760
232
257
510
435
510
491
69
735
61
447
631
616
257
739
388
488
503
37
778
10
330
248
145
725
445
61
220
340
824
165
638
183
646
357
477
223
119
827
591
546
297
433
363
158
808
174
161
465
38
643
291
506
100
750
128
441
431
11
91
716
265
584
208
640
385
822
795
762
610
599
255
380
120
119
85
222
481
124
63
350
444
167
71
15
174
453
776
94
59
651
323
643
314
409
181
762
561
565
548
211
630
750
219
178
585
366
282
155
438
386
733
152
330
271
26
319
651
331
639
524
18
436
428
816
191
734
354
31
258
767
490
624
196
787
710
644
518
105
714
636
485
111
435
5
154
677
504
435
453
134
263
488
278
194
746
198
746
707
802
795
199
749
289
286
430
665
500
199
422
793
384
515
727
728
425
235
679
130
133
581
234
227
351
667
91
565
129
743
704
127
479
16
760
162
268
158
663
265
203
480
237
357
198
45
62
393
253
65
594
303
548
631
193
806
10
706
132
783
625
194
255
676
801
142
154
217
596
347
215
823
713
613
390
471
210
303
389
828
446
623
261
780
179
463
160
254
214
180
82
545
181
272
564
822
417
789
732
35
425
590
590
425
27
284
796
395
398
116
12
158
223
609
680
519
490
732
320
748
590
96
353
290
494
493
78
279
650
358
748
281
80
281
665
293
13
333
779
427
59
73
96
436
632
199
546
751
127
273
57
144
435
494
516
238
539
84
192
694
656
213
502
609
473
180
608
601
561
608
540
79
30
641
310
479
763
237
654
557
600
36
656
816
464
491
405
544
768
731
222
370
144
487
562
198
250
520
173
236
163
38
625
550
94
336
496
759
44
251
212
512
757
137
207
644
143
388
552
359
539
204
706
359
375
137
155
558
628
46
509
214
17
342
380
803
460
152
147
221
494
510
766
273
398
358
727
459
739
595
500
681
101
391
114
503
679
591
196
456
524
597
532
586
489
222
623
460
203
71
383
811
479
232
718
599
260
388
67
106
787
67
284
464
288
483
166
550
16
18
553
566
691
152
99
171
515
447
305
241
531
819
447
448
703
566
693
10
220
608
154
217
76
445
334
314
473
581
756
113
809
251
606
560
518
60
776
592
823
692
770
140
511
777
528
733
299
137
428
95
188
654
733
657
623
505
436
185
513
255
42
465
5
340
710
303
731
373
291
146
423
796
94
493
458
255
605
490
804
371
579
25
195
380
565
227
478
541
413
826
237
23
726
646
599
808
423
785
636
155
366
707
355
117
395
296
540
506
585
63
599
341
53
808
126
654
320
63
192
66
613
664
744
376
725
665
328
519
766
508
538
472
505
669
250
645
346
134
64
643
758
768
76
260
589
614
43
455
528
707
20
795
771
271
796
152
61
75
258
69
385
691
285
329
208
387
166
692
435
317
482
27
748
177
20
158
556
691
718
195
558
705
789
811
677
54
97
383
277
596
167
753
783
344
257
612
145
489
801
205
196
665
620
756
669
558
729
218
79
226
223
669
455
177
331
771
368
783
143
321
822
285
585
428
595
491
812
132
256
234
45
483
741
394
658
466
597
483
753
315
793
166
119
593
320
649
421
566
563
60
280
489
624
666
668
620
59
744
352
96
228
61
784
459
630
507
772
233
432
253
408
570
484
447
523
361
164
519
277
569
325
222
823
640
233
716
579
425
807
649
665
354
484
135
692
274
26
277
327
705
354
534
68
734
156
213
336
135
773
22
589
430
806
247
173
607
247
71
739
702
739
603
454
11
780
652
25
198
628
301
2
564
323
551
307
718
64
699
280
166
725
265
53
132
513
350
215
600
400
706
210
692
768
546
730
33
443
700
313
428
237
293
512
516
431
634
410
542
621
189
88
125
209
243
781
122
545
508
739
120
730
58
784
16
230
799
221
61
535
225
249
144
448
485
298
107
663
433
249
372
419
361
244
144
791
761
681
600
416
784
128
347
578
268
162
490
783
302
124
393
720
138
210
89
369
35
251
191
382
33
528
387
687
625
763
284
136
292
185
516
586
591
322
813
107
450
360
539
380
580
82
390
430
542
88
170
753
410
162
699
645
33
265
614
176
332
543
471
760
757
764
648
751
819
822
208
437
554
610
151
181
52
754
662
122
573
44
439
332
105
62
251
646
706
339
191
709
421
667
291
409
290
132
387
596
291
550
576
797
70
98
821
480
41
583
338
691
565
782
318
827
294
750
774
655
39
135
396
77
183
241
209
811
574
84
24
741
241
136
533
495
823
728
99
141
295
568
469
2
805
761
108
221
534
160
181
774
564
245
163
131
85
19
61
19
437
542
452
552
422
535
306
301
730
8
286
109
250
65
555
545
599
724
152
596
119
771
583
17
494
407
503
118
593
385
208
779
815
102
554
722
583
382
338
386
813
418
808
407
206
337
419
684
502
281
176
55
6
293
18
532
779
329
819
194
552
817
594
148
688
786
457
169
744
76
129
141
373
85
580
347
471
410
635
287
208
811
85
165
405
293
816
1
309
216
633
695
83
127
727
506
659
382
602
560
559
727
80
129
702
641
281
187
606
646
739
480
126
824
782
267
22
546
109
211
610
594
517
706
675
219
408
791
319
776
514
299
118
497
678
822
219
599
17
59
490
778
745
456
610
439
355
468
112
191
782
343
639
13
705
312
577
491
695
649
255
606
484
556
824
46
232
573
760
511
320
766
2
740
348
802
151
622
642
274
689
315
121
565
383
587
511
753
690
223
480
578
410
192
701
743
737
276
545
749
32
433
262
234
230
12
572
84
91
379
468
693
14
250
181
415
546
786
573
464
699
492
34
216
350
703
597
410
426
195
377
61
809
320
414
58
818
605
653
292
417
146
495
607
72
67
151
732
784
213
338
363
14
574
343
366
549
817
629
223
409
583
689
1
488
117
59
14
784
308
675
201
67
41
155
563
274
2
406
436
395
67
345
123
104
289
269
168
70
314
151
497
660
729
797
540
740
714
271
336
561
784
631
802
728
16
245
528
286
340
140
294
663
538
544
412
204
489
547
687
816
758
395
796
544
609
512
594
488
128
442
588
204
336
671
134
715
694
445
580
699
295
135
156
629
520
830
448
515
332
259
57
653
59
318
187
196
19
617
775
456
756
8
525
184
70
650
585
635
419
129
340
7
305
396
486
516
567
549
334
337
451
822
135
282
135
99
641
810
574
425
796
772
332
776
724
333
412
650
669
698
217
399
646
697
171
306
471
152
482
547
499
5
59
412
780
677
327
808
527
667
166
225
469
483
47
352
128
620
529
560
392
340
644
474
574
288
586
620
702
688
314
775
682
80
264
702
585
481
393
830
470
632
173
230
215
392
42
137
134
568
614
369
65
588
777
272
620
526
89
626
787
553
129
111
755
602
347
210
275
659
359
712
334
514
586
148
164
553
655
627
447
357
559
593
4
212
758
819
759
553
700
769
457
255
406
192
234
16
61
537
43
392
22
365
319
664
213
304
520
408
466
61
40
742
689
483
361
376
430
142
722
302
227
456
139
548
285
157
221
574
828
366
668
206
487
733
422
673
323
373
366
123
129
772
802
500
357
796
693
603
673
534
794
618
812
331
704
668
92
382
778
437
620
291
363
568
286
270
694
206
495
626
508
357
825
397
430
718
133
688
342
392
519
14
749
76
205
656
681
318
67
135
708
196
501
179
419
482
566
708
818
790
189
486
279
165
725
767
159
137
584
545
149
764
76
251
809
676
320
356
268
693
473
166
583
92
142
125
109
828
781
421
557
91
412
463
592
641
779
279
658
772
110
118
143
628
526
246
712
173
767
741
692
806
189
212
450
442
101
520
626
410
311
631
727
165
139
694
644
697
160
409
680
175
722
459
303
32
540
18
612
16
198
701
35
547
620
123
779
209
688
555
770
93
301
678
466
643
394
410
808
52
529
497
415
726
410
515
357
37
603
372
349
711
236
335
794
436
683
657
572
224
284
310
461
319
215
821
244
39
436
453
499
665
423
810
534
642
187
465
125
107
14
622
169
717
78
3
87
454
564
240
651
534
62
526
551
692
466
359
2
58
211
554
512
244
771
640
795
459
99
413
829
153
194
593
105
500
7
697
86
235
270
614
523
405
690
167
541
561
59
213
553
580
429
128
574
270
477
207
238
445
2
600
124
408
638
242
255
120
579
450
742
234
819
731
14
449
92
415
344
370
407
760
238
440
250
100
587
279
435
391
390
452
334
757
796
485
299
456
653
99
49
562
630
191
354
254
443
466
518
725
742
559
674
399
53
641
255
212
815
520
550
660
499
121
772
625
99
281
256
568
551
651
275
116
668
714
272
635
671
172
197
306
122
469
349
368
552
661
61
687
319
452
555
435
631
277
631
290
298
712
198
575
33
304
721
80
676
314
39
742
18
430
518
343
361
330
59
239
106
544
748
744
319
749
518
98
571
481
238
216
451
473
580
253
693
830
475
410
721
378
781
131
761
284
594
535
746
65
298
432
366
576
653
524
323
1
772
404
696
717
250
585
343
248
801
297
578
807
432
258
243
437
161
466
452
283
354
757
345
26
268
54
70
65
367
763
662
717
416
563
329
661
251
334
516
95
785
410
211
596
740
562
176
462
765
106
768
559
171
216
22
472
532
465
577
671
537
342
221
797
775
745
129
47
818
592
81
683
351
821
236
519
115
311
658
38
152
228
827
404
210
275
769
639
646
113
81
759
92
803
256
620
420
424
532
529
498
529
752
806
375
624
96
127
141
794
549
135
620
616
450
789
194
702
312
277
71
128
630
163
333
420
575
68
574
640
438
181
534
30
730
814
161
126
586
181
137
33
796
371
527
190
154
59
200
343
514
351
72
76
579
216
550
318
264
668
639
427
159
256
274
565
303
194
28
713
185
8
591
257
701
378
686
722
724
13
590
394
753
805
132
792
426
188
556
463
661
341
684
607
473
266
679
529
399
494
30
433
737
398
305
650
94
697
569
222
816
241
447
177
85
599
434
389
302
428
311
409
287
710
269
488
114
721
68
201
170
155
250
682
347
786
164
740
410
635
226
740
469
672
547
816
678
653
509
35
49
709
366
478
127
98
265
64
173
671
667
380
127
150
589
463
34
297
409
454
570
736
340
592
688
443
700
283
742
466
828
399
779
234
247
778
227
821
137
349
523
163
668
40
185
747
278
407
512
557
657
226
311
779
17
668
263
11
807
489
482
576
460
2
357
88
603
371
274
13
300
158
755
532
732
154
144
40
662
436
81
115
293
278
658
184
630
747
137
790
592
821
825
399
609
224
311
44
447
80
633
130
553
643
726
454
307
59
15
487
818
709
137
188
23
392
240
389
159
409
131
19
706
614
273
601
271
156
428
548
643
180
647
324
740
193
313
352
393
339
611
419
795
532
665
635
584
135
823
586
345
76
247
704
158
621
52
102
340
499
544
641
477
238
125
627
487
441
33
631
227
542
149
328
434
536
826
247
390
748
504
279
573
505
225
122
158
634
786
673
132
539
780
609
152
442
48
774
219
514
721
478
349
787
23
500
349
599
158
470
587
315
748
310
32
804
295
36
497
604
457
677
743
482
67
266
59
105
445
88
586
402
726
759
253
41
394
208
441
818
17
350
16
621
321
827
357
146
111
757
365
441
594
709
685
273
684
53
671
654
165
687
373
69
1
271
505
4
97
700
421
432
252
176
814
360
605
120
205
636
35
818
791
273
657
825
627
678
144
22
490
201
231
44
389
16
647
123
411
545
668
171
317
67
672
291
30
783
729
163
123
695
771
585
792
374
438
213
280
489
633
570
660
565
641
393
173
797
651
656
413
761
376
439
493
551
762
273
136
243
725
634
564
316
54
787
438
574
578
348
498
268
61
569
216
523
549
480
571
530
478
801
220
216
191
487
216
408
683
638
579
38
179
615
445
807
587
522
680
177
604
1
641
284
301
430
410
675
804
221
727
452
394
330
814
496
241
100
527
664
370
32
561
200
566
98
17
393
415
48
107
618
146
133
668
520
441
752
564
272
740
683
687
370
158
822
731
551
695
133
513
703
474
822
293
802
701
56
20
785
693
116
239
708
90
199
274
746
734
671
189
770
555
327
16
267
260
687
15
830
304
238
60
105
656
86
804
116
611
804
49
675
483
625
269
490
305
403
297
548
579
444
759
375
71
820
16
38
644
262
283
22
308
238
9
448
593
565
240
516
107
519
705
431
359
605
9
693
728
727
473
776
349
569
718
545
474
659
291
390
57
696
607
187
382
599
395
607
751
648
342
148
230
252
368
360
502
215
599
73
348
692
526
46
786
495
460
186
646
811
224
815
530
481
661
377
706
827
211
342
81
231
436
401
52
367
625
256
247
654
273
290
102
218
68
540
277
798
664
550
133
720
186
762
126
138
757
636
388
1
330
515
397
410
20
141
484
186
415
362
694
566
449
738
438
768
406
245
736
35
210
568
602
603
306
390
314
206
391
143
543
827
324
185
140
361
367
25
806
618
359
732
497
120
319
540
404
68
149
472
435
571
719
426
713
140
290
510
562
342
754
818
324
824
440
231
348
196
539
377
147
346
140
631
361
547
553
322
87
17
691
325
661
306
582
679
287
227
544
401
735
552
606
78
180
599
727
620
180
799
389
152
156
225
745
691
752
817
399
811
82
386
663
270
559
680
762
431
287
648
662
283
276
498
601
709
179
802
671
774
664
517
201
40
352
65
178
484
97
619
401
623
248
596
9
60
215
483
426
161
641
336
679
402
750
33
129
528
273
512
682
483
146
657
713
554
708
797
533
10
378
331
374
740
45
106
698
41
510
780
662
559
234
697
136
158
419
731
405
144
414
130
56
463
546
364
384
675
762
230
196
505
116
29
721
738
114
20
739
65
665
566
469
752
655
31
408
624
65
695
168
444
419
659
438
762
433
602
498
116
730
248
75
590
248
275
378
137
295
324
62
829
130
242
695
794
772
300
249
185
202
476
111
347
177
181
636
550
627
517
112
537
725
250
515
385
396
335
358
299
687
751
306
94
411
110
430
465
465
408
789
371
745
251
428
345
177
257
147
437
179
710
297
562
542
82
276
473
122
818
733
380
410
630
554
142
812
316
606
423
341
70
445
777
383
787
153
492
583
544
275
206
218
747
325
719
743
370
401
65
527
538
731
633
584
757
94
459
391
222
200
318
361
278
325
174
634
646
100
159
721
180
39
763
382
579
379
246
174
798
50
22
398
737
451
401
79
67
155
245
329
55
65
97
241
654
651
629
212
683
164
410
506
239
397
412
103
124
688
501
435
152
324
231
493
668
606
38
63
466
159
690
494
706
320
405
749
589
169
12
202
757
39
512
42
436
89
366
284
229
77
725
353
304
74
228
828
696
598
545
312
165
407
203
521
466
459
142
572
169
801
812
617
364
364
603
674
334
593
721
401
260
331
476
13
110
132
421
545
552
503
469
498
89
237
726
295
298
282
276
216
290
313
40
297
285
771
226
764
721
355
325
174
110
400
688
529
142
80
291
82
707
576
492
687
761
248
349
796
680
196
275
369
416
534
327
428
727
813
300
290
356
766
196
327
190
548
163
14
269
289
143
360
698
79
88
359
160
149
438
703
143
236
604
645
612
402
22
383
793
165
424
631
569
479
501
825
416
627
262
403
660
174
797
507
664
543
90
138
410
639
543
656
441
409
267
669
407
512
522
176
797
52
540
6
821
245
662
216
368
538
494
759
2
780
270
778
86
385
493
325
641
766
155
533
140
372
655
372
565
354
731
382
782
72
746
619
108
205
193
711
749
380
463
747
626
287
259
361
316
782
484
215
308
171
474
97
548
432
411
827
380
40
179
262
606
56
658
656
351
567
339
777
491
121
639
760
776
679
79
399
346
93
361
545
293
104
175
389
254
254
631
378
110
88
681
531
707
15
423
518
209
215
201
56
271
161
162
213
92
597
26
8
446
125
29
329
222
137
128
441
787
498
73
808
462
314
186
124
281
135
619
563
355
131
86
98
658
698
667
587
675
747
461
328
393
332
674
664
360
395
351
20
116
804
378
779
220
720
262
508
103
125
693
38
220
609
84
792
579
601
588
217
376
4
463
284
427
572
697
764
218
771
336
275
512
103
175
419
299
591
47
17
110
400
47
656
631
751
313
599
255
110
272
491
228
301
568
749
254
344
335
386
55
618
241
689
184
721
24
4
618
562
64
725
578
123
424
38
59
812
232
582
34
674
576
501
576
460
94
419
86
274
408
58
649
787
720
716
318
740
522
584
459
805
197
740
170
519
224
526
571
667
531
51
127
529
163
812
490
184
115
816
600
773
590
398
534
142
702
49
421
812
342
119
93
757
22
379
353
88
459
247
326
651
353
64
53
747
307
221
206
558
322
553
577
432
298
652
586
477
89
589
462
569
439
370
560
786
710
821
735
609
140
791
737
572
32
167
727
527
808
725
641
598
696
616
215
407
422
650
74
548
230
307
387
95
271
53
323
743
643
696
453
77
666
132
672
482
299
829
52
385
317
303
631
249
647
130
589
159
378
336
776
509
250
287
529
93
186
423
773
373
635
110
379
419
52
739
413
502
458
730
286
649
105
360
220
16
649
51
613
788
69
22
709
550
215
110
229
117
806
795
408
276
735
505
240
91
622
712
152
228
428
552
26
128
203
290
586
481
443
57
398
812
170
72
692
638
456
359
24
566
701
733
316
752
325
459
712
447
694
592
566
514
664
225
155
19
122
300
637
92
705
586
133
730
800
392
80
756
44
212
808
652
666
175
159
139
265
458
39
106
473
778
604
764
570
668
620
518
161
149
351
55
711
486
107
627
599
639
133
7
522
708
338
89
59
399
638
795
85
759
32
247
566
85
50
119
791
778
569
820
316
658
430
650
563
459
314
402
510
311
563
259
473
130
703
365
315
116
601
783
32
499
438
215
518
144
775
539
256
327
757
462
444
530
501
112
591
142
63
750
640
481
210
619
671
543
85
578
756
505
78
398
315
486
183
145
642
666
24
600
732
238
542
437
493
102
207
458
278
725
431
96
102
234
766
592
592
302
403
358
336
98
649
304
258
528
493
715
652
300
287
189
539
783
328
360
115
149
813
653
421
485
289
582
589
824
648
366
272
674
205
265
295
436
472
720
207
123
123
377
558
446
139
688
740
548
484
538
67
490
354
139
492
513
745
779
767
267
698
651
21
168
51
306
202
123
535
475
158
814
73
768
709
656
101
559
7
607
346
435
646
716
407
532
400
240
134
489
765
341
824
419
336
107
624
159
777
769
782
609
791
297
356
830
455
777
198
401
753
708
117
354
14
766
195
548
400
153
351
348
437
399
300
292
18
805
341
206
632
456
94
164
437
133
493
578
335
143
168
434
745
77
717
286
299
635
235
216
348
431
66
307
433
263
108
220
426
519
424
188
227
259
594
396
312
524
451
131
212
797
393
555
36
563
146
517
320
22
517
424
563
693
503
112
109
441
21
476
75
295
335
102
263
689
713
85
768
605
466
319
340
104
337
321
53
636
711
812
125
781
515
542
311
65
517
569
337
374
539
65
516
588
360
829
728
817
275
749
499
250
322
325
189
152
337
794
714
69
608
601
50
665
234
788
199
552
611
799
779
349
476
52
374
715
769
171
648
697
16
14
11
614
97
447
180
132
390
183
537
355
67
544
774
404
437
668
608
410
160
826
659
401
555
43
379
198
736
569
134
256
241
452
614
328
644
205
230
223
99
166
788
47
33
710
98
90
196
141
484
667
145
104
277
309
196
449
380
175
183
699
202
624
175
240
565
160
251
241
476
703
171
752
705
620
93
289
37
175
167
154
111
240
351
80
88
563
533
462
360
748
128
520
216
121
430
765
115
635
15
169
199
805
786
271
226
569
115
281
758
576
669
495
145
300
403
293
759
268
752
699
773
447
71
79
615
89
552
547
547
151
224
588
297
734
392
486
205
222
600
583
275
113
197
503
341
173
164
15
177
749
112
331
784
52
44
368
370
318
30
34
542
623
380
437
449
334
653
801
593
681
488
268
558
462
223
341
664
639
158
187
437
12
382
102
757
198
164
430
244
482
278
627
635
129
22
58
4
770
772
452
585
178
337
1
812
139
651
446
451
269
632
229
19
697
104
755
594
86
58
343
80
523
31
789
570
292
100
322
181
395
630
765
800
546
562
563
168
494
420
288
696
584
814
711
699
551
228
11
806
231
576
560
587
795
638
727
752
206
377
388
809
711
541
388
723
96
219
303
23
508
449
211
161
471
680
200
235
656
671
131
35
64
326
259
174
167
148
144
490
308
232
362
321
575
525
425
424
664
812
504
339
825
142
589
251
444
438
103
330
144
733
340
749
191
618
226
635
430
350
6
750
220
278
108
152
410
743
185
382
796
823
783
358
344
636
325
533
386
344
482
267
308
389
348
227
39
727
734
566
707
652
720
342
100
301
340
376
739
664
307
588
154
592
274
90
122
406
392
209
697
627
229
741
384
590
713
661
580
130
146
781
348
599
486
165
706
11
170
120
108
559
397
216
738
84
216
142
2
275
423
69
301
141
740
283
433
756
469
558
612
64
330
419
245
27
403
440
764
27
674
493
476
747
602
591
476
71
429
671
792
332
106
459
261
463
509
354
732
724
143
406
289
152
774
634
39
423
163
743
368
164
72
316
435
108
77
724
34
370
526
211
419
21
511
203
738
177
651
679
72
579
285
391
627
364
112
793
482
97
41
202
722
514
467
499
390
749
33
814
337
10
198
37
530
180
297
231
187
190
224
802
601
737
237
27
582
74
139
524
399
389
243
244
599
317
308
455
81
821
476
175
576
713
298
771
340
124
332
607
202
722
157
339
28
791
25
197
161
143
543
27
621
447
419
544
646
719
737
456
75
193
90
830
192
254
254
271
421
554
576
91
530
54
75
70
255
303
153
653
420
782
141
118
429
394
109
583
493
743
6
576
288
473
718
236
751
192
188
643
640
81
623
586
687
483
783
672
369
753
371
234
135
58
204
269
76
532
154
317
445
368
44
407
221
757
697
367
434
428
192
13
745
716
812
256
18
453
487
363
399
58
312
654
811
181
350
409
583
642
422
254
450
271
756
825
373
137
545
34
281
97
526
309
7
829
589
174
169
121
284
745
798
39
296
757
626
298
708
375
642
204
506
111
63
71
522
717
692
230
578
658
401
115
23
327
629
312
27
285
377
275
30
241
673
320
342
572
177
116
319
515
41
178
413
182
754
344
562
345
31
554
324
494
791
22
32
624
680
220
290
462
169
670
729
830
184
765
750
526
254
458
263
303
764
492
646
26
394
208
450
801
394
563
712
802
770
223
319
170
736
503
4
687
752
688
708
238
59
65
467
724
64
272
421
369
545
69
252
423
43
516
212
417
226
83
351
551
13
446
274
815
330
552
804
771
625
734
589
769
72
36
645
124
606
749
23
6
262
772
416
707
341
578
96
53
388
422
150
235
496
109
292
90
357
576
446
300
735
389
598
431
747
199
89
374
147
126
801
146
123
605
823
445
468
817
213
176
738
595
316
472
741
292
39
345
568
444
125
296
327
90
808
741
449
41
816
385
520
231
481
828
828
560
56
760
155
297
751
109
152
165
789
687
137
440
354
828
754
54
644
52
531
64
793
725
139
151
363
688
500
399
287
640
62
501
365
132
823
17
210
713
242
123
667
505
336
451
794
100
333
652
821
541
487
265
585
200
451
823
545
569
558
222
345
242
408
805
227
283
675
98
191
494
264
437
190
579
332
587
249
42
675
47
600
137
780
231
353
240
11
337
629
141
755
764
648
278
313
493
331
306
827
255
667
323
797
713
233
597
55
724
53
33
93
662
177
136
541
505
175
382
554
229
487
521
18
295
290
409
193
301
350
471
443
113
201
646
192
166
379
375
233
422
358
540
700
460
446
587
100
308
491
820
7
764
525
679
631
729
592
223
104
288
317
202
604
48
104
188
111
528
515
30
314
148
635
629
702
730
92
688
575
746
699
2
335
539
736
85
539
372
471
176
180
246
740
444
409
269
503
783
551
812
21
806
702
275
774
323
337
69
148
71
524
199
810
304
282
825
491
812
763
465
359
341
726
625
255
160
373
790
235
20
414
135
201
467
365
177
812
691
605
331
179
748
573
255
819
99
555
544
666
302
401
480
540
655
51
493
675
274
34
516
439
156
113
87
690
224
721
211
261
480
455
613
393
426
736
828
195
264
568
602
358
9
165
752
159
659
379
403
643
17
699
675
331
71
82
824
363
377
23
533
348
280
76
320
264
244
41
661
807
807
202
616
224
205
727
402
124
87
803
112
593
19
777
572
41
602
415
700
317
181
134
726
18
98
711
160
762
581
594
554
135
528
781
638
154
693
208
87
223
744
565
593
159
433
641
150
173
762
294
455
74
658
774
156
318
641
360
210
661
789
823
64
109
692
744
798
728
518
257
370
322
96
39
817
676
139
562
803
456
318
333
162
390
131
301
590
646
786
228
766
228
90
143
306
240
777
484
701
347
265
686
617
533
426
150
282
36
744
518
560
455
447
18
675
9
279
411
151
171
604
674
79
707
522
684
825
105
568
5
748
211
721
659
199
273
248
255
399
746
483
791
284
438
268
245
405
308
7
315
103
255
758
658
829
331
643
89
655
703
339
652
781
684
181
389
685
305
612
381
733
757
240
31
420
210
259
779
550
277
757
76
540
8
632
282
587
140
266
823
799
416
305
617
200
575
793
376
376
131
260
499
203
502
387
696
254
406
772
75
497
754
718
490
557
188
372
801
358
249
533
208
292
549
276
165
123
801
804
617
172
583
570
614
247
606
384
644
257
621
238
758
488
545
551
599
707
575
257
386
595
634
535
111
127
488
9
400
452
364
21
201
379
767
759
598
726
210
808
120
464
358
736
327
451
310
644
470
392
458
827
238
145
249
536
31
165
42
71
569
827
134
369
108
588
397
752
644
757
315
594
450
714
138
459
341
639
200
163
143
756
173
37
206
479
730
462
512
657
501
181
392
363
508
267
398
383
623
412
388
799
196
51
382
377
111
493
43
649
49
365
120
271
200
770
55
759
627
218
567
27
370
776
121
453
319
162
700
170
581
214
78
168
611
100
26
190
414
416
441
671
572
277
332
694
771
648
77
30
735
412
757
524
284
401
577
490
445
455
228
509
197
378
471
708
479
419
66
819
771
127
212
317
157
632
52
176
752
232
327
771
113
454
4
562
452
402
206
363
536
133
715
392
474
563
495
157
550
741
170
676
608
330
295
689
348
644
117
39
377
268
779
629
207
497
347
823
695
257
464
580
610
157
105
819
120
107
521
189
284
473
343
527
644
534
388
458
300
461
490
179
344
31
781
766
212
597
239
136
561
776
102
615
156
269
518
292
319
653
262
266
457
375
438
261
664
498
471
477
656
236
76
633
707
633
464
18
647
77
156
614
758
580
536
461
596
792
212
431
722
812
67
163
111
715
691
336
418
777
144
641
200
191
52
750
179
23
517
452
61
142
397
430
773
622
454
124
83
252
583
326
182
471
816
782
227
277
519
424
487
700
309
754
65
318
552
257
278
461
558
316
146
743
656
165
793
226
350
607
388
64
149
185
615
153
795
300
445
156
738
502
144
102
30
479
376
581
522
581
407
30
236
190
34
339
145
636
164
437
787
266
204
471
165
210
303
381
103
705
239
19
487
581
783
805
73
489
291
578
241
578
395
226
36
700
605
565
662
566
304
412
333
599
474
221
50
229
605
311
528
8
34
77
781
639
274
528
17
637
816
819
24
432
139
329
211
292
679
824
385
354
728
478
125
356
809
273
275
293
48
51
610
176
478
444
726
130
114
236
464
633
789
440
657
229
599
442
648
554
181
651
305
696
438
502
671
761
511
237
304
581
101
44
630
679
722
282
503
635
43
798
705
162
58
271
15
681
278
676
3
148
148
367
232
163
402
344
764
98
186
300
1
346
212
673
3
621
793
777
80
820
96
88
410
469
387
181
515
174
227
309
442
290
391
172
254
603
654
561
701
384
493
113
697
730
382
525
458
184
145
738
240
326
54
330
640
126
773
632
210
642
275
629
219
103
707
468
6
417
102
355
476
491
429
709
320
777
8
451
797
19
798
524
159
713
731
386
29
614
661
346
118
9
429
343
77
75
61
345
273
726
523
108
501
547
106
441
740
725
491
27
114
29
691
344
23
650
494
46
501
9
614
84
705
531
717
264
302
206
46
583
101
29
115
821
381
692
812
148
471
60
39
665
512
230
604
32
493
676
601
157
249
761
236
511
278
525
570
826
717
441
389
220
462
257
549
611
437
410
347
300
637
307
140
689
691
428
348
227
42
739
782
81
456
491
679
310
158
581
493
3
603
454
481
453
5
779
173
188
390
791
362
160
396
175
601
230
358
547
570
371
84
700
179
802
477
682
708
323
350
602
378
699
692
82
750
42
452
375
441
679
130
554
330
818
721
290
158
544
659
1
711
60
214
268
303
282
190
513
235
385
527
621
113
247
174
277
558
760
450
168
632
746
730
393
110
266
632
36
552
22
24
735
227
795
23
190
296
775
650
326
649
289
191
498
255
351
496
589
597
608
735
180
284
457
813
417
104
620
264
743
681
562
14
762
53
429
186
334
812
431
209
194
531
659
210
742
543
543
748
153
714
448
819
770
304
447
541
370
136
337
432
417
521
270
414
261
126
240
303
170
175
785
708
333
50
464
249
481
116
150
413
625
431
332
460
168
792
349
695
421
416
446
635
450
637
710
312
109
650
157
823
800
62
382
620
2
515
418
552
816
53
528
763
363
91
560
109
484
678
91
425
746
170
758
392
656
48
447
119
535
635
395
337
306
488
153
597
208
159
715
551
67
142
703
205
706
226
432
244
204
780
8
296
490
289
619
738
105
327
584
178
693
192
309
85
177
171
354
704
754
368
815
554
484
701
47
667
769
370
519
349
152
284
462
552
575
77
655
825
487
268
516
339
522
799
146
153
523
225
126
21
491
276
725
594
571
595
110
110
739
51
21
601
738
730
726
499
204
429
425
247
391
4
550
595
362
548
188
317
647
31
414
196
354
696
335
228
594
364
429
645
162
462
809
269
198
426
494
807
726
187
130
745
165
649
668
236
573
146
112
110
478
762
721
122
123
493
435
699
763
488
711
476
829
182
780
28
118
410
79
432
286
333
179
44
22
26
521
749
104
656
144
797
578
419
338
17
70
489
695
232
648
92
28
147
503
157
632
443
683
814
758
702
256
100
332
26
25
70
496
80
36
490
255
790
618
175
522
195
653
115
90
405
689
178
134
684
331
482
526
420
611
555
601
183
654
741
778
467
796
461
320
368
375
738
248
348
519
758
344
171
74
401
805
213
830
508
779
115
770
143
231
392
525
518
409
561
376
22
655
500
207
488
748
667
813
33
79
367
578
49
581
663
661
815
375
597
29
784
201
396
223
594
594
632
655
236
622
268
211
772
58
524
616
631
771
58
503
482
617
746
797
313
324
395
475
774
785
575
415
815
215
103
439
814
477
520
170
400
295
811
663
330
626
204
238
633
760
681
36
378
456
398
114
664
284
720
590
155
415
402
304
114
448
136
287
226
618
179
507
680
145
511
338
767
475
126
815
100
749
574
64
151
671
566
496
614
221
314
316
682
800
700
321
448
353
637
602
463
339
13
559
715
485
746
312
602
643
380
81
445
668
646
716
816
511
170
516
757
563
801
515
93
132
209
127
600
810
188
773
515
14
219
453
284
655
316
247
443
176
489
622
624
799
264
117
434
1
366
462
211
543
669
463
706
551
85
265
262
812
205
291
637
200
206
489
581
375
600
640
713
211
87
11
359
411
481
416
91
556
343
267
726
10
584
818
585
272
434
608
371
417
321
683
386
250
331
779
757
428
67
401
314
732
800
331
572
823
626
489
151
517
88
817
80
113
199
163
801
280
548
686
350
102
292
483
645
287
167
429
591
96
328
110
411
350
445
289
298
160
550
488
607
644
442
739
387
55
108
288
529
798
555
408
488
298
615
129
217
111
64
510
401
462
722
90
178
308
143
289
799
555
675
51
557
160
203
342
684
427
709
600
301
691
36
709
390
135
781
669
425
582
37
811
191
791
719
558
211
4
149
787
626
254
542
162
505
519
565
615
376
781
488
317
756
335
265
165
332
55
775
540
531
202
435
116
425
87
257
640
37
641
694
40
606
207
82
71
582
454
211
260
160
57
316
509
809
779
808
685
38
233
677
137
470
139
288
36
577
35
524
685
121
495
95
738
218
779
305
261
209
682
700
407
348
430
358
788
657
604
291
498
743
699
116
372
604
382
369
32
140
235
94
651
410
600
554
105
193
607
544
758
612
261
827
478
416
417
506
762
239
17
674
819
804
505
205
288
752
197
682
53
604
95
170
279
357
641
42
4
63
670
475
261
289
801
244
391
671
7
367
320
286
511
49
203
563
483
632
50
204
5
75
812
282
330
17
821
254
631
415
714
491
114
114
569
265
528
549
765
495
362
7
814
709
93
593
278
319
702
83
523
769
789
387
401
346
87
182
634
751
314
570
254
382
99
101
441
48
153
476
328
383
172
500
38
303
351
353
89
4
464
449
819
208
615
147
156
390
278
614
244
403
409
644
117
281
795
205
157
757
254
484
622
54
447
582
537
459
819
539
371
83
319
118
726
752
691
364
230
200
589
512
481
547
599
160
598
181
723
693
139
426
295
348
812
238
148
718
496
287
148
75
661
829
170
635
63
168
466
758
248
708
581
168
67
342
200
416
33
464
399
552
427
212
42
420
345
369
152
427
588
19
34
341
17
304
654
512
727
605
530
127
396
686
365
711
154
316
435
425
261
176
229
809
7
638
33
622
18
664
721
192
177
608
349
593
222
8
469
725
575
661
315
477
294
596
779
449
97
287
205
176
376
252
263
736
264
715
725
225
97
715
821
676
504
420
448
52
44
766
160
210
21
598
250
395
798
791
252
488
825
213
702
29
692
627
707
496
780
469
201
411
595
361
72
790
33
67
727
634
746
228
491
412
441
1
11
350
90
43
59
381
426
93
690
778
342
168
329
183
777
648
827
66
545
151
421
439
448
74
429
563
716
547
571
94
101
72
62
439
459
655
298
490
100
797
718
290
247
17
362
672
492
634
597
562
576
645
765
753
502
53
801
524
59
428
280
182
702
591
183
18
781
578
662
249
63
248
656
729
373
757
809
530
108
543
667
154
273
821
415
538
532
736
376
410
598
741
198
731
809
47
542
294
532
82
57
246
451
130
600
664
254
275
366
439
467
645
434
610
422
9
439
548
206
269
48
497
89
829
167
650
367
324
100
408
758
748
48
827
36
407
476
472
412
389
469
636
411
138
522
664
320
129
510
560
497
239
610
697
601
246
634
242
343
801
191
128
78
277
551
528
197
610
443
280
690
351
369
187
171
170
158
679
329
420
476
39
556
725
507
708
548
619
302
353
89
41
210
708
114
139
172
635
621
67
647
608
767
438
795
291
777
746
681
102
385
58
240
799
203
308
27
501
286
667
364
507
689
513
70
754
169
521
712
736
194
382
501
752
613
218
648
685
806
312
726
258
432
430
732
229
57
702
283
175
112
547
533
795
5
563
416
483
577
125
401
794
526
541
296
339
242
182
490
378
817
415
419
335
589
105
686
704
737
446
40
779
248
162
20
448
370
483
151
596
199
38
212
462
231
59
470
414
766
112
725
256
354
656
389
706
133
669
29
330
456
318
248
79
56
484
759
602
727
465
510
355
704
439
348
447
63
614
578
533
452
282
246
543
42
696
253
613
299
33
183
95
590
821
341
203
121
632
749
372
659
511
746
425
560
372
292
23
72
248
735
539
522
655
701
358
287
449
818
21
633
627
528
773
195
334
602
460
485
351
667
222
421
552
120
428
152
746
407
826
219
455
402
518
534
84
12
384
411
413
163
363
406
544
38
825
593
307
241
780
706
525
66
792
81
196
618
647
770
1
470
320
194
215
337
110
204
502
254
766
542
26
505
380
389
658
128
473
470
246
246
422
596
626
475
755
284
534
366
492
56
589
73
409
632
103
414
209
307
664
117
334
393
377
279
302
366
428
41
314
225
472
303
649
34
347
665
8
755
751
460
407
663
518
142
819
442
65
731
27
356
378
170
150
83
828
586
147
191
160
71
467
730
346
725
314
747
559
478
272
351
353
743
129
286
146
513
392
572
290
726
503
356
780
331
123
673
73
388
260
630
511
377
721
5
9
201
549
253
668
487
268
331
359
758
486
380
212
36
426
663
195
367
203
563
185
539
655
473
556
210
771
416
770
457
384
296
675
445
674
10
402
224
665
596
379
325
133
447
673
440
820
82
257
148
703
252
100
805
655
448
68
285
29
498
443
284
745
453
186
497
204
488
519
257
259
531
197
129
102
653
823
605
745
689
213
379
529
161
310
112
602
110
482
179
561
589
487
61
494
72
15
539
521
15
555
529
325
111
387
75
355
732
654
818
625
237
507
283
667
808
466
238
461
545
804
752
42
168
351
212
427
269
399
63
58
189
119
88
691
663
820
652
307
440
402
635
137
821
222
161
142
659
778
202
474
732
560
160
277
188
57
211
509
570
431
394
823
423
299
823
59
659
656
146
486
186
323
478
343
762
91
566
313
823
233
813
734
596
553
29
379
8
472
3
814
11
524
648
569
162
590
601
18
443
363
33
752
729
594
723
686
54
820
715
730
560
800
4
141
432
158
697
784
353
58
286
172
105
127
362
713
389
166
726
239
633
611
267
611
468
789
504
248
416
144
508
290
321
570
395
105
425
570
645
665
618
561
378
589
763
804
328
167
267
642
251
129
320
384
150
80
333
778
742
579
405
633
677
353
453
636
415
169
19
56
271
670
201
795
303
794
697
179
106
62
48
826
419
390
119
364
507
83
368
392
519
240
224
228
273
290
696
473
705
209
760
511
260
282
256
23
432
754
550
335
480
258
255
461
106
367
39
812
819
444
622
775
316
119
797
638
268
273
126
109
417
19
85
26
14
684
679
173
723
567
126
96
645
432
32
223
343
731
435
22
815
419
668
239
419
219
654
69
46
516
541
24
229
288
125
42
538
766
556
606
327
460
741
436
68
76
280
780
181
748
623
774
151
822
120
372
438
433
10
545
70
87
100
620
623
605
51
253
729
624
558
806
517
384
436
644
801
213
581
830
246
74
404
338
679
698
266
372
561
94
354
450
562
684
285
411
28
599
96
624
518
233
79
113
137
271
292
541
120
360
176
38
72
449
783
6
814
393
374
243
62
145
2
314
609
580
13
514
465
286
465
277
545
649
465
436
578
146
647
317
536
167
686
26
216
765
460
316
332
742
81
104
731
295
49
253
396
543
761
769
201
372
229
390
793
439
300
808
117
359
254
635
401
104
472
739
633
14
752
16
165
618
759
110
461
228
277
347
233
125
421
338
830
214
129
740
708
122
497
638
279
492
660
509
572
334
490
231
596
155
488
425
460
532
738
97
157
18
305
719
710
535
447
711
268
455
310
16
154
81
375
813
532
607
173
6
374
68
759
279
635
592
778
677
498
464
745
553
506
827
19
411
351
466
552
501
31
316
402
148
156
763
157
791
350
60
804
822
449
351
406
44
197
314
305
526
54
243
516
672
537
316
373
814
495
547
248
608
507
149
460
305
177
219
339
591
690
463
315
102
348
587
400
262
627
759
363
316
717
90
76
135
684
541
743
321
665
621
383
75
354
92
531
4
282
249
111
210
697
485
416
75
663
28
772
297
628
279
241
409
237
287
196
73
662
457
766
557
188
408
489
623
511
567
826
373
703
304
311
810
556
521
605
563
124
314
795
245
417
723
730
296
333
320
16
60
251
147
660
535
449
387
477
54
258
569
273
261
104
394
446
258
806
779
760
639
526
23
214
381
101
281
67
317
199
639
482
70
205
63
739
241
288
189
425
172
492
573
738
282
544
129
191
620
63
112
815
378
300
506
678
336
280
329
535
64
93
14
652
45
549
120
684
508
133
526
117
441
694
367
367
376
229
245
825
598
123
827
603
63
555
69
614
486
829
388
401
250
645
647
577
299
830
694
20
141
72
142
661
69
248
771
128
291
660
769
484
434
279
588
185
797
233
700
407
710
726
316
133
429
340
520
53
101
698
49
787
301
202
756
235
270
578
49
345
244
689
38
455
700
778
88
514
84
196
195
566
568
598
757
2
792
547
744
458
389
479
591
441
367
147
368
165
449
106
782
500
378
516
279
558
327
210
26
712
294
425
492
403
89
553
499
14
37
370
164
299
421
432
60
819
388
697
375
213
173
317
233
87
446
169
527
259
464
538
380
112
418
727
131
703
206
355
774
225
191
318
120
569
163
315
125
705
376
269
2
711
163
388
825
549
401
789
86
409
701
187
754
275
807
625
336
612
22
443
723
537
419
430
45
266
83
95
799
16
417
33
262
414
54
450
282
796
238
43
302
299
797
741
266
648
763
185
453
44
682
222
24
223
654
791
525
602
355
449
578
573
402
417
575
388
18
412
474
82
783
509
500
571
669
774
218
417
291
308
130
324
418
330
121
10
390
597
325
114
728
507
705
544
480
779
400
43
48
229
791
168
485
739
697
666
383
196
308
539
814
563
438
345
294
617
209
134
806
404
184
604
703
760
631
162
794
114
53
588
473
563
527
578
567
234
100
672
657
357
160
24
244
212
244
317
378
686
484
784
168
119
236
172
518
295
158
705
567
719
333
721
687
34
309
601
69
500
309
67
293
335
487
689
191
272
795
369
165
529
734
769
410
98
579
87
373
644
687
504
591
506
190
391
59
76
320
524
719
157
209
407
485
417
266
349
349
188
90
795
620
642
513
768
616
170
732
464
143
739
806
632
748
622
451
576
536
263
608
224
753
641
490
73
103
8
511
339
545
734
18
595
339
696
397
256
193
193
15
395
390
246
247
794
806
721
13
724
704
358
593
519
602
93
466
501
610
219
260
453
359
415
352
669
285
497
103
64
823
184
496
369
332
632
415
114
256
498
522
787
32
495
553
664
780
458
142
257
713
155
743
178
33
223
463
75
50
154
571
440
202
669
122
261
636
565
583
163
775
733
828
70
300
657
585
349
478
43
790
121
137
589
549
662
298
552
277
479
110
700
342
319
53
341
217
284
184
797
105
753
283
336
641
283
673
798
404
395
79
326
659
249
550
164
702
75
72
566
63
218
302
51
689
346
820
321
209
636
289
713
147
248
544
597
52
446
69
451
31
585
634
304
44
202
638
209
268
257
423
440
507
579
15
16
174
793
482
399
637
585
70
708
392
721
807
268
531
52
291
267
240
212
461
361
772
703
146
564
778
556
30
345
311
643
172
762
170
736
49
444
285
508
287
544
296
543
561
92
241
83
443
228
245
59
391
419
331
732
160
58
617
138
99
221
447
328
768
108
767
718
752
315
739
650
257
429
751
118
5
159
651
132
819
32
250
474
195
145
12
251
302
769
718
61
195
538
510
609
263
415
704
238
350
254
464
617
102
713
5
711
253
191
396
420
132
825
647
652
285
820
270
80
503
119
721
736
391
571
297
378
22
172
639
380
783
683
716
3
384
65
153
300
717
814
395
516
251
52
137
122
739
343
785
308
595
229
625
545
599
219
142
814
534
108
281
33
775
56
821
332
549
569
44
443
607
471
537
770
123
216
49
420
69
539
343
383
786
98
740
294
341
64
262
96
777
206
149
211
158
647
173
738
182
181
308
314
554
807
562
63
297
500
593
681
74
168
304
483
369
674
573
233
510
380
12
414
664
167
254
126
164
183
120
680
428
669
247
537
542
382
323
830
771
828
190
283
197
826
615
351
319
201
127
248
402
737
660
21
231
164
698
737
428
297
225
365
302
128
596
549
151
88
444
197
63
535
309
124
377
567
503
3
137
682
709
266
40
253
668
85
270
713
413
4
348
155
377
727
56
602
249
266
659
674
220
560
771
641
647
215
133
271
614
415
24
194
207
334
289
687
665
207
442
74
624
279
217
150
628
433
577
186
27
442
140
805
90
658
544
573
368
160
421
188
330
560
539
307
263
276
795
113
809
492
749
812
11
601
97
321
778
325
220
633
779
408
673
145
768
788
774
793
732
218
551
587
575
265
805
168
358
242
687
365
67
626
473
742
602
681
737
236
620
306
524
293
224
74
626
82
804
113
197
540
592
86
695
512
737
73
318
136
540
304
124
805
656
258
297
471
76
729
369
184
157
441
450
708
340
8
746
285
34
514
792
103
548
662
795
619
768
158
502
773
292
609
209
740
17
122
740
389
717
771
376
317
355
712
478
539
736
106
177
606
378
452
738
794
678
236
453
421
233
129
481
717
494
3
730
791
632
745
639
633
191
517
571
811
592
15
99
393
741
116
611
157
308
481
812
88
612
29
240
386
85
802
148
264
518
12
487
579
405
502
588
352
739
16
41
290
598
476
687
810
250
828
727
497
723
443
48
352
584
786
126
41
83
299
199
111
770
754
725
274
92
58
543
435
9
583
540
650
458
741
291
195
264
374
812
415
40
603
75
82
618
500
508
566
190
279
130
491
498
384
250
679
19
487
680
434
512
830
43
296
423
621
561
580
577
200
306
313
204
128
101
629
425
549
30
541
555
222
629
456
783
2
35
296
32
90
243
155
770
797
545
177
218
109
455
480
273
137
647
130
13
1
249
503
10
517
607
286
174
453
747
271
460
4
418
807
672
724
404
766
639
804
428
294
119
671
227
67
320
707
664
609
598
684
100
779
408
127
514
540
346
345
495
217
641
37
298
634
826
780
327
443
304
691
135
676
360
756
341
148
45
724
249
213
645
181
438
450
718
396
774
151
306
1
51
318
388
753
700
711
482
425
71
264
503
477
591
527
341
124
580
490
779
390
447
273
249
314
486
537
21
363
531
228
421
765
237
653
313
48
509
444
427
155
760
504
598
149
444
487
292
625
252
365
371
615
501
504
511
123
398
571
603
768
773
269
544
211
81
374
599
813
500
736
147
294
751
334
66
681
618
88
138
733
495
88
569
693
703
472
115
156
511
349
281
676
333
691
722
282
285
779
802
54
307
231
137
266
193
653
252
115
789
343
221
633
507
491
828
818
10
324
658
248
510
140
489
113
337
535
534
600
354
626
224
24
123
199
45
621
264
760
635
557
317
64
613
374
114
629
660
763
668
491
194
63
601
707
489
141
757
718
430
693
773
329
227
746
516
616
189
554
689
62
444
802
688
478
350
270
507
354
535
652
681
477
461
456
598
238
88
234
589
231
52
247
235
295
461
444
471
560
401
297
364
676
695
291
319
120
38
281
97
721
372
10
392
620
297
416
82
790
802
99
787
502
242
672
539
652
323
722
498
254
316
386
50
406
512
66
350
242
263
221
362
163
159
812
196
528
81
740
237
253
450
127
830
15
620
211
555
422
648
26
679
275
580
7
271
126
223
94
413
511
416
84
700
442
634
612
490
284
704
148
171
629
229
121
615
722
765
592
372
303
394
108
121
375
120
373
160
428
54
537
179
790
238
753
410
587
623
390
236
337
298
361
283
293
322
738
304
119
185
830
373
778
791
39
180
442
305
298
462
696
86
818
26
370
63
310
579
604
660
410
393
619
611
178
281
645
555
153
385
736
787
614
584
388
566
568
344
744
794
725
459
730
261
830
41
627
114
91
34
657
51
587
398
817
148
559
746
440
636
8
808
37
819
683
413
389
688
257
780
650
119
542
33
763
47
37
167
159
708
474
126
290
230
261
83
740
196
413
700
109
801
215
68
467
768
719
710
220
434
593
383
472
593
438
786
461
308
359
482
829
19
144
268
333
727
819
570
446
90
218
621
718
188
463
237
126
682
373
5
273
622
279
67
151
608
225
148
816
601
801
8
788
208
231
516
688
727
824
797
589
409
341
464
257
297
635
69
387
102
786
240
791
735
521
682
344
376
694
75
139
670
512
544
399
720
385
473
27
179
830
22
667
468
464
729
241
5
476
416
473
395
474
306
648
4
35
664
373
71
399
431
209
768
336
490
738
406
359
141
103
401
605
20
79
104
758
360
128
63
201
496
340
828
230
227
478
263
71
714
604
727
786
590
329
325
773
135
809
731
243
105
466
691
27
651
571
259
759
414
679
6
303
707
288
236
595
309
269
188
520
14
47
807
120
817
801
585
134
658
516
553
82
194
415
592
419
661
335
470
799
782
594
74
692
46
323
325
525
466
499
432
379
73
547
768
798
95
505
53
337
752
552
533
38
9
728
367
673
114
54
148
516
553
108
467
14
134
210
63
425
376
487
375
154
426
600
473
627
622
687
654
452
258
115
303
314
548
715
704
636
583
628
360
224
398
740
336
708
495
167
175
561
223
131
65
802
786
531
514
339
115
273
669
304
527
745
820
617
441
348
576
659
538
773
77
106
88
342
545
595
47
486
704
7
182
405
122
805
144
774
823
247
53
493
479
814
331
631
138
402
639
439
40
441
709
758
731
297
364
255
782
463
566
87
171
657
426
379
247
314
465
448
829
356
338
305
812
630
724
129
717
797
524
111
151
672
12
628
225
788
24
778
180
181
464
780
88
800
694
654
154
665
700
106
521
76
222
114
754
817
549
782
232
630
772
523
774
441
719
799
30
749
640
156
222
236
62
242
150
289
449
625
828
501
190
470
810
404
678
755
482
785
351
690
347
813
737
522
629
724
457
278
600
773
4
291
117
169
265
694
35
256
540
270
149
230
360
497
516
714
581
176
240
622
429
2
731
610
665
658
449
431
406
559
643
179
259
675
797
754
445
574
308
262
789
22
597
107
583
500
303
520
505
417
385
110
430
261
342
445
206
38
698
813
703
554
550
182
567
139
35
91
773
768
387
84
752
502
505
205
713
722
466
669
120
406
235
304
417
71
462
208
287
84
311
534
478
65
577
742
547
235
404
660
530
657
448
131
620
254
383
124
581
89
713
85
765
249
381
75
443
108
290
591
208
810
633
8
619
570
773
63
170
714
822
135
802
574
349
433
821
296
115
268
41
432
677
476
793
359
585
782
324
803
731
186
559
537
663
258
409
132
4
454
417
797
58
369
78
147
132
108
771
185
234
3
812
410
368
799
215
445
607
14
19
452
36
65
589
278
112
778
596
666
574
408
601
550
213
401
2
590
360
648
7
321
129
749
738
560
456
262
718
315
105
9
572
540
821
781
345
284
382
117
427
761
506
111
705
167
105
353
433
615
498
716
371
354
441
631
304
707
332
701
568
236
530
369
45
523
289
645
332
790
61
256
280
465
613
801
40
104
47
314
466
787
165
67
240
89
560
151
146
22
147
294
321
41
710
515
778
574
192
84
201
188
544
323
198
667
133
227
270
241
410
653
313
581
90
679
181
213
128
338
730
508
667
587
781
418
537
255
187
133
381
200
56
787
664
718
781
687
351
730
410
414
86
16
171
164
478
182
470
468
106
560
25
103
480
130
731
20
169
259
365
761
31
361
97
168
29
130
3
299
499
536
784
75
365
289
149
378
757
235
391
187
740
750
122
579
397
166
72
353
665
14
179
89
760
97
535
34
367
521
288
814
143
755
228
588
2
96
156
36
822
415
492
572
428
259
259
764
450
492
735
642
70
674
44
513
577
571
490
131
616
742
353
164
84
51
731
563
365
296
69
482
269
471
320
610
756
697
385
676
729
818
5
89
677
660
423
378
41
629
459
497
178
537
670
303
799
791
352
354
290
82
396
746
310
663
458
547
768
530
804
288
572
182
511
723
754
699
204
721
276
813
741
206
462
424
262
517
187
467
469
503
694
628
212
777
818
726
768
2
26
626
279
329
159
189
591
119
25
514
103
621
398
141
323
202
773
679
547
110
303
674
638
51
201
229
722
189
512
707
757
505
608
404
560
283
547
463
177
642
54
800
721
692
73
585
44
123
601
600
619
502
82
528
88
343
313
229
766
103
456
91
401
406
87
132
435
135
474
280
751
773
771
143
190
224
307
592
262
208
759
499
648
399
424
128
614
740
180
26
444
274
316
325
17
98
518
686
508
602
727
5
545
541
768
738
597
287
670
464
206
14
594
168
183
740
187
362
691
169
622
261
321
142
827
425
3
423
279
9
101
750
489
465
617
733
494
97
691
3
749
240
432
640
564
806
243
358
494
264
262
199
779
169
496
715
91
827
349
123
764
547
39
792
535
517
682
365
732
11
671
803
180
137
502
226
586
47
572
302
750
596
499
558
332
605
617
438
323
594
35
754
534
450
298
489
627
747
216
189
197
681
14
59
751
104
412
23
779
261
786
406
817
795
470
440
266
367
738
282
656
269
767
10
475
798
603
9
302
148
296
138
425
609
673
405
213
723
689
148
719
717
802
67
443
24
566
618
273
31
711
554
603
716
175
59
550
541
375
550
52
34
465
809
730
127
605
476
33
691
426
52
544
230
774
100
298
757
79
726
700
337
594
558
667
534
766
430
805
654
793
47
438
304
486
325
503
818
195
626
114
267
174
611
755
68
611
328
226
90
100
656
664
677
7
538
768
45
561
595
771
222
611
371
224
775
154
444
226
792
535
319
246
518
466
749
631
450
269
358
148
325
34
193
313
183
658
59
267
381
331
597
393
288
791
559
397
727
682
458
358
632
122
32
215
59
193
37
724
332
596
535
262
635
201
119
317
100
222
451
342
643
199
226
220
593
818
509
710
337
86
256
196
57
382
268
784
420
690
665
140
513
472
265
629
402
375
138
23
256
48
216
252
801
338
112
829
207
805
53
278
206
756
656
261
787
201
780
368
556
86
376
566
785
321
34
318
611
568
542
753
436
408
620
696
447
327
45
449
635
718
782
481
736
709
298
398
551
192
4
498
30
618
136
451
514
723
219
298
628
470
461
619
811
3
668
282
795
776
2
250
729
626
225
370
382
282
263
634
199
98
468
585
382
9
598
341
769
669
544
521
13
380
298
137
196
526
665
157
583
68
144
115
110
681
208
429
386
792
511
111
261
6
762
583
404
740
29
819
783
316
737
457
258
486
243
618
522
201
695
43
359
434
301
755
329
245
470
43
747
420
667
679
304
708
264
152
252
127
398
224
84
280
503
742
599
407
726
682
713
160
723
155
526
21
139
500
371
594
206
697
314
216
569
730
827
753
217
281
205
316
266
173
669
536
457
429
377
209
748
587
290
286
93
167
5
298
660
574
598
790
424
555
721
167
533
230
428
688
279
589
556
50
576
44
580
502
588
320
577
802
793
93
475
38
247
218
428
62
556
360
68
160
796
257
614
649
320
193
773
224
30
235
428
693
634
627
155
445
435
157
179
294
354
288
31
491
385
610
100
275
196
157
464
810
785
707
479
595
220
643
169
293
770
109
264
170
321
627
653
93
500
93
554
81
346
136
214
510
752
291
375
535
828
460
18
240
517
73
445
486
797
384
671
334
227
234
391
278
3
302
757
801
33
39
411
387
324
827
667
756
207
734
143
326
608
10
825
700
622
768
269
670
659
232
697
261
15
159
86
610
508
197
201
599
268
458
32
366
472
252
575
193
239
334
327
634
39
288
462
286
395
360
724
135
233
231
79
499
798
658
199
436
169
258
123
392
199
149
675
525
434
334
703
60
219
634
557
484
700
733
604
830
477
720
779
608
154
70
424
695
729
162
613
516
770
375
798
275
383
267
518
68
83
600
394
486
279
604
498
638
304
283
327
767
506
264
278
85
308
813
215
698
771
333
174
305
589
52
616
23
266
477
606
134
39
478
294
683
575
710
807
123
89
763
511
482
199
755
384
110
203
155
456
781
689
445
273
670
684
316
495
643
786
335
382
691
371
162
782
73
169
562
1
148
108
622
773
399
58
445
820
609
580
585
109
725
711
562
363
506
728
736
195
761
121
730
68
124
321
562
666
561
692
133
40
662
298
195
72
198
112
137
665
314
328
178
259
109
236
147
517
250
48
416
356
297
108
626
414
210
245
786
661
504
66
142
425
709
260
301
540
51
403
199
270
328
671
329
28
529
576
58
781
305
362
648
747
727
461
207
141
790
652
6
458
387
707
410
641
769
20
650
482
65
566
542
85
667
181
792
787
541
361
795
789
579
551
545
276
286
27
676
358
289
638
697
314
215
13
237
603
510
153
66
307
760
201
437
821
459
10
224
692
211
534
430
98
539
373
592
792
616
725
574
379
492
158
642
581
489
741
452
428
70
575
291
726
53
383
573
154
588
627
132
49
307
300
432
741
441
774
424
395
426
355
679
383
712
720
456
49
655
789
255
318
704
590
749
156
692
407
442
495
87
408
582
45
314
680
616
92
262
564
83
405
202
652
235
259
218
196
379
91
462
780
785
763
153
422
643
374
627
48
194
448
154
329
496
286
803
31
634
650
246
644
419
363
57
613
461
231
375
493
387
181
331
2
267
682
801
609
446
64
544
158
168
769
761
222
626
719
480
235
541
286
614
68
362
634
455
688
603
583
396
226
185
487
62
193
22
62
262
37
156
454
74
392
237
330
680
759
130
530
762
96
296
390
685
227
384
554
3
463
27
379
169
531
290
421
685
210
537
73
185
228
85
455
525
821
565
185
84
423
591
311
273
519
224
542
139
423
68
608
595
753
4
188
511
33
105
434
739
51
64
793
102
556
359
676
386
48
626
285
246
741
760
58
243
385
328
412
707
753
756
453
106
270
118
808
60
237
399
806
442
797
195
173
444
554
673
25
785
365
414
588
272
97
315
267
816
645
598
25
228
809
300
95
546
15
795
655
381
527
551
19
121
135
195
808
122
701
398
373
422
4
300
297
779
742
142
359
546
370
783
220
71
182
183
384
569
413
625
167
249
572
232
262
128
279
613
595
267
172
738
75
358
212
710
429
697
300
55
751
727
690
463
413
721
619
200
777
592
722
143
172
560
417
262
367
815
318
609
776
351
158
558
559
329
431
816
745
326
825
24
806
807
381
53
461
168
584
411
118
104
613
553
624
152
13
818
348
628
602
479
674
248
621
386
487
640
608
288
438
500
821
256
792
666
548
791
720
621
573
5
392
266
713
222
52
182
300
461
268
263
33
31
567
361
670
803
483
691
371
341
687
525
118
232
798
92
122
38
694
496
173
464
334
604
817
776
738
783
326
474
428
119
72
444
799
536
91
786
380
130
429
552
722
524
235
62
365
606
140
25
14
661
787
479
603
222
497
439
248
523
599
564
800
48
747
155
428
75
597
625
152
145
158
562
684
421
63
128
281
711
696
479
372
339
174
659
22
662
319
463
123
386
534
719
700
139
744
87
418
145
733
489
603
5
641
727
254
689
415
390
596
490
802
96
791
333
556
639
9
214
313
273
748
497
299
22
792
697
396
734
524
609
503
577
576
108
689
770
384
15
694
75
95
101
72
21
403
24
285
199
448
617
352
278
603
748
164
552
380
162
638
453
384
441
603
829
336
539
64
661
233
320
738
794
232
316
544
84
461
647
545
734
384
667
213
138
231
623
615
165
648
261
616
189
277
771
445
309
345
209
712
655
814
775
825
267
534
558
194
225
220
561
575
383
69
17
492
817
73
182
10
658
184
629
606
207
2
697
206
1
274
445
761
414
428
559
618
124
728
563
147
291
526
649
735
744
47
189
641
432
161
207
231
31
176
825
10
668
259
704
811
559
538
73
326
297
222
526
469
742
567
448
35
322
70
89
653
304
322
240
302
272
21
163
311
162
480
816
659
569
282
685
137
359
5
545
381
376
765
91
667
390
783
660
472
535
241
259
364
650
686
470
236
718
36
768
439
548
647
662
113
189
244
687
422
488
185
775
508
173
499
213
631
751
434
638
552
117
56
508
779
757
807
370
611
641
649
610
77
717
31
817
283
732
597
105
26
528
725
651
196
235
489
405
431
729
471
730
626
224
639
660
491
182
692
539
803
725
388
271
84
364
176
683
618
57
272
122
786
107
488
273
162
402
567
420
446
814
250
598
270
250
38
276
352
493
616
438
610
52
590
106
255
652
714
709
595
509
4
624
75
186
700
549
631
235
684
48
208
261
300
560
68
645
178
727
431
779
473
14
134
337
411
729
505
35
2
134
294
216
420
150
171
441
609
460
96
757
508
673
174
490
400
390
192
454
806
111
652
804
368
697
180
66
157
630
701
188
310
117
265
475
430
729
279
13
609
355
427
219
460
581
32
519
560
752
77
824
199
635
316
795
401
678
276
407
100
581
616
708
592
544
274
318
516
526
94
790
613
605
681
618
431
440
776
446
623
568
482
811
548
239
273
167
189
24
178
139
136
56
486
490
227
185
535
734
326
354
508
456
549
718
615
194
364
395
231
668
85
541
66
176
425
816
369
201
141
473
352
317
753
639
503
59
345
200
89
785
355
763
28
63
638
290
4
787
128
226
184
464
357
440
144
396
676
424
213
246
186
125
316
338
189
447
483
370
411
363
810
666
205
320
225
397
525
139
583
88
167
23
565
549
674
560
386
178
337
783
526
736
322
733
50
103
776
563
268
504
236
468
695
24
532
292
406
40
602
74
607
623
274
732
579
13
660
461
131
404
599
359
307
102
137
360
347
714
238
441
228
557
281
117
166
88
520
185
152
602
393
15
164
625
777
772
783
338
514
594
769
6
477
580
752
218
16
177
613
407
619
625
118
447
540
287
605
228
31
91
791
455
339
140
538
731
360
569
666
250
173
482
553
803
3
516
772
72
52
357
48
193
776
449
430
151
658
653
310
448
158
570
394
408
303
116
90
267
284
535
518
422
716
120
701
620
732
391
503
66
728
122
135
605
191
587
198
648
513
525
546
493
739
307
522
508
676
324
474
139
143
309
353
282
424
289
761
131
522
805
284
118
369
29
174
584
110
504
28
655
83
755
309
248
62
359
101
306
820
129
358
40
367
694
705
296
378
127
705
76
797
162
568
643
735
742
43
602
634
771
126
466
99
561
167
411
396
520
17
417
385
80
336
783
68
598
525
200
785
434
541
13
77
308
19
94
335
244
471
406
613
379
68
724
551
109
132
620
299
429
798
766
198
26
745
361
280
493
164
417
598
567
360
528
616
761
317
459
297
777
754
234
137
322
192
645
619
569
792
663
634
620
88
661
41
252
288
481
522
439
410
180
605
132
604
1
486
717
139
796
761
714
77
767
106
772
479
275
618
565
476
760
183
762
122
330
69
581
15
203
65
822
294
420
598
226
96
590
424
333
39
614
116
165
89
496
667
762
43
826
112
815
316
619
70
238
294
652
147
210
230
211
187
589
264
706
783
296
333
23
732
654
161
810
519
657
207
48
449
130
556
523
252
297
415
41
396
640
452
360
669
388
781
291
167
105
720
98
549
660
652
96
436
114
772
729
39
256
88
61
173
45
712
785
641
563
640
792
414
184
313
313
672
452
539
347
425
267
259
254
767
136
496
381
812
555
450
435
524
206
793
759
305
193
260
503
529
85
275
750
527
436
647
726
194
829
81
283
667
251
157
340
824
186
20
416
611
60
434
383
123
758
349
113
223
598
293
796
830
477
713
227
96
817
754
125
415
271
237
716
497
166
459
626
53
452
460
20
106
774
461
697
683
486
652
781
258
546
540
636
18
606
279
724
134
577
372
647
53
705
204
727
791
661
217
294
121
376
757
411
513
141
486
347
117
589
330
453
200
93
257
738
163
689
512
509
670
458
628
216
530
556
204
450
657
680
234
693
302
531
278
740
727
798
636
110
373
811
9
35
313
19
575
257
547
575
315
513
399
335
53
540
681
753
301
114
538
513
628
131
726
52
235
283
521
500
199
615
118
408
303
196
8
251
261
174
246
828
678
115
775
485
795
781
631
258
92
697
267
420
659
356
604
344
775
258
800
590
471
62
39
251
460
440
581
426
543
199
219
653
175
220
267
222
303
428
369
263
36
354
445
18
109
341
185
621
754
657
514
398
263
669
94
469
163
725
337
506
223
538
604
821
601
173
688
736
460
421
49
214
432
821
107
153
348
719
325
746
520
160
274
727
683
356
325
364
59
79
579
439
447
425
442
275
794
611
789
442
752
342
290
397
701
57
210
101
92
781
710
641
434
38
34
621
633
598
338
7
574
19
513
666
314
649
179
759
16
599
383
216
78
425
712
286
99
299
612
462
251
121
116
604
370
638
78
623
364
278
599
388
276
155
565
59
495
682
389
790
785
660
575
810
172
723
458
540
778
496
765
609
582
432
650
598
22
372
446
61
182
663
490
57
448
219
107
321
371
242
515
322
744
604
412
85
532
205
339
568
71
16
716
601
365
764
682
481
29
626
181
500
130
370
315
541
787
43
66
493
237
97
403
656
507
249
471
413
296
533
614
712
412
254
534
671
209
317
752
54
467
141
701
216
804
167
292
692
2
694
274
656
305
236
682
599
496
8
758
361
307
587
659
630
113
827
97
311
587
153
740
568
283
494
182
85
134
566
258
648
595
61
56
264
86
58
382
204
390
565
279
531
601
310
396
478
213
214
42
555
514
195
611
782
160
347
778
55
683
225
349
147
344
197
273
578
683
75
564
775
800
197
795
458
371
51
590
589
230
759
653
558
15
648
518
828
782
305
530
690
581
350
763
92
582
241
23
224
46
3
635
784
582
383
162
251
773
141
285
148
221
450
528
497
57
591
266
298
324
28
732
233
727
331
786
101
401
140
124
432
481
327
169
721
55
671
469
137
358
817
41
17
404
369
113
799
226
796
130
565
35
765
320
281
322
667
478
254
295
610
448
653
549
230
467
709
405
76
794
540
124
531
642
425
345
551
191
769
324
134
494
53
273
329
47
86
42
681
370
236
2
778
136
539
662
517
581
230
765
654
664
352
530
333
239
151
290
369
615
774
276
529
431
542
321
4
599
14
730
662
784
747
586
483
74
608
158
415
460
603
292
54
135
599
371
133
482
660
799
74
486
176
573
673
26
439
294
518
66
219
138
194
498
801
548
161
119
828
42
167
772
215
617
154
374
321
29
760
108
763
224
172
252
176
345
412
272
72
497
114
654
287
209
357
316
166
56
456
29
166
189
164
531
214
149
417
152
685
428
654
640
295
69
446
74
351
52
320
700
812
54
321
42
718
89
327
114
105
368
718
569
678
100
371
303
336
439
761
528
475
695
383
168
336
238
307
423
430
127
652
699
267
182
625
760
684
545
45
81
814
611
625
129
652
17
136
510
529
269
356
710
764
483
78
228
775
181
465
400
131
386
303
820
20
238
369
543
227
636
610
129
398
729
86
632
358
654
817
307
591
703
101
332
99
537
640
225
43
547
75
69
229
368
557
472
269
179
247
637
515
491
95
764
604
482
77
786
4
703
569
207
637
756
672
348
266
811
140
64
538
325
715
375
385
301
256
358
453
478
80
408
577
752
404
346
454
449
683
582
603
790
416
220
436
158
107
440
625
80
292
663
260
17
233
654
227
774
811
562
473
424
18
526
409
414
355
431
270
584
750
372
382
720
118
269
350
560
363
373
752
683
453
729
474
39
563
474
374
798
506
50
113
147
502
72
295
266
239
651
197
391
727
393
267
636
244
158
465
588
387
692
516
489
777
18
194
812
511
305
322
449
196
29
414
368
405
292
624
770
784
57
202
543
373
370
422
446
624
120
545
746
425
688
612
174
818
569
323
206
187
334
526
460
467
126
268
371
416
620
63
246
498
348
396
597
510
64
823
121
110
486
365
524
73
714
5
346
557
421
304
235
250
76
439
453
742
816
300
791
546
632
786
95
682
728
372
520
110
646
455
669
98
98
428
458
634
487
109
80
91
264
105
125
563
557
710
214
824
457
652
77
295
719
76
406
335
232
584
349
657
648
664
329
378
398
54
150
731
589
209
166
716
40
823
2
433
135
816
657
509
24
385
52
651
236
362
273
473
421
162
412
710
163
756
292
508
651
651
818
23
619
114
21
525
291
468
323
709
285
612
493
599
653
346
730
749
807
343
20
135
702
784
568
693
85
671
117
618
179
164
500
142
401
210
7
589
78
441
604
199
639
389
28
573
167
254
442
532
40
341
334
746
286
397
803
200
15
621
655
543
352
781
730
807
503
515
11
442
136
116
754
213
229
141
184
709
735
426
784
14
148
753
348
829
377
811
602
209
343
418
549
565
393
819
457
515
638
211
761
24
633
546
166
809
434
686
21
75
9
249
550
589
428
329
158
100
445
653
689
407
67
538
798
475
184
309
173
99
601
733
387
332
641
275
563
283
672
404
207
320
72
518
717
110
821
296
457
548
689
400
380
770
709
270
377
142
813
488
676
73
662
380
212
794
759
533
407
157
246
52
671
204
153
443
332
712
336
256
804
360
336
233
329
397
71
493
74
668
56
375
13
71
784
284
215
720
27
727
751
447
568
516
671
815
189
732
443
124
35
745
348
397
479
461
381
774
679
183
476
551
243
711
777
247
258
256
809
382
504
692
527
55
546
690
387
763
118
526
544
740
503
374
161
473
485
765
2
594
565
90
732
450
542
223
546
813
235
440
369
317
207
607
217
658
480
666
554
740
228
826
493
675
793
306
391
700
10
233
316
559
562
823
470
224
269
765
525
28
152
296
653
303
107
115
589
733
201
566
400
743
371
683
763
541
755
297
267
300
68
73
641
384
295
451
448
591
391
760
519
110
804
822
448
391
390
237
547
162
476
501
38
406
656
182
114
533
798
478
783
789
393
108
358
559
481
616
809
142
86
77
309
153
590
822
685
288
365
541
445
668
176
255
811
739
75
667
235
679
12
5
76
261
377
665
66
101
580
275
584
620
124
252
607
345
99
389
267
671
277
226
645
298
238
386
252
135
181
76
480
606
2
214
534
229
780
389
750
820
407
526
332
687
468
374
765
791
632
429
259
493
382
623
511
792
760
767
324
443
779
811
389
677
218
458
664
152
488
60
533
260
820
498
194
740
680
473
379
57
265
133
524
271
691
54
216
479
454
648
26
127
539
176
227
738
576
106
318
34
24
822
51
419
386
744
688
522
195
768
811
168
480
95
611
746
249
553
295
539
443
592
798
694
763
159
464
190
366
321
118
375
430
797
66
780
143
716
289
540
270
390
338
526
402
474
28
693
167
439
749
517
368
225
567
660
352
76
105
646
753
419
720
414
769
233
59
236
309
105
803
716
628
185
571
14
486
788
609
463
586
464
485
258
399
165
830
661
94
281
662
487
774
79
375
133
518
213
46
342
205
470
742
618
751
482
30
555
202
812
279
681
536
211
419
500
149
679
696
144
513
683
680
143
319
438
159
803
145
75
111
313
29
795
418
172
718
548
296
626
137
797
590
728
116
314
202
194
762
49
132
687
776
484
787
8
460
69
597
690
503
815
569
533
224
156
55
204
2
295
766
462
248
181
779
655
114
785
96
80
7
758
6
507
247
171
614
262
419
88
129
495
398
82
813
51
512
697
194
785
454
66
86
45
509
257
724
480
329
631
188
691
575
650
730
582
170
661
225
106
625
421
98
310
802
177
777
518
767
657
287
158
191
337
412
97
413
605
780
779
652
427
517
745
414
742
264
818
289
15
369
275
168
773
138
404
751
623
10
588
660
702
606
192
554
455
630
728
537
409
177
474
707
808
25
424
805
353
198
255
303
252
365
588
686
685
505
705
325
465
745
574
42
424
45
14
439
473
444
563
436
244
474
621
703
36
499
388
666
604
255
488
278
494
649
576
633
711
758
533
215
85
211
586
806
158
388
466
233
39
724
284
758
124
776
383
106
767
97
737
703
533
807
172
338
45
488
822
802
466
3
511
197
184
736
549
44
488
320
288
278
299
747
744
304
812
577
539
710
319
804
764
637
300
138
333
498
100
106
398
426
406
434
360
284
735
697
611
137
657
330
369
121
102
295
527
48
495
290
389
488
149
743
379
641
395
221
819
167
77
20
342
438
517
379
43
483
492
600
386
685
167
675
294
87
759
211
357
792
518
640
445
389
338
682
28
342
401
446
557
283
626
744
337
241
638
266
586
613
251
56
151
373
371
199
500
813
768
88
734
617
770
820
466
725
787
189
28
214
441
728
6
73
514
649
635
584
245
124
429
351
387
298
579
132
642
368
745
290
152
789
402
554
591
231
204
722
221
268
666
462
577
801
227
380
759
57
369
105
573
255
822
729
810
350
144
790
136
527
85
677
575
619
683
185
40
690
527
130
23
307
171
159
105
721
197
363
106
457
232
331
240
568
165
130
508
113
94
654
661
539
85
716
621
754
307
266
49
255
123
782
496
143
196
167
243
827
197
290
687
191
615
217
438
198
729
775
369
245
480
151
11
264
614
138
457
233
373
643
242
451
432
161
766
186
805
84
213
645
313
405
691
460
327
563
384
670
591
435
788
713
410
765
241
563
199
771
527
573
132
128
707
81
750
799
706
258
142
578
442
534
559
646
318
459
539
375
325
450
393
49
238
787
482
148
64
294
208
546
88
539
300
761
3
178
664
823
374
582
526
760
136
227
62
343
439
35
277
27
329
6
540
681
305
441
257
48
264
151
358
791
257
58
129
622
719
780
98
449
708
292
644
466
477
717
15
567
402
606
190
636
802
434
466
809
162
561
127
427
587
565
402
717
75
77
785
452
740
448
80
257
478
52
479
11
584
424
53
808
437
167
26
86
511
416
492
277
392
317
259
537
57
320
582
39
562
684
724
4
234
384
161
613
562
724
453
823
192
607
643
252
271
552
392
216
493
10
494
53
599
707
469
749
790
739
41
743
75
295
633
477
626
347
625
489
745
655
128
678
156
362
82
253
118
407
724
427
35
326
572
123
64
388
577
693
59
109
623
808
557
818
336
342
421
531
386
17
86
435
515
733
707
810
676
343
45
79
225
364
297
544
190
503
716
239
682
164
538
67
356
426
644
85
670
246
512
829
749
189
143
670
221
733
414
631
34
785
744
590
196
387
215
823
322
424
25
539
363
187
365
408
460
702
58
366
308
781
373
444
594
210
82
512
781
458
308
173
17
225
94
189
23
828
241
301
181
823
463
648
542
536
325
488
400
716
441
792
457
442
273
643
648
184
790
211
475
118
382
197
816
647
542
788
822
808
388
708
124
683
163
397
409
825
671
533
396
759
90
440
561
105
721
263
87
396
384
558
8
446
315
799
740
616
94
426
568
705
683
68
7
402
197
509
784
389
476
349
206
41
95
628
391
193
738
564
791
376
799
515
279
695
689
481
336
651
484
192
81
189
298
355
746
114
817
266
396
540
390
761
571
817
270
398
531
1
603
4
252
180
410
730
611
87
105
663
265
742
414
282
138
409
125
208
125
179
519
798
132
793
180
506
631
772
186
410
2
168
547
613
312
781
549
800
813
56
332
310
296
664
284
431
248
225
254
461
131
746
165
449
142
44
381
69
18
128
498
384
340
15
464
327
511
367
439
39
695
712
811
481
411
80
400
819
663
310
424
138
553
802
544
723
389
138
679
242
542
455
254
718
118
707
791
192
681
112
13
185
69
488
52
421
665
737
654
368
280
781
715
359
702
751
416
766
538
577
215
225
658
473
777
679
724
624
694
150
217
158
424
789
113
358
490
345
677
417
158
679
410
516
368
331
101
369
701
31
454
408
582
236
432
263
721
158
305
299
708
149
272
688
686
768
104
560
693
366
21
710
765
792
271
490
84
746
212
374
524
608
225
255
54
81
732
645
607
480
130
324
437
68
372
410
503
688
156
396
361
394
156
423
401
348
744
175
602
528
242
790
245
444
51
494
335
684
169
752
741
226
346
338
750
60
289
414
438
584
95
109
613
324
407
281
277
87
746
42
116
220
441
138
705
496
5
711
155
538
720
577
577
771
173
793
570
706
49
632
6
176
137
1
806
615
161
185
254
300
536
95
330
794
336
735
33
632
174
566
443
829
512
489
240
563
665
290
715
177
632
730
307
301
682
135
632
100
322
28
214
399
683
105
434
223
350
148
529
644
256
680
494
362
467
188
593
8
244
18
417
380
92
304
485
539
354
312
156
662
425
168
709
31
49
622
140
525
506
620
209
202
385
299
776
575
23
159
476
324
724
616
137
111
510
551
348
161
159
531
541
619
465
446
2
691
308
817
537
754
676
561
651
547
236
52
814
793
782
412
335
310
393
269
214
74
467
687
34
467
614
665
486
158
215
784
434
44
230
93
355
290
105
692
414
477
739
330
332
495
815
624
291
645
571
518
829
431
632
514
163
660
529
813
699
321
101
426
220
416
493
65
479
597
264
338
746
586
580
638
26
520
475
435
496
508
161
742
363
770
457
287
353
717
6
304
485
501
262
289
335
722
245
47
802
485
371
568
222
264
657
782
470
126
489
572
508
8
412
53
657
774
73
199
279
68
609
74
529
571
354
521
322
246
816
110
15
689
656
339
438
163
807
563
294
50
163
181
203
185
427
813
199
129
412
281
80
271
127
501
725
686
801
266
480
379
728
736
736
350
396
818
762
588
433
27
797
592
350
652
165
629
601
93
109
332
8
319
662
569
309
395
3
212
324
77
390
458
299
22
429
346
265
552
290
47
16
14
163
158
533
773
283
431
45
438
405
236
434
595
605
31
295
583
215
687
172
815
704
479
265
180
99
101
593
372
575
377
711
264
353
123
423
440
370
355
407
102
513
533
180
528
49
787
544
263
704
223
623
42
332
65
452
374
238
387
424
28
592
537
586
667
425
192
779
300
733
233
530
617
171
494
789
40
643
43
355
674
618
745
289
794
243
388
281
136
795
132
358
440
769
354
427
355
713
658
36
571
68
446
214
134
338
650
318
359
219
461
9
197
771
406
695
642
115
499
5
69
215
440
56
753
88
399
465
796
739
648
418
524
138
330
786
679
426
765
826
267
638
685
602
291
42
690
579
6
455
429
749
663
765
3
444
484
567
127
674
115
286
3
607
749
234
335
673
404
402
312
612
23
448
284
314
814
681
764
201
157
99
792
180
658
727
335
643
587
665
775
219
685
616
33
825
203
543
544
78
677
368
497
245
707
28
163
36
718
226
781
309
381
762
292
457
443
576
657
508
554
232
85
249
632
625
568
262
451
303
146
111
213
136
255
229
481
196
710
324
578
428
28
371
577
237
52
709
636
350
349
32
389
78
56
587
397
249
352
381
818
509
354
685
512
539
206
520
721
507
690
504
153
184
445
760
161
266
22
335
137
307
665
688
281
271
232
795
239
505
132
807
140
783
123
465
771
224
147
400
592
95
286
492
389
544
605
402
397
555
725
383
232
469
40
337
786
66
97
633
152
149
797
407
387
408
803
220
345
461
732
518
770
672
660
197
677
420
405
150
510
776
433
127
531
36
745
214
134
363
693
106
95
284
787
271
264
72
635
380
410
293
686
284
680
223
486
111
24
664
537
102
219
217
657
764
154
704
565
791
807
271
88
126
159
43
215
251
778
35
76
423
115
576
324
661
98
528
171
485
710
725
175
749
547
120
223
644
126
450
344
345
223
263
203
756
778
308
267
318
535
183
417
174
611
767
236
337
70
291
83
398
472
732
139
471
605
163
118
551
255
172
632
70
324
50
571
590
58
211
134
64
106
585
670
827
390
99
281
808
371
143
782
502
691
298
284
17
177
674
574
785
506
816
449
691
88
615
85
456
234
598
477
550
708
587
6
640
576
697
173
320
389
441
132
78
379
202
764
78
491
185
4
316
397
573
410
360
406
488
728
549
282
771
478
812
192
457
603
427
436
336
589
688
792
445
236
60
350
545
291
388
54
373
248
98
357
728
495
96
226
50
688
445
830
804
495
532
677
121
679
804
251
321
583
719
537
623
22
524
446
696
530
239
6
738
525
747
343
737
260
407
245
628
251
92
203
143
489
282
269
363
27
703
134
500
478
761
676
760
667
725
452
348
544
78
282
70
295
805
476
164
506
333
670
325
381
613
46
750
446
287
246
469
113
544
824
537
333
558
207
356
140
738
140
293
190
534
304
347
685
11
353
196
621
234
479
165
516
615
52
829
18
453
776
424
132
677
456
826
391
462
395
800
115
454
718
658
10
531
510
552
117
739
259
702
692
215
390
79
72
427
156
1
476
454
581
92
46
791
621
482
438
124
162
109
342
682
638
349
229
67
768
463
65
295
20
651
830
361
426
680
52
261
174
27
274
629
365
603
40
627
21
454
581
553
614
502
256
557
782
244
80
318
294
453
419
7
702
537
265
47
679
582
189
801
97
329
824
632
175
288
728
95
186
454
312
682
609
92
179
734
629
564
387
426
636
68
796
600
162
784
732
756
427
2
601
768
172
331
74
164
136
247
367
207
433
602
202
135
220
644
666
509
789
205
165
265
705
592
513
368
568
450
328
613
114
448
519
424
138
207
772
294
692
185
608
194
707
561
39
684
350
494
367
760
409
52
475
490
184
192
632
323
476
493
434
46
258
413
781
625
747
140
617
157
489
152
408
151
305
496
565
677
805
230
695
543
593
151
630
438
593
397
556
797
694
260
479
149
454
775
758
33
219
228
233
12
503
409
531
607
18
528
238
811
830
808
669
403
781
578
380
773
195
633
732
373
715
517
592
563
393
705
539
211
3
440
344
502
215
374
277
17
137
435
137
134
499
316
72
380
389
44
772
215
132
613
738
262
515
617
491
486
119
282
270
820
136
10
32
285
817
355
102
54
217
714
459
797
521
503
15
53
261
120
17
627
616
557
17
75
414
162
205
115
619
434
568
456
725
632
144
438
328
778
129
170
603
196
788
324
414
280
189
431
585
581
9
830
641
88
587
27
155
241
107
275
161
701
95
638
482
88
538
187
746
615
410
539
561
769
351
810
660
373
380
750
393
200
473
654
411
595
183
503
806
620
763
34
511
450
539
461
432
146
480
825
594
277
437
15
314
463
561
234
415
829
117
445
684
477
239
426
435
661
232
540
211
7
170
613
727
101
13
185
143
670
628
578
108
729
425
573
485
590
312
311
418
202
767
11
713
361
53
155
828
338
237
624
11
161
813
733
73
294
118
159
507
396
775
227
228
551
166
303
609
632
383
508
365
457
469
316
337
39
237
134
398
349
359
254
266
655
415
470
757
692
170
794
782
203
329
692
611
389
751
60
449
427
728
771
164
11
667
263
101
34
471
821
143
747
413
123
232
331
461
809
663
404
688
99
373
676
47
683
513
441
382
701
442
540
155
409
189
40
42
420
281
517
410
494
385
653
394
650
605
519
374
756
623
429
651
46
269
99
142
750
179
739
134
333
679
220
164
762
447
576
702
663
803
174
36
241
306
687
610
273
319
652
102
507
647
808
306
596
416
739
230
67
283
416
256
203
296
172
224
813
472
259
56
402
643
380
331
666
137
552
484
626
151
79
693
37
185
545
745
542
667
8
106
491
609
630
670
453
463
242
357
467
580
222
75
622
211
42
768
717
41
684
30
309
30
674
398
149
726
824
375
139
773
37
236
624
450
290
73
311
585
563
740
147
788
313
533
318
305
107
180
766
732
113
126
639
497
137
773
429
616
192
441
792
430
217
660
199
781
345
160
439
100
33
281
727
220
764
593
428
388
107
531
503
418
753
790
409
346
819
572
53
186
828
820
466
256
129
408
563
328
745
176
290
345
532
409
763
773
231
623
580
72
516
385
618
378
226
519
610
164
441
467
788
732
804
415
342
181
155
796
571
51
633
576
218
653
36
265
607
105
664
773
50
580
453
768
109
443
195
701
376
578
666
653
337
232
826
346
107
597
584
520
670
135
446
617
179
51
225
194
496
523
551
181
353
326
544
659
541
144
233
434
452
735
589
32
452
385
243
662
60
595
502
420
799
610
640
66
252
29
336
56
119
664
363
309
382
149
656
702
134
646
770
630
200
467
119
580
196
535
681
595
721
11
702
243
227
295
580
217
192
726
300
798
430
311
698
459
85
587
736
425
554
551
484
558
638
754
598
262
502
130
489
380
657
11
669
510
583
760
127
233
112
13
350
316
111
600
352
538
206
711
521
99
412
401
664
258
593
206
599
555
138
155
376
779
320
502
348
521
254
601
216
347
810
569
778
465
517
810
365
624
707
321
535
720
182
553
669
603
705
829
703
749
59
595
688
620
208
556
414
571
318
332
2
740
482
713
98
437
568
557
529
134
365
525
365
524
238
136
817
416
645
386
548
568
610
630
723
697
358
42
728
202
555
308
256
125
419
91
88
328
57
747
476
827
639
17
143
29
817
472
618
333
519
364
610
47
401
545
513
369
64
810
96
595
437
13
90
470
714
210
281
478
483
310
68
667
598
731
316
668
67
249
10
331
598
480
159
620
49
816
86
659
611
206
56
473
452
821
151
624
677
621
131
76
637
256
669
592
562
49
38
599
805
445
547
177
317
264
740
778
558
336
275
515
606
116
509
448
480
122
157
342
292
753
66
766
511
350
64
215
624
471
587
463
22
624
136
546
571
197
753
415
129
593
37
732
269
582
63
130
724
825
25
276
199
726
12
815
78
178
608
376
229
161
91
766
276
82
254
586
740
705
154
318
724
286
807
724
658
828
502
173
101
620
812
563
684
310
461
500
293
723
618
414
344
330
680
526
321
399
531
79
301
52
827
826
356
189
411
778
76
18
591
293
89
797
784
791
359
493
9
812
273
698
186
377
186
305
691
332
215
183
23
206
743
55
363
431
36
684
38
225
826
109
295
450
225
674
621
464
669
606
499
694
30
398
241
250
819
240
279
776
828
703
531
190
159
677
322
221
773
412
749
548
616
606
221
298
553
586
715
829
231
297
211
499
627
425
316
591
383
166
144
253
548
595
200
79
557
641
591
201
446
86
733
466
612
28
394
69
61
155
370
818
306
79
633
6
229
421
258
508
165
686
785
333
813
265
128
261
168
723
340
812
161
597
120
328
470
426
147
551
87
179
715
146
515
451
754
608
366
423
259
509
728
410
656
23
546
297
523
87
519
565
92
510
641
647
355
757
30
795
56
528
406
162
423
719
271
538
688
363
614
554
424
353
718
506
817
684
629
766
800
629
769
749
505
643
243
675
218
629
771
33
337
368
422
295
320
306
229
238
4
446
558
616
586
534
605
281
64
613
357
185
28
613
554
537
58
93
681
271
630
692
599
496
827
203
315
102
228
291
387
106
275
765
725
32
568
655
267
631
714
772
435
247
34
134
683
544
302
177
533
349
582
725
506
283
812
432
738
735
141
171
788
103
57
71
715
424
158
729
34
80
292
788
145
589
723
214
706
453
628
197
1
249
801
3
275
195
90
113
752
477
451
510
547
413
669
781
536
525
413
212
347
470
82
780
54
541
51
36
805
181
153
306
306
625
438
232
751
597
42
287
477
613
363
734
72
18
169
587
148
177
392
407
303
766
825
251
312
484
541
159
35
388
495
554
561
485
606
494
477
596
765
669
417
241
251
10
34
123
572
218
385
606
633
70
148
379
642
623
709
610
67
132
295
560
174
311
819
74
254
659
7
147
627
328
483
36
471
144
687
296
258
392
724
416
734
117
410
799
342
643
120
770
428
358
106
404
10
381
730
597
37
616
495
149
205
596
123
548
154
650
692
275
618
338
808
86
799
540
508
85
199
498
797
583
281
33
610
554
82
735
670
386
682
271
553
562
531
99
241
210
634
583
674
288
724
107
485
363
299
88
487
604
500
827
87
183
5
642
741
158
378
335
786
647
743
231
792
315
279
342
746
177
784
733
48
323
570
292
347
302
431
109
173
127
486
164
291
606
76
476
238
692
136
306
759
381
602
131
3
569
336
594
386
51
295
270
774
231
309
666
151
300
768
417
143
315
45
139
818
636
696
193
119
296
93
277
613
738
298
707
526
305
652
165
170
479
604
630
328
305
268
398
556
495
85
513
328
412
790
713
819
292
25
588
453
66
434
669
538
89
795
235
22
667
92
201
74
736
593
43
233
757
647
207
28
417
352
740
734
61
508
371
295
699
79
311
645
59
419
341
48
305
227
50
250
778
407
456
342
829
821
204
94
828
201
826
291
122
75
438
805
558
577
31
646
402
538
450
340
445
97
763
260
492
400
682
594
428
684
740
123
520
420
475
278
648
178
190
703
274
321
814
734
335
419
249
572
446
208
272
260
126
175
829
582
237
431
749
159
337
370
183
618
449
617
151
560
740
552
800
717
264
359
663
514
372
784
624
329
165
175
770
389
789
818
146
76
255
219
310
132
433
81
234
443
385
698
519
162
822
756
457
442
43
587
417
725
818
780
640
453
425
514
446
805
493
654
182
655
140
148
150
228
533
9
737
432
580
524
776
407
142
132
500
492
643
302
775
797
806
582
253
28
749
528
97
295
433
262
327
821
259
253
745
786
425
87
105
13
225
819
240
331
320
687
640
694
58
195
224
131
431
667
709
826
788
253
506
221
684
648
174
25
543
540
753
240
546
14
414
615
558
628
762
670
29
393
141
215
199
491
57
473
792
362
686
390
787
149
496
120
222
444
696
808
451
7
283
96
55
120
203
223
147
795
56
204
488
645
549
715
301
438
95
580
820
484
26
205
294
70
25
651
193
360
119
466
500
283
817
679
411
101
423
756
781
199
500
782
64
116
429
419
754
700
318
610
554
172
186
272
33
593
650
158
705
603
452
277
22
379
317
567
282
460
599
429
647
590
134
94
330
814
830
399
824
93
741
565
450
502
708
407
621
769
489
448
420
727
778
738
84
706
100
618
758
489
812
254
485
302
286
781
403
166
688
348
569
427
481
457
603
781
324
462
593
326
700
17
276
719
352
187
523
138
76
762
507
586
85
663
142
264
220
474
800
644
640
328
37
78
286
790
351
600
772
693
361
627
252
124
121
371
246
549
425
637
148
300
776
559
376
423
192
697
10
52
433
205
5
211
482
290
154
254
745
367
55
471
588
545
693
586
125
494
559
201
740
570
152
538
666
700
200
488
449
200
650
217
737
138
524
14
142
577
368
716
150
282
268
1
201
621
714
384
238
423
778
172
550
9
551
264
205
43
162
827
222
542
247
28
709
192
729
701
208
208
343
796
628
12
202
224
526
587
146
247
250
713
329
500
410
595
765
131
118
162
394
669
113
193
16
597
781
380
602
829
189
710
819
820
467
640
266
594
691
736
600
619
552
278
425
70
126
813
253
626
347
796
546
790
323
499
244
361
101
18
484
2
447
449
703
287
783
661
599
328
707
229
653
345
389
664
348
202
815
810
247
789
263
559
195
481
429
512
523
657
562
209
635
736
281
699
265
115
343
179
569
46
298
566
785
266
627
718
804
151
683
310
251
190
24
493
743
703
549
17
395
167
114
693
618
494
539
659
424
552
251
675
507
780
425
427
4
234
468
412
570
698
125
759
633
164
257
411
190
180
307
369
702
644
571
20
606
570
351
436
408
602
743
166
462
331
493
477
233
74
465
532
190
106
177
830
367
259
253
462
473
67
303
114
820
770
530
635
576
29
406
406
515
422
239
41
640
761
196
80
521
324
538
257
158
743
313
227
514
528
500
200
91
612
359
116
521
661
770
145
653
774
516
425
472
642
492
294
481
459
106
444
417
497
40
432
790
285
573
63
793
684
614
340
523
564
89
538
244
50
174
771
582
798
182
613
454
281
603
798
700
609
353
731
337
525
128
620
431
264
763
675
528
569
158
357
739
621
548
470
467
710
534
681
163
785
524
829
776
95
51
61
515
435
721
381
563
741
667
206
395
789
629
614
277
526
326
430
796
539
155
358
438
12
753
541
460
401
462
395
643
418
183
63
538
397
6
687
623
75
657
1
71
718
706
34
827
305
323
122
113
637
309
696
122
822
81
625
267
274
710
594
116
377
103
39
613
196
827
72
612
718
500
807
103
367
524
444
801
703
220
519
574
686
365
605
789
259
41
712
65
297
553
507
407
375
100
152
709
70
704
36
282
289
355
202
531
245
241
173
243
385
548
676
665
54
150
136
563
765
785
65
43
428
624
609
157
364
468
346
366
308
155
625
692
228
780
709
410
70
159
634
492
700
14
417
375
491
207
588
518
354
441
769
209
568
281
723
821
184
187
401
250
247
380
610
822
661
792
612
447
616
576
406
646
797
791
37
161
428
211
672
84
184
509
726
405
388
227
328
441
488
565
396
548
11
235
443
513
354
604
33
601
550
754
698
676
209
364
127
811
653
50
239
727
763
683
145
610
632
136
804
478
170
506
473
626
417
353
87
115
433
33
429
599
473
139
604
126
215
740
804
52
67
66
134
246
440
646
164
449
540
344
452
16
44
753
589
184
124
307
513
157
640
195
506
319
174
468
25
473
658
484
343
808
706
318
117
806
632
523
10
373
61
500
84
279
332
190
340
593
53
527
10
700
246
61
332
463
182
18
468
714
536
819
552
295
27
107
108
714
216
372
269
745
457
8
648
647
618
356
807
277
629
272
107
516
646
494
370
245
314
737
653
771
693
85
315
653
657
109
219
797
664
529
697
501
554
311
307
85
497
7
454
227
333
274
494
566
806
94
189
265
456
546
545
345
102
101
5
679
773
488
671
473
482
398
604
411
522
219
589
786
165
326
65
643
36
647
149
345
634
504
174
9
599
520
362
514
754
794
8
487
420
262
675
684
176
184
92
685
28
800
92
274
106
826
283
539
153
580
440
38
450
808
438
798
577
517
329
91
344
539
474
130
122
261
531
618
632
311
137
42
168
431
394
398
312
339
259
563
773
822
236
330
88
704
220
548
335
378
197
257
794
556
749
828
546
524
179
113
148
239
234
476
762
540
482
526
168
587
658
654
34
41
304
284
250
147
104
237
513
309
83
536
105
528
330
301
328
405
460
599
544
573
459
523
542
696
13
387
409
194
453
123
802
545
6
5
325
664
747
791
513
785
420
439
100
591
61
575
84
730
263
26
275
368
704
149
611
22
303
102
527
551
462
205
760
252
510
347
813
384
404
38
131
224
742
655
735
729
549
306
645
313
805
437
376
49
297
658
130
706
298
561
461
449
203
732
236
688
445
295
185
276
341
405
373
585
97
460
687
566
711
710
420
185
654
650
612
789
444
137
762
612
759
803
85
101
306
89
727
106
665
413
148
289
341
504
518
410
816
190
26
151
756
648
733
507
250
264
410
138
13
167
16
688
25
90
766
808
768
760
450
620
477
387
728
725
338
553
774
157
122
434
473
489
657
431
597
811
257
528
153
245
324
556
444
226
574
803
702
138
657
114
266
311
738
466
452
265
349
789
545
33
686
589
664
41
752
685
63
542
643
622
398
645
455
332
504
336
650
382
797
281
178
190
763
830
656
620
777
267
651
678
329
282
781
638
428
670
43
438
381
447
623
637
370
230
727
728
677
410
130
501
695
60
541
403
461
398
321
229
249
335
452
614
114
542
288
600
366
314
343
804
793
82
632
456
204
276
776
160
553
183
733
330
1
174
162
809
726
219
376
144
810
373
266
5
135
437
373
285
405
345
821
408
700
541
30
373
510
201
202
176
105
134
21
77
527
631
35
224
620
153
187
378
591
435
491
732
35
442
170
76
677
238
255
37
74
612
567
432
227
556
799
753
113
40
195
650
338
352
80
100
787
127
107
509
828
824
323
91
389
753
129
413
659
34
570
389
359
626
36
682
598
109
370
240
474
179
579
659
408
565
554
328
811
73
676
480
512
118
484
490
459
825
758
656
548
518
179
587
485
766
431
76
120
682
711
299
789
1
296
427
682
222
74
334
302
410
399
244
590
257
220
784
39
102
43
524
773
74
418
135
688
93
209
795
56
205
70
350
627
328
137
779
69
300
92
822
402
362
49
469
203
348
464
166
576
580
770
121
469
137
75
789
303
232
708
614
639
775
430
227
347
708
82
108
230
504
455
762
661
48
393
556
89
469
788
327
463
589
419
437
693
804
520
579
783
547
452
310
316
394
46
34
182
234
746
60
641
527
813
201
38
100
243
258
80
606
486
771
549
276
646
816
223
595
681
61
349
766
595
76
40
541
564
591
431
507
758
112
770
617
70
301
6
61
567
130
76
456
108
109
515
652
801
641
342
469
86
156
286
94
202
354
319
144
784
652
649
507
462
249
460
199
391
158
126
430
594
505
636
405
224
621
644
510
255
807
543
171
805
364
433
264
167
33
720
655
113
270
530
223
277
13
195
717
94
522
476
612
270
354
801
533
705
825
231
776
472
546
153
814
109
545
347
638
112
233
398
610
288
232
114
455
496
606
639
255
499
822
33
470
181
330
748
242
227
156
594
429
103
592
339
426
239
351
796
421
488
696
803
765
734
170
41
355
137
198
98
670
38
162
573
373
88
315
104
652
119
151
318
205
261
470
704
583
749
338
251
471
151
662
717
41
789
717
58
737
110
805
536
766
84
55
209
447
622
239
365
215
267
605
593
369
104
261
417
426
272
544
258
520
579
272
63
179
733
593
671
457
552
188
673
677
680
735
679
94
528
180
271
583
23
463
188
488
391
684
573
315
24
149
492
233
194
751
96
368
784
67
277
787
126
437
496
214
556
291
793
775
799
404
486
100
297
11
406
547
574
192
383
312
503
103
122
744
783
81
751
91
400
243
325
91
423
457
322
384
144
455
509
370
300
449
534
331
331
80
197
583
272
42
296
478
641
394
18
528
311
620
269
317
149
170
533
418
379
263
674
607
14
321
664
161
400
235
365
604
221
796
703
429
459
359
698
717
244
696
516
518
50
705
39
139
139
711
84
140
399
789
748
765
365
486
124
102
248
584
820
253
220
532
4
808
560
34
44
472
38
491
513
705
820
14
796
293
420
358
11
277
735
626
147
379
345
747
182
151
594
745
491
214
569
733
336
494
313
177
534
775
243
9
612
759
739
692
336
386
352
48
257
652
791
25
40
106
554
517
243
66
800
600
673
773
559
248
650
568
344
522
202
208
370
209
159
549
99
10
616
623
773
394
445
390
750
342
723
554
53
547
225
560
428
749
156
61
735
472
771
405
653
731
515
13
11
143
820
692
90
88
43
356
625
439
325
390
303
585
664
440
723
345
333
691
663
338
27
534
191
793
584
816
615
294
278
732
224
72
322
150
135
144
348
522
220
343
522
594
497
312
446
490
46
433
79
175
516
764
501
428
77
404
101
142
408
87
268
696
342
824
224
376
672
247
47
736
122
76
355
499
558
259
184
733
54
154
593
38
671
543
516
755
154
754
815
362
197
596
754
787
21
660
498
51
806
235
656
683
709
195
40
50
782
714
291
775
451
557
291
760
259
516
227
88
812
394
429
806
330
518
737
756
88
340
33
52
237
416
789
826
429
191
278
303
529
325
616
808
530
660
465
576
463
558
658
709
750
626
626
40
541
539
397
190
37
136
185
539
156
454
18
699
322
449
772
351
282
630
637
609
324
610
278
501
696
290
161
550
375
646
478
326
694
497
805
632
575
459
377
671
688
695
570
15
460
770
821
481
643
381
814
430
149
344
106
526
755
695
717
692
129
583
133
247
566
133
134
69
349
126
504
564
431
723
581
162
165
615
95
553
369
83
502
224
693
548
572
693
2
512
735
117
153
637
220
323
293
542
395
740
566
33
428
47
64
208
39
283
813
179
550
483
760
49
649
295
158
148
19
298
88
267
407
778
178
183
150
205
782
481
87
540
13
223
335
668
739
122
411
388
599
43
379
200
766
202
204
308
123
821
15
559
462
92
436
640
209
460
361
640
508
688
384
714
353
255
495
444
414
692
411
58
716
772
468
65
583
203
596
545
356
286
821
714
376
403
685
812
516
706
425
449
140
227
549
84
590
803
823
185
294
567
492
298
718
755
533
471
184
157
814
418
414
640
366
212
256
797
780
509
318
191
367
139
316
630
296
326
595
152
308
292
254
634
31
638
247
762
17
34
351
65
264
587
14
586
798
404
76
368
352
457
795
208
132
480
39
347
382
267
661
555
590
585
227
546
463
632
532
493
158
511
462
179
747
307
529
191
38
57
510
99
447
527
476
331
317
730
653
651
257
576
506
432
166
156
588
744
219
744
275
239
476
265
427
491
645
320
123
112
145
98
139
571
582
142
508
44
428
475
73
316
280
319
122
675
188
251
83
32
722
588
591
60
805
697
412
805
717
718
336
789
86
635
97
155
633
420
171
551
227
298
475
147
333
133
578
770
674
272
132
594
576
552
243
273
668
739
103
255
496
111
122
159
400
310
554
781
357
27
792
737
434
807
66
645
499
643
328
380
142
169
758
44
513
173
720
452
627
772
366
510
48
252
425
374
347
131
335
686
406
425
639
361
365
573
779
441
245
261
101
707
680
195
435
136
823
332
256
227
228
750
591
641
596
124
427
784
353
245
501
385
293
366
476
257
787
365
44
207
733
559
762
373
563
181
265
294
18
224
49
117
198
487
685
238
79
77
309
193
155
512
242
667
338
256
713
759
444
820
28
310
367
305
244
385
85
642
595
237
486
463
479
790
790
411
210
55
742
692
106
384
441
662
93
106
89
720
289
680
433
554
552
229
738
794
444
340
455
774
298
322
561
349
201
584
556
303
353
520
504
416
689
98
747
148
582
788
57
499
685
628
106
592
647
747
150
767
720
336
414
13
793
239
480
649
570
638
262
703
323
347
107
118
207
720
585
326
573
408
329
529
683
180
729
131
153
406
546
593
713
709
364
496
610
19
24
696
224
365
484
751
320
1
525
793
313
227
751
20
60
458
477
19
452
553
753
17
609
213
108
682
187
404
673
299
7
573
145
758
363
421
307
521
58
352
59
497
602
709
265
167
555
620
551
28
487
295
139
733
773
378
66
99
756
100
206
81
786
573
1
601
791
432
10
25
684
431
368
802
78
79
348
498
401
47
211
249
447
360
107
677
795
510
508
350
418
714
355
290
567
208
704
780
19
8
303
272
257
247
583
522
418
434
684
732
631
263
632
137
519
286
764
585
350
296
170
236
253
682
605
551
40
826
383
646
59
480
819
612
347
397
456
552
261
516
629
144
228
384
676
340
635
109
186
273
50
328
742
191
743
294
72
222
230
546
806
35
318
623
222
352
45
330
182
427
682
114
689
232
446
237
198
561
466
718
225
710
393
445
252
668
4
377
546
53
445
506
704
778
625
500
463
278
778
288
770
786
405
82
127
702
310
520
226
750
125
678
436
30
348
621
412
770
381
478
302
287
351
250
318
693
713
123
103
393
422
487
664
298
581
549
791
386
748
743
93
22
772
791
138
323
126
482
692
185
380
561
220
202
399
629
155
543
11
44
764
339
203
657
134
546
607
276
635
450
178
656
458
136
520
461
501
676
488
707
795
605
50
548
550
268
398
596
38
42
268
388
489
362
114
411
577
800
802
458
460
397
145
680
753
539
325
730
593
317
653
514
462
201
713
100
573
436
701
215
348
99
398
744
597
799
306
439
531
697
446
649
26
606
171
61
311
370
181
673
310
263
378
180
95
42
770
746
102
572
134
313
325
459
294
445
360
460
211
417
341
456
637
427
343
364
664
679
267
395
215
136
425
40
310
316
514
533
402
133
667
252
451
706
719
656
808
797
704
477
366
652
94
626
304
575
361
482
335
382
358
453
710
354
423
380
82
251
110
640
662
498
73
308
152
801
123
380
537
673
317
116
273
699
36
627
537
305
490
664
520
786
199
262
712
633
682
374
709
726
583
263
191
684
39
611
42
804
761
23
785
297
141
662
331
290
528
86
597
541
595
279
115
238
51
538
701
793
35
33
507
479
809
810
685
666
311
117
623
98
624
732
762
536
261
346
474
829
131
628
384
205
703
599
137
411
601
697
102
793
779
105
589
102
726
127
519
101
265
507
680
727
590
622
220
475
429
381
677
713
806
286
654
535
755
556
238
48
470
821
616
650
16
549
802
560
212
821
274
507
683
91
399
316
629
126
811
114
48
758
767
282
578
734
743
179
192
93
280
416
535
86
271
12
107
383
97
420
82
238
381
741
553
30
202
776
433
529
321
804
74
611
808
396
596
796
812
465
634
519
630
771
362
204
812
759
560
496
574
59
30
215
322
157
143
398
568
775
814
322
187
754
85
496
22
520
768
614
710
741
422
279
392
610
794
164
595
713
692
84
234
346
786
694
474
643
688
260
613
506
536
664
225
522
245
164
596
604
631
784
581
241
164
668
532
793
761
652
61
419
114
464
6
802
4
567
450
183
709
815
710
405
27
538
566
730
108
575
144
247
512
429
218
401
307
490
134
764
18
347
517
52
485
171
546
328
655
271
268
466
44
103
43
697
112
324
249
602
205
812
159
162
592
373
667
307
485
606
339
769
211
347
562
634
392
76
495
738
18
673
564
15
486
70
282
284
127
748
122
746
438
230
361
369
329
597
804
281
344
113
666
236
311
185
383
752
557
288
407
663
526
471
201
260
19
7
374
632
36
538
767
224
66
424
152
209
581
612
458
435
801
341
433
134
144
768
31
384
509
56
440
317
36
588
148
821
232
59
659
202
723
23
439
552
463
810
92
809
483
429
253
220
386
706
426
192
275
688
747
274
243
216
756
779
323
749
761
105
750
504
645
785
495
333
87
192
352
84
160
716
102
323
573
350
56
227
787
796
194
195
758
253
668
89
689
613
755
284
212
508
623
785
17
139
161
188
423
552
187
644
163
14
527
797
359
222
513
177
388
345
55
461
39
131
283
762
227
360
162
93
366
445
171
441
468
555
762
518
571
524
612
377
332
32
356
539
9
112
802
299
739
477
778
321
804
266
166
663
641
389
620
707
674
65
219
682
355
99
130
595
593
490
704
512
754
196
722
193
488
7
640
621
37
805
775
566
272
2
144
150
370
77
654
611
471
357
316
731
464
306
462
479
38
636
731
595
570
829
606
396
676
126
428
449
463
570
177
510
221
719
171
161
10
807
73
443
810
177
645
235
402
751
547
637
184
19
643
336
112
272
198
387
522
338
140
540
98
598
425
148
636
425
548
322
721
818
42
116
43
642
464
237
700
455
7
673
230
129
682
549
341
496
52
3
539
149
177
821
162
237
166
100
333
216
473
323
779
276
288
81
502
626
501
383
750
725
821
158
334
494
788
363
746
516
281
63
216
720
162
479
619
568
169
806
354
160
421
504
46
23
703
46
648
183
171
460
789
522
532
404
723
664
44
529
14
244
826
136
20
112
471
131
146
770
772
707
412
768
598
506
406
622
755
143
82
507
572
742
346
537
225
744
251
790
92
255
245
155
510
408
786
626
133
657
236
728
185
736
434
27
155
519
377
35
91
440
665
465
57
818
711
320
196
220
241
644
791
83
733
400
616
488
427
797
694
67
82
349
694
396
217
491
572
264
608
254
237
502
784
303
749
709
797
461
735
650
442
59
122
403
211
610
228
520
275
184
22
268
27
456
333
740
232
608
418
414
426
129
733
121
158
778
38
464
105
239
107
194
584
368
794
664
336
798
256
686
306
38
535
191
70
216
550
178
327
111
746
828
350
251
242
424
121
585
618
402
75
596
563
14
798
560
97
259
318
391
163
702
693
527
92
175
588
197
706
537
598
17
655
50
379
530
449
507
225
712
435
614
486
319
576
304
45
87
450
575
792
55
1
538
586
453
648
475
316
154
298
39
214
59
268
426
796
580
809
721
455
537
700
191
220
32
804
74
660
654
702
500
77
359
450
225
414
537
454
721
510
150
354
336
356
185
504
395
171
511
738
563
579
321
44
574
635
739
62
330
59
761
237
643
430
454
66
360
133
458
303
444
63
491
691
340
726
544
303
429
748
662
448
420
134
770
41
108
527
533
788
195
280
679
226
302
4
543
393
387
136
505
359
667
328
454
228
281
299
536
616
697
64
240
394
602
587
265
44
195
267
36
517
486
404
164
617
655
483
622
38
460
817
35
32
115
604
166
197
814
326
473
509
449
392
39
205
531
146
122
198
35
357
350
681
519
795
308
780
87
675
531
113
546
465
113
370
105
576
362
322
562
708
37
272
23
238
699
729
724
775
473
556
248
674
180
632
508
496
280
330
333
754
581
546
411
256
64
328
820
615
398
164
236
246
88
42
410
770
698
777
212
442
633
815
32
116
507
533
413
752
794
352
544
436
293
628
760
631
304
152
135
596
413
332
579
227
82
348
532
722
313
745
265
155
345
574
165
331
431
794
789
553
461
281
257
284
543
479
307
591
759
239
202
446
744
121
285
302
801
512
218
196
506
620
365
239
126
331
1
532
112
106
181
616
117
207
399
711
543
537
281
547
445
468
802
711
89
125
520
507
440
679
753
585
193
346
178
238
162
704
227
610
522
120
737
601
215
169
781
335
53
370
132
511
663
331
16
17
396
357
392
189
620
82
708
272
729
296
63
402
189
121
56
375
323
210
812
295
780
525
735
526
653
771
441
152
511
510
561
402
634
620
796
579
401
454
441
319
750
443
659
731
299
726
9
231
305
198
208
418
137
429
132
54
10
827
183
607
724
365
437
143
257
813
509
490
688
51
21
248
767
67
306
517
826
680
391
407
443
668
225
294
781
270
178
790
757
116
481
569
225
707
348
26
645
739
245
310
665
339
232
580
205
764
816
169
38
108
132
452
714
41
72
11
477
16
49
325
432
178
612
557
118
484
576
8
421
482
644
303
123
733
466
794
281
220
708
273
469
618
72
273
423
777
486
747
673
508
798
228
616
13
577
636
715
51
789
403
406
151
210
443
433
66
678
563
504
184
540
807
66
92
214
205
344
725
745
631
16
74
716
790
432
787
145
294
534
517
295
815
443
89
422
610
695
600
697
608
777
406
415
615
354
124
756
760
607
746
214
453
513
576
583
464
479
401
674
199
123
420
23
96
742
599
352
62
660
25
214
234
323
302
479
308
201
363
445
51
13
825
366
711
78
619
265
227
620
726
328
116
165
759
672
446
492
812
101
787
371
439
414
791
302
575
425
508
533
158
30
461
599
775
615
363
604
720
635
600
52
737
20
734
440
791
541
798
143
292
465
295
312
255
176
671
479
729
796
384
179
586
310
280
778
392
735
88
615
506
724
81
125
583
478
701
83
624
297
114
378
643
100
637
124
580
695
807
635
692
428
375
470
418
14
269
577
738
364
95
806
233
743
760
697
369
481
403
320
565
235
342
698
775
695
731
141
714
82
587
735
430
622
94
155
36
794
150
505
393
46
220
635
497
93
4
195
446
286
679
136
329
383
820
243
105
140
62
615
353
6
584
225
72
724
688
764
584
330
525
825
551
734
604
457
7
37
355
418
441
99
804
536
383
208
19
248
243
102
64
354
751
21
224
772
631
758
587
165
49
752
417
454
22
44
46
569
20
604
374
742
151
630
448
660
429
233
125
527
290
270
111
772
15
77
293
347
184
524
701
197
479
341
421
550
778
306
417
170
291
377
527
716
790
603
405
162
611
604
398
258
403
726
18
149
136
669
512
627
165
129
516
524
228
122
244
140
223
313
583
722
548
15
632
230
180
360
728
704
246
356
536
218
231
210
286
627
359
757
211
212
297
298
686
455
408
306
358
830
723
376
520
459
313
232
811
29
25
60
579
29
523
144
1
579
625
496
240
438
705
8
738
291
656
740
249
96
615
309
396
105
472
186
307
458
197
638
288
530
72
184
41
317
314
804
536
476
237
286
604
143
12
659
592
626
518
501
458
77
662
161
660
404
490
337
408
240
200
742
458
31
140
146
110
554
420
45
329
96
120
389
56
718
761
658
284
72
478
328
137
738
651
402
606
313
22
247
454
750
487
14
365
354
317
38
343
125
394
331
376
643
290
75
105
691
370
184
527
314
554
501
462
478
701
609
268
708
304
705
483
396
448
44
142
494
777
274
799
173
524
138
710
258
174
418
530
597
360
308
576
191
352
460
784
810
265
402
302
151
336
404
694
230
291
162
813
468
632
496
353
243
31
245
43
418
583
311
175
502
256
177
206
615
622
225
683
266
541
333
103
213
221
246
45
203
276
230
57
591
211
90
500
743
259
488
579
398
822
342
163
241
637
653
129
296
583
443
1
830
471
537
302
702
46
701
289
257
672
569
712
810
270
571
192
496
614
504
726
671
729
342
356
219
600
458
821
242
188
423
193
615
16
147
626
751
739
754
467
506
582
381
559
458
561
111
403
587
412
461
339
153
261
575
385
75
87
245
128
827
397
541
127
640
224
361
106
630
432
551
130
208
248
252
293
261
608
53
625
581
239
14
418
145
104
655
360
648
139
162
344
91
639
786
816
231
734
563
746
640
230
359
99
367
293
792
764
586
307
736
464
377
640
539
375
34
5
557
371
578
446
590
19
511
205
491
274
695
512
671
430
377
348
124
445
319
348
818
478
144
723
120
405
461
668
81
404
167
326
149
482
807
34
739
803
655
481
736
494
556
726
316
680
153
391
408
538
483
474
141
100
331
477
811
115
55
508
209
673
307
484
791
205
535
146
671
127
4
723
230
782
142
304
353
299
582
650
525
535
729
740
243
731
386
397
444
381
184
574
685
260
376
491
440
128
651
435
513
575
182
799
119
818
436
463
372
716
711
70
698
799
436
728
286
395
502
751
182
696
445
129
192
33
784
417
369
466
140
59
124
669
122
763
546
3
527
203
751
557
283
270
495
434
211
77
82
219
32
369
347
79
750
664
494
18
594
579
60
467
511
773
173
613
146
70
428
81
239
75
378
414
638
708
243
801
140
547
439
361
613
717
803
667
224
253
173
713
85
402
381
612
126
180
178
466
169
44
489
316
399
454
112
103
722
175
669
52
431
461
577
103
405
160
472
46
4
768
569
501
254
516
774
657
123
798
127
726
26
170
127
734
223
375
77
330
710
255
101
408
296
559
160
410
687
42
3
806
372
28
686
397
688
288
104
737
741
620
795
651
750
662
120
254
164
68
21
255
514
784
538
688
103
376
561
468
393
321
25
450
49
675
767
186
798
560
815
345
83
6
569
491
809
320
510
36
535
84
654
470
699
47
27
305
551
249
63
656
588
146
686
83
813
624
457
526
810
494
518
292
485
232
413
132
392
327
285
794
581
686
811
471
154
318
109
773
308
599
557
293
390
289
542
6
755
314
125
597
734
621
618
311
129
472
680
133
594
734
678
144
298
233
225
481
491
537
91
422
176
660
384
261
365
235
43
694
672
616
398
710
272
519
741
768
269
559
337
388
91
49
526
387
387
4
472
789
473
492
481
373
638
617
684
340
248
391
713
830
150
689
558
621
81
765
113
809
562
155
599
210
203
58
513
614
516
231
8
743
743
508
400
651
673
54
650
523
288
65
370
763
517
54
765
328
371
371
621
217
45
493
360
260
84
611
652
76
548
331
692
480
190
799
224
680
120
364
694
761
564
565
587
504
261
259
202
275
60
689
388
687
697
668
554
3
689
402
731
134
699
384
642
66
545
130
703
236
245
690
631
248
78
411
425
609
605
60
437
435
588
588
131
687
109
758
218
335
345
452
81
540
424
537
694
249
164
296
263
465
108
304
59
819
795
704
102
606
76
271
167
268
280
85
799
281
54
651
19
482
320
463
741
826
125
513
430
434
450
665
774
375
638
206
452
443
647
277
547
764
577
791
357
770
432
703
263
653
664
558
633
322
723
388
387
350
90
550
510
224
382
252
344
409
76
69
459
390
253
152
540
418
769
41
790
793
640
498
802
256
697
423
734
744
396
300
339
813
1
12
605
153
272
330
806
741
553
120
786
439
284
458
10
530
424
788
454
175
466
782
86
312
23
328
282
660
493
755
17
357
404
18
572
709
238
292
122
125
724
312
562
218
384
496
523
290
570
62
343
128
150
271
20
717
568
766
259
728
187
710
827
36
147
276
663
149
681
680
756
416
2
18
43
331
787
56
701
338
707
63
113
619
721
143
459
498
302
664
499
698
117
688
327
630
497
549
135
788
777
540
729
275
526
493
294
441
798
699
208
437
265
332
632
180
695
575
288
443
473
214
8
198
819
764
123
385
814
121
584
557
392
627
115
387
604
100
236
451
469
611
1
640
24
747
546
789
607
431
486
259
406
423
335
377
202
557
443
197
371
304
803
57
648
220
657
155
395
827
405
325
346
599
767
149
405
104
659
363
206
277
503
686
470
517
729
112
713
298
92
657
401
421
656
347
431
439
563
676
231
508
199
277
316
506
561
390
316
469
50
497
282
802
388
122
565
474
128
384
61
509
673
121
640
742
383
391
416
625
651
10
270
568
95
573
65
76
222
308
195
194
672
384
436
202
94
19
757
45
102
245
738
43
810
315
717
228
8
417
499
476
665
401
277
131
228
274
707
142
344
448
682
240
184
383
390
369
822
712
80
600
140
85
634
813
321
792
829
465
351
118
614
758
708
46
399
29
398
661
342
482
748
588
95
170
721
304
372
142
546
345
84
715
665
295
683
360
633
201
751
803
230
22
391
459
805
369
484
432
622
292
442
412
313
807
41
751
14
787
380
774
499
828
103
555
296
574
30
472
730
712
146
98
817
598
394
626
259
674
10
467
429
149
684
442
468
416
546
609
362
162
566
441
187
130
264
98
149
437
266
263
517
741
609
435
532
587
137
652
391
521
331
460
470
566
686
334
539
362
649
517
719
638
576
105
635
700
11
285
312
468
137
120
38
331
330
611
783
46
287
594
668
359
700
822
203
525
367
333
321
138
605
712
432
371
266
384
782
314
188
777
219
184
387
817
675
261
629
75
132
62
438
802
711
176
433
722
810
708
720
321
229
466
106
737
698
20
793
291
36
558
699
214
75
224
618
782
59
479
438
519
588
465
238
363
197
537
803
827
638
659
130
564
417
487
602
378
314
794
595
367
33
752
830
303
592
242
294
588
40
650
150
603
272
401
102
590
579
826
490
629
732
79
212
766
690
91
106
469
807
63
797
285
591
113
251
724
336
479
675
442
348
238
259
219
807
548
65
414
532
172
397
718
291
355
284
642
435
737
312
760
56
796
771
519
446
158
70
243
717
350
747
497
264
106
503
74
646
513
24
584
336
728
266
504
1
72
699
303
823
389
239
80
809
223
525
636
85
278
424
428
689
787
622
528
714
554
1
419
735
237
122
27
26
20
509
744
475
175
722
679
184
130
313
96
567
431
800
87
529
62
285
304
392
323
781
823
173
669
233
408
397
678
290
206
329
288
521
349
73
464
133
655
2
708
264
683
749
253
820
270
618
827
96
22
758
175
823
696
524
205
694
198
381
557
430
707
220
92
512
785
165
11
136
449
169
726
98
103
124
49
209
263
675
213
635
727
347
103
172
519
304
458
199
663
510
160
669
418
676
591
35
298
254
96
557
612
429
458
431
176
84
125
776
372
746
275
244
260
723
237
582
665
454
116
639
177
682
373
28
157
159
618
802
42
420
322
377
504
274
569
677
521
69
616
760
669
351
263
559
756
344
238
828
284
424
664
372
305
254
531
93
222
73
785
277
195
47
196
802
408
519
554
380
541
484
420
339
420
574
827
231
280
592
382
798
94
499
312
736
249
577
200
258
609
371
627
428
677
304
142
216
42
94
245
51
628
360
386
186
530
436
526
122
339
559
766
419
368
258
525
692
500
509
598
638
315
787
248
678
23
522
623
305
314
801
292
573
46
429
679
282
548
719
332
426
170
106
811
595
281
631
173
71
567
481
360
684
175
267
260
58
89
77
339
570
96
642
794
520
305
288
336
390
393
510
792
632
827
701
467
813
55
152
53
98
79
467
245
178
673
784
5
510
426
96
194
729
113
550
79
583
358
442
143
736
114
505
354
783
108
81
346
195
4
207
446
3
350
152
373
470
602
607
396
236
676
477
216
547
453
687
139
284
424
344
110
21
66
306
248
197
726
106
627
495
77
647
350
690
635
8
404
303
570
10
764
615
664
34
755
405
557
424
159
249
427
332
580
318
566
437
196
723
147
260
785
102
472
587
656
270
791
603
417
525
16
624
125
149
511
211
96
775
516
718
560
800
425
173
66
621
351
791
641
445
525
623
686
575
439
424
136
69
472
284
798
438
156
59
756
229
669
223
614
244
676
336
111
354
686
628
305
487
333
119
759
362
744
438
704
211
25
466
663
565
143
123
819
638
780
541
402
611
811
823
353
616
308
578
35
25
194
577
295
605
689
816
292
584
231
517
458
614
698
669
346
497
567
470
122
536
70
365
428
455
636
733
631
497
763
578
749
690
165
534
376
462
787
694
555
92
185
319
403
380
394
465
56
737
519
808
243
564
12
688
728
537
828
351
549
745
794
65
144
105
705
668
214
231
405
432
796
797
672
329
198
54
424
238
431
508
342
8
358
785
49
267
736
518
113
541
99
487
39
680
650
53
682
170
420
509
347
493
760
593
19
698
249
559
496
318
395
451
582
294
538
386
161
754
26
210
156
432
14
351
191
62
13
172
434
39
248
157
527
743
671
199
581
98
657
321
798
531
140
677
309
536
366
323
192
782
722
82
788
110
798
313
634
4
745
533
619
196
13
818
752
525
224
608
678
390
94
341
304
615
739
424
464
4
679
207
323
33
603
273
724
171
791
381
759
421
496
497
6
490
52
606
450
86
343
305
393
809
752
467
143
682
770
646
702
580
802
681
257
310
755
489
155
173
240
626
471
2
783
121
648
118
601
818
184
84
598
275
753
174
216
336
576
123
497
164
297
13
553
106
427
775
803
450
406
2
328
675
631
571
562
120
481
266
84
581
85
6
428
438
360
7
47
490
739
719
535
210
613
658
128
786
254
67
713
348
320
366
778
204
199
598
646
643
99
707
799
42
533
23
320
814
495
391
171
124
21
107
5
776
558
778
591
178
738
751
285
727
170
627
61
541
14
617
396
380
40
108
614
279
242
127
750
406
527
748
53
364
645
422
180
725
750
569
491
80
3
810
139
677
614
161
490
734
273
582
162
29
733
569
778
322
129
818
618
767
612
437
154
145
266
569
813
119
44
443
634
606
316
455
212
394
524
798
71
52
634
794
527
124
55
514
350
784
92
305
338
641
358
430
509
224
277
739
572
335
404
629
174
328
395
560
567
250
680
644
244
795
17
396
227
505
715
544
630
114
624
516
229
563
301
324
514
707
817
478
628
464
715
97
376
504
53
93
407
282
106
820
61
56
368
189
810
757
545
611
591
238
656
211
483
639
765
742
444
659
337
518
451
524
764
60
542
338
188
21
656
469
827
478
666
350
62
586
771
546
250
339
329
219
453
98
246
499
806
597
198
439
679
99
672
817
711
163
119
795
360
25
237
395
245
301
396
800
202
599
794
583
763
486
285
197
130
607
709
394
243
322
532
89
413
618
715
123
536
541
188
688
83
417
253
87
257
471
131
642
11
789
757
61
263
706
163
97
660
628
710
788
589
403
257
402
777
6
575
720
477
513
646
601
413
751
300
735
142
805
705
784
449
465
11
805
451
43
51
199
1
777
524
237
242
616
618
437
101
398
246
510
193
732
446
59
528
319
729
55
448
608
797
114
312
710
66
424
119
240
459
169
349
52
233
647
71
661
665
425
294
334
531
399
453
746
4
431
173
151
698
159
685
180
696
65
468
54
270
656
497
273
465
576
65
216
640
485
792
343
439
713
723
562
171
497
537
575
84
544
299
66
372
319
484
61
413
37
598
34
84
455
43
38
487
812
418
536
241
311
494
745
708
576
147
740
49
195
232
78
100
773
53
32
476
621
192
125
239
32
540
394
379
185
781
582
281
658
811
714
521
449
317
627
488
426
309
29
519
539
574
454
418
117
219
196
747
338
627
225
516
244
138
606
248
308
523
527
688
483
317
734
150
757
213
447
175
584
288
652
770
456
514
771
46
30
727
402
522
625
509
538
756
664
54
160
411
377
662
810
640
570
821
352
590
325
120
473
473
327
581
288
105
259
147
493
238
798
97
726
682
494
119
115
58
337
215
448
537
117
658
329
397
641
494
680
123
708
252
478
778
262
678
804
630
643
73
390
627
222
500
93
53
684
145
85
653
170
784
302
329
760
591
655
276
694
479
380
474
698
545
86
592
645
556
504
361
684
229
6
294
153
706
204
506
21
10
795
33
175
526
283
656
373
300
106
191
287
680
199
644
128
731
558
751
565
184
698
785
196
165
115
746
384
456
313
822
202
211
517
454
325
826
120
680
44
712
361
289
306
247
291
790
657
738
666
799
89
824
361
168
209
666
299
830
344
208
128
25
824
27
317
398
605
412
134
749
599
695
127
553
711
761
85
281
648
681
288
238
691
443
488
617
330
816
176
270
460
745
146
34
43
424
123
805
523
370
631
73
367
565
469
264
135
417
80
768
132
702
108
351
498
612
643
666
288
659
608
809
459
234
561
545
321
340
68
517
492
498
9
145
823
784
335
42
423
697
53
81
754
719
300
520
622
465
306
258
675
496
162
463
359
792
800
184
814
725
253
633
318
798
315
434
204
271
220
96
391
138
130
822
246
574
517
446
331
188
710
149
780
249
699
720
638
673
300
454
151
397
83
549
99
19
611
632
126
336
665
685
449
381
86
651
123
3
814
317
174
649
275
638
554
450
333
592
726
486
781
567
347
597
366
171
240
763
517
453
154
136
666
661
766
702
487
479
303
478
745
27
479
718
419
6
785
752
570
523
694
439
709
304
11
226
67
402
168
557
578
529
665
278
508
599
243
183
89
808
322
519
269
194
511
601
613
802
467
225
91
767
340
219
727
611
819
161
653
311
357
699
173
407
613
310
106
815
140
740
742
740
490
630
673
681
86
368
741
383
807
54
177
450
522
244
467
413
378
243
775
732
360
400
168
308
208
415
626
427
378
474
570
197
195
22
552
559
184
536
652
651
525
600
611
731
534
50
255
29
18
16
183
539
767
829
285
710
799
469
414
594
580
822
274
232
636
135
445
438
689
620
388
675
644
427
232
625
115
636
712
608
222
825
778
93
819
48
630
27
191
560
141
715
597
253
136
588
769
138
137
130
464
363
89
400
142
487
744
735
395
167
289
328
239
395
697
627
747
652
797
692
471
434
342
198
156
786
38
337
299
513
696
44
387
221
440
189
163
571
742
251
210
747
342
305
619
48
77
74
187
542
9
697
67
713
139
771
641
654
83
493
243
592
60
157
594
297
515
30
411
403
239
306
207
143
427
644
628
405
121
797
480
132
18
773
679
706
718
54
451
96
764
757
797
110
451
177
111
487
556
274
68
701
826
533
474
278
477
467
730
516
50
138
640
183
397
562
826
58
582
189
105
349
9
533
707
693
453
155
754
317
521
410
381
51
599
367
657
777
132
802
111
782
366
5
455
421
41
266
114
356
600
420
208
561
718
501
758
326
420
395
212
811
361
101
226
682
42
234
47
416
301
177
718
161
500
815
279
368
701
202
163
324
796
283
456
775
299
429
522
67
387
641
189
13
167
317
12
167
240
78
219
496
249
218
36
700
323
126
763
273
768
716
522
469
445
645
738
207
614
620
23
345
709
643
25
814
210
749
581
266
41
752
298
145
42
670
741
275
130
511
804
455
747
555
490
134
675
679
498
651
35
800
74
43
815
102
26
478
428
180
196
748
801
20
624
421
323
459
487
617
362
104
547
792
433
830
283
42
548
303
431
66
148
438
387
783
763
353
790
806
210
507
738
485
460
398
104
809
722
35
262
318
414
316
295
283
806
624
380
727
311
295
263
16
507
758
358
691
769
23
569
517
266
762
130
547
660
341
103
251
604
445
694
469
178
292
626
637
139
521
291
329
352
778
350
157
308
91
206
47
138
82
766
703
495
20
380
562
524
160
738
102
326
578
567
699
446
102
538
739
549
57
45
36
770
395
693
65
239
538
189
602
401
220
417
571
203
501
496
402
20
294
388
39
383
680
525
812
272
253
544
254
771
633
322
202
61
397
108
129
261
564
682
179
131
634
689
206
342
173
728
561
147
527
405
351
549
815
479
434
415
541
796
422
214
263
107
781
10
511
788
645
816
625
285
647
422
613
195
135
110
337
358
677
696
286
323
738
129
805
435
582
256
722
760
188
274
567
162
670
162
827
171
140
490
377
292
612
343
323
662
434
769
36
699
439
574
132
630
730
117
491
83
754
814
347
539
666
691
449
98
631
451
783
703
292
439
274
360
658
561
65
224
359
737
634
279
333
37
341
249
501
444
134
693
602
313
90
159
34
418
793
761
389
82
646
112
367
777
85
548
460
261
2
4
698
338
426
38
572
154
12
807
506
322
476
210
15
55
109
322
506
4
53
402
801
396
160
496
478
464
644
193
230
49
285
805
500
127
337
190
291
810
514
116
22
244
786
153
75
283
812
528
51
128
475
719
471
389
368
313
226
152
425
562
396
768
544
303
498
655
395
323
291
667
735
64
716
103
270
95
726
525
608
612
408
247
45
44
604
437
559
816
267
369
304
131
56
286
383
724
437
329
92
475
158
572
584
232
155
569
501
667
569
611
520
781
581
368
614
594
719
676
52
230
296
113
324
801
827
609
143
293
237
763
211
575
718
111
606
427
551
590
325
412
783
539
412
790
829
73
628
695
105
476
495
17
771
40
710
223
643
176
370
745
134
767
234
466
111
627
316
100
243
553
111
330
595
683
72
789
520
158
121
189
821
476
588
361
170
519
347
334
500
555
757
323
429
661
723
469
171
181
642
797
412
501
179
386
147
130
444
29
192
534
343
400
166
594
519
203
422
768
730
223
584
261
159
769
545
98
608
617
625
372
177
644
630
78
627
52
458
366
425
591
665
86
301
338
73
670
767
80
425
57
739
699
87
420
773
432
1
35
722
101
383
648
796
326
699
533
593
741
479
123
542
243
764
58
226
142
694
466
782
605
353
777
420
253
482
258
319
421
627
114
178
412
386
198
818
64
599
346
30
460
71
194
547
2
18
697
368
741
554
651
147
580
227
215
1
326
104
307
520
476
633
94
637
797
701
327
461
520
769
404
157
280
32
106
173
100
344
806
524
292
101
313
225
340
179
706
493
457
491
711
789
100
828
675
146
448
209
215
563
449
769
25
131
297
277
592
84
273
765
335
460
711
128
178
160
201
222
632
588
735
446
520
96
415
720
630
351
292
275
790
773
23
787
759
143
282
233
730
346
211
758
537
462
611
589
581
522
545
536
418
787
484
574
46
820
627
690
532
373
795
550
656
489
737
477
758
274
305
135
575
626
323
655
426
448
192
744
482
668
792
307
233
767
73
43
94
651
527
235
447
410
109
31
383
155
271
452
172
128
446
119
266
455
627
462
659
59
531
745
87
176
248
245
422
369
495
238
765
305
186
584
701
254
677
690
175
190
243
750
358
438
417
646
181
139
529
781
151
592
66
478
275
527
104
203
706
52
704
568
596
155
345
195
328
332
502
605
631
639
341
759
250
697
450
359
333
156
431
321
612
566
536
182
344
613
626
215
106
24
97
478
63
656
76
341
206
627
142
195
796
178
159
764
688
582
383
698
520
185
797
585
96
168
663
92
626
91
321
34
522
648
70
207
232
776
576
374
434
479
596
395
442
431
368
300
468
411
588
538
654
784
763
681
533
601
154
382
371
248
558
816
454
12
592
72
582
521
67
251
557
811
614
203
361
702
387
419
146
332
592
663
823
143
239
741
828
334
152
806
377
301
695
220
697
557
190
174
686
193
616
743
794
455
357
5
471
425
460
24
197
656
432
765
347
776
667
511
217
810
638
432
457
390
717
175
218
342
503
183
341
76
689
637
479
144
487
658
428
19
157
712
310
152
811
585
58
145
622
328
283
356
698
778
724
25
620
527
289
279
608
355
562
168
662
96
645
675
217
484
719
609
350
418
198
596
276
829
88
563
70
261
559
770
278
582
388
429
804
195
89
202
271
143
539
311
246
469
408
51
43
244
790
711
617
593
341
128
713
527
672
483
525
200
364
471
328
410
334
393
486
200
658
356
376
53
470
552
47
45
576
635
686
819
219
86
619
459
789
1
51
29
414
725
170
259
321
485
339
206
812
812
31
608
794
214
339
547
525
44
11
186
448
166
243
103
787
21
795
137
391
444
40
35
166
772
345
78
579
782
480
14
302
180
386
819
212
195
491
60
689
188
132
246
759
422
711
614
486
650
403
171
767
552
11
247
278
456
645
20
174
698
236
612
160
544
657
585
484
113
497
501
418
185
183
107
617
169
176
664
434
418
466
306
375
404
326
730
545
457
74
680
370
90
225
596
34
690
490
300
387
481
179
619
409
736
523
368
57
251
494
702
462
1
297
356
588
601
349
633
478
378
384
317
693
67
426
631
710
802
344
394
113
402
309
15
823
289
428
408
816
52
443
737
275
652
595
420
534
670
695
262
718
558
494
714
747
184
798
234
224
165
475
816
94
614
828
402
732
657
749
811
54
624
3
349
10
102
681
310
584
259
643
50
790
55
237
27
737
14
377
778
487
407
127
256
190
742
101
657
652
691
634
285
552
57
19
312
289
22
721
675
367
33
312
432
482
584
724
656
505
345
806
263
3
611
113
140
230
370
719
224
399
657
221
802
76
135
506
275
438
797
127
72
762
425
252
608
557
461
714
581
648
660
19
101
697
105
625
705
27
494
68
419
471
121
105
368
303
284
611
779
208
554
620
726
280
734
351
38
141
388
666
761
6
290
678
699
432
778
133
6
304
380
510
193
548
108
701
121
379
730
823
698
749
762
403
43
548
464
23
793
412
179
437
213
731
554
826
475
241
383
362
361
540
635
722
544
671
620
284
39
789
534
148
236
449
390
698
586
468
413
29
113
416
216
202
257
648
396
449
211
779
587
569
788
101
136
105
714
12
413
609
274
108
740
541
361
796
259
338
157
278
66
360
217
317
32
200
284
723
318
102
502
157
638
689
744
262
582
534
162
688
774
791
265
463
519
176
26
138
599
548
456
336
726
671
344
677
223
51
709
453
444
168
428
529
319
501
527
362
683
208
735
239
684
695
794
450
674
534
788
677
395
431
638
247
163
614
25
520
268
726
110
767
142
755
450
791
95
294
162
63
248
805
705
810
709
522
688
690
108
441
382
134
143
185
161
280
299
82
452
681
217
653
102
230
729
162
366
457
307
312
369
602
816
567
568
93
531
80
97
676
350
298
156
542
15
429
714
39
200
201
52
445
204
24
126
249
620
448
690
38
112
115
3
511
61
745
624
688
503
586
676
224
55
35
449
559
322
632
718
823
139
675
658
29
337
446
594
263
21
350
228
297
140
481
333
713
678
172
805
427
388
698
539
209
242
326
102
339
146
230
642
751
86
773
792
507
467
632
368
424
175
580
798
113
391
488
422
278
141
323
157
751
477
507
805
68
795
195
194
489
265
488
146
192
233
70
542
325
821
205
675
366
465
627
486
207
125
633
381
675
696
368
133
419
776
626
282
129
664
502
465
553
607
284
789
792
591
236
103
648
455
332
439
384
709
533
731
30
140
643
84
92
167
737
800
136
339
558
105
789
339
405
732
4
190
669
599
485
342
16
753
121
709
628
695
756
217
51
346
548
626
404
70
174
616
292
217
508
809
503
362
110
311
512
816
583
630
216
360
691
538
152
226
279
28
483
70
508
326
696
229
13
18
648
583
29
722
516
141
291
118
207
404
727
673
25
722
456
766
457
467
199
174
212
47
207
759
509
707
453
829
179
153
6
735
557
643
689
196
748
810
381
173
532
164
57
573
750
683
33
437
190
663
674
172
103
52
804
431
630
633
473
519
746
228
4
446
126
194
631
141
217
98
702
759
390
94
770
60
626
232
528
38
783
528
827
66
629
43
592
580
765
482
37
159
422
437
218
286
262
245
292
761
639
313
813
157
624
74
286
146
492
777
447
556
696
339
201
729
576
242
25
541
582
440
719
255
814
590
675
704
537
38
554
104
504
526
568
175
229
558
424
292
759
733
525
535
595
100
795
531
79
85
691
562
336
243
286
271
322
273
669
651
373
473
445
51
516
352
483
457
72
780
460
552
46
483
481
678
343
418
155
699
195
527
648
589
382
278
549
528
337
528
797
812
106
474
370
90
629
310
98
546
389
387
668
471
401
376
280
741
803
727
301
497
243
363
739
815
173
614
373
261
82
798
16
782
232
487
725
325
198
512
196
805
608
34
69
414
745
554
625
421
498
233
636
562
483
277
244
334
491
130
92
6
5
629
433
105
766
617
719
552
657
351
462
496
707
607
802
430
553
487
30
531
661
689
109
714
698
82
683
94
476
316
783
355
118
734
168
632
718
31
35
611
267
347
578
278
797
502
547
653
442
637
709
296
454
100
259
309
556
423
687
360
42
337
109
460
637
436
168
762
30
627
428
30
26
678
37
340
538
26
252
334
745
470
779
146
171
723
745
4
332
313
607
478
396
329
591
686
295
750
595
825
234
328
617
543
790
516
95
753
521
520
775
42
136
695
492
780
369
609
802
739
441
363
647
613
268
438
802
106
784
80
234
11
429
582
447
657
651
691
328
71
138
195
610
224
632
782
422
44
261
428
748
302
477
144
320
20
271
177
788
512
742
766
192
617
706
619
31
330
159
119
111
440
403
489
666
736
474
298
167
303
453
84
751
289
613
751
82
705
507
401
769
559
761
260
788
760
49
816
52
20
376
385
720
383
326
384
792
233
491
590
74
77
608
220
626
751
763
555
758
499
300
88
522
675
736
463
477
759
131
234
304
681
615
619
81
360
280
371
98
31
415
122
707
174
118
386
146
750
740
64
159
256
121
406
826
360
830
374
453
16
643
8
495
388
219
759
24
426
785
287
600
193
152
577
160
382
47
315
265
823
801
810
373
497
128
515
466
576
296
173
88
178
804
292
516
159
115
228
688
36
362
431
51
34
438
167
491
166
545
694
415
663
171
17
280
316
80
557
158
238
103
111
338
117
23
608
119
241
521
686
194
708
726
214
17
125
707
785
676
54
794
19
549
719
49
238
792
750
263
639
340
506
223
165
465
635
74
714
743
204
4
816
451
679
235
558
524
429
728
770
329
276
573
784
460
245
500
385
312
588
66
698
21
616
407
246
492
583
183
131
794
610
496
415
23
304
397
287
549
202
101
165
248
278
663
48
187
59
93
739
607
524
223
645
491
779
646
786
793
763
444
191
582
334
95
542
672
771
165
73
340
667
280
436
739
133
554
108
517
531
777
356
274
125
763
160
468
790
93
613
231
272
50
254
401
381
500
654
732
310
732
172
451
623
467
441
777
658
438
435
360
644
739
742
295
90
97
545
547
674
581
251
527
414
390
769
128
356
504
610
308
217
204
545
442
6
155
439
646
151
52
600
326
39
116
724
512
605
542
601
280
9
553
50
518
738
825
237
549
114
303
570
310
445
468
594
104
786
751
44
807
224
470
822
542
336
714
325
32
180
820
216
123
643
41
712
49
308
770
489
166
405
113
164
151
582
173
679
422
321
517
3
514
540
318
622
525
285
569
358
232
288
484
346
7
566
619
623
554
221
187
327
59
404
625
174
79
88
32
725
426
176
366
124
68
31
637
807
428
786
215
641
724
808
689
691
133
133
614
713
433
750
381
565
466
782
53
58
583
413
443
599
524
812
318
649
734
121
459
722
413
805
350
442
125
653
640
368
367
522
299
224
702
390
178
566
522
383
202
380
341
731
179
538
760
556
625
450
640
440
517
643
588
405
376
742
672
160
356
423
10
617
249
408
340
155
744
797
42
720
690
676
62
357
132
459
734
771
349
588
527
756
766
669
768
559
393
142
513
277
336
565
546
722
123
728
586
18
148
400
554
748
200
626
295
79
463
158
829
508
132
58
427
542
642
529
370
357
416
143
62
64
648
648
221
532
267
347
634
688
107
784
453
157
518
200
269
532
117
713
611
105
137
10
14
824
672
24
653
443
779
553
462
30
406
332
66
8
738
449
212
828
776
426
309
540
565
5
254
556
192
635
142
619
316
120
717
784
373
621
338
601
199
348
147
204
523
326
85
598
522
777
372
384
607
689
531
657
118
597
60
553
661
379
416
100
472
769
623
276
151
459
595
585
54
251
433
543
72
150
155
728
764
822
564
747
22
531
571
510
122
597
589
71
52
741
257
771
745
200
651
439
714
374
780
472
161
767
115
163
41
681
287
30
715
757
791
305
599
655
534
751
482
455
426
641
466
612
326
753
600
414
290
751
534
654
746
6
229
329
421
754
770
734
98
386
165
186
21
707
685
393
623
462
700
533
778
527
616
560
607
569
246
538
346
598
783
259
5
93
29
304
753
122
365
94
116
433
413
240
126
430
424
296
412
306
689
573
307
9
178
500
727
613
34
80
592
767
614
744
316
677
81
389
419
379
352
420
426
289
75
307
87
395
93
560
431
306
367
250
374
318
663
700
291
431
641
170
503
586
106
661
92
421
715
169
126
538
60
796
670
572
419
804
518
527
518
687
297
485
624
305
79
734
799
443
52
706
124
560
102
608
776
204
179
702
370
250
184
765
136
492
233
374
470
137
425
353
667
363
19
603
144
432
783
340
459
356
341
269
360
207
445
357
337
69
616
453
340
191
498
544
584
118
385
721
120
635
373
401
766
87
640
167
335
750
53
729
550
725
322
49
495
668
671
138
124
334
294
113
754
605
108
436
64
702
589
430
359
14
669
512
350
561
345
168
604
575
618
85
71
527
56
810
651
268
562
647
649
750
163
690
820
253
618
219
25
608
383
605
234
237
818
301
137
473
414
741
508
17
593
278
542
611
701
414
515
660
733
581
140
459
679
497
316
444
773
635
136
416
574
609
69
14
671
594
236
824
284
741
554
455
537
612
720
134
551
680
681
397
66
568
373
575
300
311
490
586
803
187
453
157
60
715
546
427
802
369
499
670
258
818
757
715
49
177
358
159
85
696
681
571
67
518
497
72
230
526
624
299
820
450
563
394
822
740
90
817
16
717
798
512
33
13
685
260
371
777
235
735
304
150
510
686
79
433
603
741
518
358
676
114
489
33
598
568
451
595
745
393
252
547
799
114
418
540
147
715
499
664
410
830
352
185
725
160
713
122
44
655
121
163
707
418
369
540
255
52
370
308
221
96
634
358
513
303
231
117
264
273
519
256
609
94
655
236
97
462
295
198
108
44
10
648
214
471
392
282
219
296
201
102
264
472
39
529
735
89
665
605
730
168
187
47
523
382
710
48
264
754
118
767
598
516
490
647
647
562
30
491
310
112
209
634
460
698
713
52
744
239
82
455
747
559
693
802
500
658
522
317
545
87
556
343
560
427
122
436
520
521
166
360
157
13
394
614
273
171
620
264
109
323
140
416
549
397
303
251
339
253
803
263
603
213
813
694
456
178
501
783
707
397
19
355
288
461
433
584
547
36
177
373
294
546
479
438
634
324
507
389
786
465
584
611
390
749
768
110
175
170
763
618
242
413
402
529
714
401
172
501
408
297
16
283
26
188
336
225
132
152
318
40
195
272
618
314
18
561
759
786
278
289
754
282
260
411
465
365
260
803
562
684
132
650
481
58
768
397
270
337
652
683
549
249
489
717
715
425
828
280
177
417
769
348
190
69
428
231
454
314
590
619
202
153
244
807
355
29
154
496
514
818
200
619
3
168
618
210
586
243
344
767
123
69
202
643
657
271
338
256
733
265
593
104
459
156
448
86
201
225
776
351
518
760
197
756
412
155
546
540
704
480
264
399
558
569
278
610
281
329
240
275
515
654
356
346
372
815
308
397
617
153
477
115
388
208
695
140
696
648
720
385
590
214
535
425
347
721
9
611
396
286
58
558
259
106
274
464
690
441
351
396
205
203
360
709
105
649
65
57
134
195
477
86
344
827
123
600
195
91
453
388
819
201
529
815
194
383
17
270
49
817
339
744
538
65
177
465
73
358
813
476
223
139
827
572
645
642
637
303
235
776
810
680
95
739
611
161
252
492
244
716
94
391
101
470
707
238
134
293
533
677
434
225
785
443
137
47
332
297
407
111
402
407
564
578
383
475
369
417
694
480
334
272
741
600
666
668
146
757
657
575
581
127
723
65
279
485
170
653
652
613
58
805
316
347
251
71
728
164
718
472
342
580
736
197
400
178
550
744
349
355
447
474
102
115
531
648
646
464
746
687
380
699
16
79
479
628
578
555
644
494
811
452
502
616
767
491
385
553
623
63
43
523
119
745
497
642
646
571
22
121
505
512
431
405
647
323
199
265
712
552
624
459
776
529
46
305
658
245
257
22
343
87
410
690
802
701
577
547
95
124
126
788
449
518
826
445
332
314
554
114
49
563
451
477
198
768
94
100
629
374
672
414
637
771
648
305
39
336
325
382
635
335
557
788
767
371
334
597
252
513
181
231
107
455
441
229
541
234
398
561
242
350
39
574
783
256
730
180
24
198
506
34
172
800
417
70
630
567
599
789
375
310
224
148
487
139
236
501
814
780
562
718
635
507
103
643
723
735
357
741
736
621
272
112
6
409
366
524
432
220
303
429
399
127
117
435
755
156
236
806
418
474
409
625
635
212
422
727
713
358
165
98
542
93
472
51
435
52
739
324
793
298
320
431
255
702
72
467
171
818
513
518
273
791
136
239
238
195
268
593
305
551
8
806
503
172
518
16
762
556
198
641
241
751
510
269
353
640
218
426
800
438
139
703
311
814
830
535
470
208
111
99
158
256
536
529
251
234
622
486
333
93
137
338
349
752
548
770
598
186
64
774
440
88
214
77
308
395
652
632
356
294
797
133
466
243
545
417
154
480
557
517
362
753
257
149
169
37
68
220
251
557
521
30
407
498
315
735
180
324
711
505
167
707
42
265
485
589
182
547
693
583
168
639
554
304
722
120
493
62
707
409
436
189
48
413
182
123
36
510
155
627
93
214
148
160
569
217
580
468
523
753
812
74
318
519
543
477
487
348
524
560
152
427
123
623
255
613
218
477
252
292
255
426
474
439
630
429
361
569
312
151
96
383
604
222
311
788
614
279
313
562
390
677
522
76
101
41
347
2
76
242
111
801
255
391
139
433
527
557
124
98
193
444
53
527
732
738
732
1
68
458
257
816
668
178
142
88
57
319
696
326
739
348
113
242
132
65
711
812
284
1
591
347
824
89
367
725
606
450
453
545
731
401
635
244
637
760
567
215
37
281
269
640
511
43
72
211
13
769
651
562
715
807
546
143
614
255
585
369
449
526
599
611
462
777
407
598
433
612
142
396
643
788
516
109
530
662
689
321
463
128
142
792
241
44
802
829
34
554
104
703
367
667
369
707
299
300
234
192
57
743
67
655
234
96
428
164
91
652
9
389
502
829
333
464
612
509
175
755
178
532
72
208
328
681
482
132
283
732
511
419
550
77
320
644
469
115
613
830
768
373
448
70
670
797
200
250
211
58
225
351
102
695
744
738
588
487
133
723
272
471
656
86
422
464
240
3
677
401
102
381
10
40
395
443
346
139
147
521
20
368
564
687
544
323
603
320
22
36
659
140
606
69
483
674
662
643
38
806
704
350
274
340
415
374
432
482
22
95
30
574
818
48
630
250
602
208
564
546
59
402
417
240
604
398
792
664
804
583
296
188
518
320
76
83
323
373
491
326
409
499
823
565
678
429
518
136
122
268
223
209
676
441
708
545
509
566
109
669
370
33
314
745
731
478
519
405
111
665
497
13
815
347
676
120
422
659
180
793
42
150
577
126
120
696
4
364
484
496
665
621
514
490
551
616
692
170
535
733
286
164
132
656
584
401
686
794
214
211
195
758
196
703
300
689
166
594
562
619
216
5
89
568
562
34
132
232
211
606
13
580
130
505
15
114
696
434
136
711
38
297
246
659
550
169
328
591
473
30
152
517
241
179
300
691
692
126
428
474
748
324
220
97
457
327
648
275
684
397
215
819
321
334
30
451
418
413
539
131
706
490
248
769
617
200
613
117
483
271
316
420
164
321
367
807
690
502
255
405
483
797
766
172
269
255
290
376
112
575
506
617
205
473
36
327
331
638
168
651
715
184
100
354
589
412
466
407
434
247
341
264
211
676
403
466
578
520
180
501
345
152
444
593
139
457
220
619
131
559
707
529
570
138
283
308
139
339
733
543
338
790
462
112
738
186
815
79
467
675
708
700
728
527
203
77
824
332
661
508
588
264
467
487
398
414
158
472
612
180
434
508
746
97
73
58
67
366
811
593
455
105
30
26
793
768
679
800
686
28
205
255
699
665
776
204
606
175
690
580
462
56
647
768
307
549
540
195
574
767
696
394
668
670
489
700
143
819
607
425
268
178
514
87
575
649
465
809
322
583
540
357
598
184
148
348
759
472
780
714
220
681
751
387
519
536
679
547
688
267
188
294
692
691
465
121
13
299
612
487
818
652
55
138
45
710
723
476
287
182
743
738
697
727
480
66
77
18
727
226
516
371
41
629
499
357
770
594
295
259
136
769
791
380
567
50
548
167
492
363
738
135
311
803
742
225
272
528
294
653
250
568
767
581
499
497
35
221
582
826
483
285
483
779
440
74
811
646
381
62
227
329
15
742
113
437
546
612
562
795
84
735
139
770
693
707
162
135
303
401
8
310
161
262
652
184
269
273
753
392
555
553
484
325
295
696
628
91
777
728
159
445
304
611
505
441
288
9
357
561
237
305
652
577
760
781
794
545
500
604
464
240
653
455
168
382
162
400
73
336
584
305
731
498
771
64
651
705
343
565
249
158
114
143
425
811
640
364
234
434
802
510
326
85
291
584
196
440
758
189
802
22
756
251
286
230
25
55
211
126
192
270
201
564
696
536
404
27
488
323
324
817
757
168
807
391
644
209
57
369
264
440
574
43
235
270
208
744
146
755
150
361
471
806
347
265
528
40
445
207
93
406
51
722
821
582
623
155
652
402
226
182
360
407
610
198
553
301
637
529
409
492
765
781
17
328
438
285
21
368
524
8
187
360
790
613
642
796
651
795
677
585
400
655
252
538
621
358
268
389
23
176
168
274
185
331
156
337
285
169
805
269
770
594
473
802
268
802
692
738
418
115
814
181
631
33
603
266
458
722
435
219
786
499
707
655
224
149
542
4
140
30
160
495
809
281
179
344
17
669
445
638
830
303
145
243
507
484
784
189
496
672
688
490
637
655
494
13
568
404
37
523
527
214
612
828
656
372
578
15
365
763
655
718
732
43
584
492
709
344
266
346
476
287
175
112
639
628
747
814
17
349
502
784
281
49
455
795
193
665
292
611
180
781
572
650
766
183
135
814
607
583
738
260
84
154
314
171
640
61
723
69
376
630
247
123
763
510
33
141
62
601
461
675
744
639
188
766
235
607
584
412
375
107
331
173
401
810
667
578
96
555
179
582
164
676
612
671
649
807
697
825
120
574
361
40
368
341
151
127
90
27
440
226
651
829
689
8
384
135
607
742
719
653
427
325
556
695
32
445
231
631
376
179
125
247
541
752
753
681
611
744
727
790
387
440
393
548
372
107
701
342
179
215
426
140
627
97
277
800
208
424
322
715
686
440
198
607
798
371
694
559
336
763
439
57
37
107
521
584
442
453
687
17
491
478
165
637
167
372
245
364
588
465
552
314
156
308
213
317
77
431
518
53
334
566
813
667
813
265
660
152
829
479
404
67
620
827
106
173
769
164
817
35
125
743
119
113
499
718
37
722
424
383
754
671
532
466
583
390
175
791
708
355
758
154
120
807
36
230
100
12
29
396
307
233
361
638
618
575
363
311
594
600
412
691
611
415
172
665
338
358
291
404
414
472
516
296
607
69
812
329
320
87
307
473
828
39
797
698
444
472
270
500
278
159
264
347
684
579
119
670
688
704
115
824
816
127
325
418
521
240
500
33
7
677
438
654
135
77
122
53
13
77
678
751
382
732
527
796
652
385
680
190
607
607
411
129
667
802
698
33
77
651
487
184
587
531
437
58
553
414
543
417
513
186
808
596
699
204
181
138
489
6
769
772
113
193
259
120
686
268
784
794
2
309
276
591
66
412
202
452
673
68
307
102
187
287
678
737
528
208
57
760
48
604
211
572
753
658
670
483
603
683
532
327
793
751
269
366
472
255
755
144
429
221
412
323
9
45
714
19
781
232
184
203
579
821
646
799
62
20
17
339
15
411
673
613
508
465
423
417
692
72
103
243
124
183
198
757
434
40
760
192
316
7
455
144
137
574
703
378
339
300
341
62
469
768
59
815
757
725
710
617
441
152
2
394
747
288
601
58
636
776
295
474
369
589
74
14
735
360
462
632
232
603
448
48
133
50
73
405
468
536
232
636
354
579
680
574
197
624
394
742
647
739
473
174
116
16
394
518
15
365
537
23
720
77
482
234
149
466
610
481
360
184
615
276
67
212
822
413
340
432
94
128
13
458
370
502
668
598
166
160
611
125
164
711
389
605
131
70
813
610
710
600
254
540
16
423
124
568
477
2
259
507
484
797
259
760
675
395
90
828
651
248
733
486
70
36
397
154
218
460
375
117
615
546
76
353
146
350
278
90
824
440
532
830
259
530
816
513
588
645
405
282
521
764
370
830
662
463
474
783
128
552
210
578
667
666
317
524
46
635
80
556
55
758
60
510
501
429
595
168
442
493
276
204
657
181
103
487
448
461
161
7
776
621
654
5
61
633
164
447
637
456
595
625
706
459
42
828
392
477
634
568
769
725
120
514
200
93
681
475
597
716
352
214
212
460
128
59
375
530
460
330
698
601
85
458
614
100
691
18
203
146
696
805
615
242
676
83
465
63
144
219
32
394
236
53
578
638
259
349
817
277
334
465
685
109
294
301
194
227
304
656
740
487
156
192
798
520
406
101
62
709
779
541
572
551
297
194
387
545
64
630
825
402
332
334
528
60
66
700
333
129
629
743
219
5
175
560
198
486
166
616
106
463
99
327
745
156
686
112
273
758
108
346
377
437
514
385
384
540
194
722
574
251
434
62
152
140
69
279
317
264
402
4
791
241
763
275
182
268
231
385
35
415
582
239
718
791
701
267
815
15
690
531
265
489
282
192
1
311
780
341
655
415
557
3
293
641
714
669
149
228
53
6
448
317
741
523
495
79
266
337
440
763
51
125
398
352
528
696
596
645
224
367
64
443
712
247
495
281
668
278
224
166
87
688
114
609
224
763
145
255
83
646
419
495
89
120
155
321
675
630
520
662
152
220
443
582
590
435
217
62
61
473
402
350
174
242
571
713
824
549
232
679
785
296
475
636
75
683
645
1
786
823
518
226
198
616
812
342
70
421
431
78
488
291
792
648
671
668
24
640
639
229
750
299
269
597
561
261
295
531
446
102
41
152
475
797
431
612
572
428
213
438
627
822
732
259
258
4
591
17
694
223
117
630
535
813
462
809
617
733
212
142
582
558
133
111
227
192
421
244
19
711
777
821
124
271
112
328
328
830
751
635
665
593
170
827
346
348
637
325
812
531
751
357
500
275
826
709
801
822
445
443
56
275
294
291
46
649
29
318
234
392
647
287
96
827
37
653
66
317
206
225
66
174
675
359
120
209
123
771
464
26
753
651
208
817
131
77
79
179
589
75
619
441
542
410
410
88
765
737
407
709
613
758
464
603
531
205
668
483
197
723
504
435
799
613
687
259
117
617
826
267
154
373
780
606
772
694
298
531
814
293
93
678
244
741
677
631
375
472
794
341
468
411
489
178
153
122
113
732
15
601
312
436
10
829
281
95
232
225
254
250
456
248
547
270
139
533
152
405
171
191
647
294
162
429
577
132
712
646
662
463
114
374
669
750
326
11
258
228
795
649
548
23
412
160
333
236
372
681
276
311
231
241
769
688
592
558
58
466
266
804
733
703
400
750
458
72
662
277
153
761
595
755
10
472
592
472
358
176
64
381
542
408
532
354
782
380
603
791
512
334
395
14
240
424
758
660
70
210
83
397
533
334
587
213
254
83
425
109
282
763
262
514
812
621
691
356
547
778
190
773
567
658
590
113
544
463
666
372
312
248
172
572
337
75
325
78
642
176
13
266
164
248
262
45
618
548
241
332
236
690
585
224
605
320
439
162
66
525
442
24
279
712
829
401
348
203
269
69
427
672
173
555
687
785
597
639
49
677
648
376
462
263
165
328
144
28
569
730
758
520
806
372
711
464
191
642
573
173
88
800
379
580
211
96
149
87
605
794
501
211
315
102
113
496
402
558
493
595
504
164
155
103
328
578
437
15
508
13
198
555
778
788
351
48
236
265
565
477
685
379
441
295
322
59
597
551
483
654
341
424
493
651
34
79
760
383
811
419
687
694
485
372
533
787
697
322
710
648
586
149
153
158
14
821
77
232
462
391
496
58
794
201
147
220
609
164
125
356
799
669
318
516
611
371
632
472
716
526
699
465
790
374
392
785
697
706
383
255
688
557
90
594
617
712
665
217
505
189
42
449
56
793
100
827
637
493
581
27
776
635
422
209
100
83
53
427
246
174
125
433
511
541
285
458
552
589
2
553
443
384
293
436
555
153
733
303
53
295
36
368
74
308
406
558
186
235
176
790
650
691
296
822
63
494
272
35
794
344
263
71
819
655
574
574
383
237
792
466
630
1
688
376
664
111
656
379
720
497
314
301
418
61
673
450
761
130
593
569
307
399
414
361
523
385
224
451
429
365
99
38
506
467
663
757
263
265
49
576
753
319
465
615
732
351
180
103
283
427
94
542
353
661
217
485
478
536
251
166
289
615
295
127
452
786
524
807
240
250
258
345
270
246
365
532
778
259
123
157
726
419
366
213
424
781
620
140
672
578
718
122
217
97
236
408
769
495
87
53
760
273
798
533
152
114
479
256
3
260
566
676
283
170
488
34
464
440
624
281
358
51
708
813
221
75
385
722
207
360
440
272
356
296
384
342
52
447
564
582
5
446
345
298
229
773
27
138
821
379
799
556
509
437
298
40
309
244
740
715
705
442
803
729
99
600
86
233
739
562
694
194
621
606
89
493
143
282
651
280
789
532
292
563
765
304
345
3
766
810
192
423
829
70
16
768
69
13
142
769
412
608
81
721
387
101
638
537
174
638
593
721
44
322
50
234
550
92
355
477
786
766
563
313
547
491
308
248
491
489
825
194
9
326
503
303
86
562
113
107
177
372
109
667
351
526
174
349
830
807
659
590
222
605
704
242
632
669
385
36
450
208
527
493
398
70
706
826
101
68
456
117
635
627
672
426
484
591
69
745
528
659
634
115
5
49
632
160
346
107
739
542
560
149
380
793
606
128
459
585
333
616
632
517
211
95
645
365
118
576
511
89
238
681
427
112
128
609
156
494
782
92
567
479
749
189
562
768
620
691
680
404
495
30
134
632
208
567
730
284
680
611
802
643
811
201
78
307
254
507
726
129
826
190
245
784
19
576
180
315
501
292
206
477
733
730
42
167
494
492
748
156
736
728
325
97
654
314
67
341
69
707
566
585
293
283
627
236
151
403
419
451
360
724
404
708
19
171
149
304
803
361
18
781
585
155
510
557
741
279
14
489
420
238
374
772
236
222
693
396
333
718
106
596
144
354
370
683
308
303
388
10
537
749
728
416
613
246
479
5
54
539
37
626
383
397
380
108
395
502
77
474
286
128
128
756
676
278
806
826
11
733
76
533
559
166
54
101
612
773
125
242
5
92
20
484
657
280
73
18
493
742
122
41
736
239
5
707
210
740
448
494
764
684
428
684
298
575
510
723
400
232
625
579
597
500
193
248
395
237
227
725
609
93
52
197
287
481
662
677
117
242
813
422
458
418
802
199
393
110
705
605
704
711
421
621
194
575
301
107
355
425
580
295
89
749
510
774
233
552
597
219
265
149
643
241
453
678
355
421
347
557
120
503
653
349
461
304
88
571
830
271
101
143
607
541
28
351
749
493
441
183
566
211
217
605
330
820
229
72
149
387
310
439
554
703
76
140
301
87
513
290
762
85
699
218
591
721
550
228
492
587
99
709
747
9
24
432
285
588
452
810
781
124
782
275
819
509
197
119
735
643
172
155
796
781
470
777
101
691
511
323
452
408
544
670
204
568
603
345
197
116
242
171
127
370
264
600
467
815
727
808
213
339
410
76
332
669
738
187
281
183
172
351
219
612
720
461
700
308
163
496
161
258
565
359
697
720
753
404
189
145
194
380
313
580
730
557
689
620
665
371
105
512
328
546
326
400
268
829
704
388
704
15
646
755
494
121
334
135
108
618
11
687
233
807
808
245
503
186
616
29
516
683
47
788
782
352
535
494
794
471
812
689
680
395
390
256
132
229
486
500
820
613
349
404
253
339
248
774
739
660
659
83
107
732
248
766
445
600
431
112
392
128
193
522
18
717
51
771
466
170
417
440
763
288
692
489
618
540
21
691
17
633
235
179
394
241
149
740
409
291
583
654
73
461
775
176
142
53
258
780
54
370
38
156
650
758
261
618
821
31
786
400
540
21
666
153
364
572
223
217
9
639
819
468
10
536
230
488
166
511
182
227
4
229
289
81
716
752
85
343
189
233
556
452
717
199
199
561
12
473
261
353
4
128
128
625
287
531
476
520
224
721
481
465
95
87
33
116
446
619
788
712
131
441
344
86
57
622
93
550
534
701
25
364
644
762
157
304
545
400
666
8
503
400
556
300
153
229
554
169
615
356
500
302
537
12
158
265
255
76
177
316
56
352
103
407
674
684
714
528
195
632
512
774
53
264
142
311
395
512
538
484
311
629
280
586
650
60
623
165
390
491
648
95
267
606
802
719
160
61
412
174
771
133
817
558
604
29
674
491
199
56
297
816
509
375
303
511
326
58
390
415
49
693
474
547
138
340
498
434
117
729
401
176
98
85
630
208
298
506
331
503
245
365
512
226
155
17
272
590
543
567
167
399
92
302
472
687
769
184
610
733
825
392
632
648
541
649
354
694
92
187
379
829
529
742
396
727
445
453
309
701
714
439
386
91
383
261
576
449
323
501
223
335
807
550
425
686
527
764
472
363
174
139
459
754
692
531
301
507
282
242
413
383
736
333
86
4
9
209
495
487
304
165
55
519
661
306
581
397
328
173
200
391
239
493
299
62
104
631
766
322
723
360
71
53
250
234
465
765
6
25
61
717
153
398
138
432
102
263
421
274
648
155
709
182
261
364
76
191
76
75
818
156
681
805
192
440
36
153
222
278
473
298
234
586
819
157
529
798
538
487
818
538
194
527
356
630
48
6
638
584
376
385
231
423
507
666
326
682
313
397
705
314
561
706
520
303
536
571
788
545
765
415
444
454
373
627
127
585
779
1
828
164
142
53
698
743
653
85
8
211
693
316
690
510
80
621
663
469
347
237
793
593
690
708
83
78
28
719
612
427
59
707
788
573
172
555
67
581
156
602
65
222
356
369
526
232
357
106
652
531
345
479
233
807
359
794
38
261
172
28
245
803
254
771
637
175
61
539
715
370
240
791
5
57
558
128
132
222
134
237
268
494
484
735
275
671
217
608
152
402
373
751
189
797
449
378
646
813
508
529
664
146
131
488
731
478
583
402
822
659
245
795
239
199
576
576
770
404
489
582
44
552
168
785
465
308
209
278
720
345
829
792
72
710
385
86
731
789
750
651
25
798
163
125
185
227
458
154
294
801
187
113
423
756
433
80
727
787
42
38
311
254
144
799
588
264
426
609
758
64
782
644
627
172
745
141
209
780
205
190
262
799
663
141
375
321
387
498
307
154
7
529
430
140
71
646
358
108
514
37
323
72
730
309
226
633
193
99
593
323
469
558
472
409
403
684
125
152
103
548
673
722
649
120
781
372
546
191
356
745
453
644
163
587
817
591
778
727
50
467
684
470
70
127
682
422
428
785
567
744
41
207
577
289
268
735
242
664
354
608
594
303
248
253
158
337
338
159
145
413
418
20
737
458
496
657
682
151
716
746
100
273
768
461
526
15
231
467
212
285
565
154
712
263
528
633
681
338
57
67
124
583
171
34
134
396
180
612
810
443
55
296
10
191
272
779
158
602
478
314
344
354
123
296
594
292
322
488
231
648
507
646
115
341
579
369
804
737
810
667
778
594
381
318
815
620
550
145
311
500
88
371
195
393
430
315
167
145
414
130
360
428
722
747
76
652
195
599
236
68
423
122
247
561
449
137
144
567
735
242
542
324
738
723
156
74
542
191
204
645
97
353
343
565
515
720
372
798
106
652
65
26
824
130
435
664
399
639
385
180
686
711
90
792
179
44
792
222
208
237
667
488
266
789
674
117
389
313
583
730
539
625
573
45
259
477
550
280
208
507
672
277
247
403
795
596
44
735
617
373
394
605
520
58
411
690
808
59
159
192
559
517
199
164
242
446
671
321
700
250
694
421
228
822
737
50
773
602
122
811
69
245
621
517
589
791
83
538
705
699
807
719
666
452
44
505
56
165
183
236
506
750
608
250
137
184
204
440
661
251
378
228
623
177
213
69
659
828
441
556
664
598
221
290
57
233
279
552
36
119
113
286
764
277
643
101
345
7
13
816
295
328
788
259
3
256
6
305
280
385
130
685
810
324
771
785
554
280
410
240
745
707
214
123
476
791
467
84
633
472
192
532
762
352
776
531
351
140
688
793
726
342
47
194
53
790
532
99
412
471
819
770
558
469
528
177
737
605
493
302
141
108
135
367
406
153
624
320
503
413
415
49
587
731
444
800
214
16
530
263
411
161
498
183
816
106
721
509
527
3
337
572
206
66
557
425
174
465
350
437
598
163
335
268
164
115
97
822
97
191
113
469
413
705
74
337
263
58
563
746
462
436
41
40
823
167
461
117
760
399
259
299
56
129
490
113
290
694
206
802
571
784
791
512
370
570
17
63
339
735
385
285
11
322
13
812
697
790
436
337
688
748
128
94
780
289
800
724
800
362
599
324
769
133
331
770
606
723
437
33
722
22
613
474
585
564
215
602
583
698
535
355
551
649
641
371
58
709
483
331
373
93
636
635
655
236
780
523
224
118
236
27
279
615
792
53
15
615
60
544
699
93
643
143
275
621
196
117
204
817
463
219
715
516
443
194
646
623
378
472
319
59
630
806
70
680
606
437
546
617
259
757
597
300
206
500
530
399
723
826
98
37
307
28
765
96
244
277
724
442
480
35
683
298
334
499
408
19
191
110
768
665
377
5
693
163
671
417
654
587
247
214
271
789
595
513
794
591
118
470
346
261
137
719
365
733
381
117
37
485
413
38
111
799
329
482
509
188
710
643
416
641
827
290
298
531
368
54
366
805
104
369
524
679
193
255
138
333
42
62
369
684
496
152
774
703
405
306
339
51
239
738
121
699
346
140
203
375
495
565
341
642
413
85
323
771
343
537
45
35
485
689
498
778
449
746
551
138
29
262
713
562
572
801
1
701
216
687
144
628
275
620
541
548
791
441
638
97
388
666
736
469
794
21
38
568
177
677
356
106
582
122
366
325
156
354
168
242
13
416
579
469
630
107
537
797
709
669
203
74
351
7
808
17
65
153
753
317
513
822
210
76
528
472
202
676
19
156
525
46
466
755
659
726
639
40
259
461
200
336
259
358
263
711
195
119
47
579
272
152
670
280
367
192
775
90
183
431
782
337
447
448
390
490
695
66
120
577
274
92
204
174
403
656
391
778
412
424
758
590
719
448
705
803
464
44
346
568
268
738
768
375
315
694
13
682
318
177
661
466
615
226
287
654
202
727
11
363
247
377
460
731
200
351
129
700
98
719
297
409
601
730
83
402
182
212
802
114
13
243
371
62
170
736
216
551
108
106
265
44
479
10
368
159
736
702
358
644
75
451
770
804
130
189
185
62
302
76
579
24
489
95
594
809
443
95
508
142
716
766
477
809
827
75
220
12
182
260
280
550
418
729
161
232
104
473
83
159
7
141
407
279
823
190
142
224
228
283
738
473
120
262
255
636
502
477
221
652
457
476
562
602
248
483
97
539
724
746
519
714
431
74
412
18
543
470
475
543
506
497
209
260
7
283
822
200
3
488
741
631
512
705
648
226
617
554
217
364
180
437
168
633
785
803
37
366
426
142
115
807
326
88
280
302
520
236
377
76
546
512
303
369
389
244
274
95
805
138
501
400
87
812
526
739
257
561
502
603
116
220
757
701
760
149
697
520
29
730
619
687
574
59
773
579
2
232
506
49
762
673
403
604
241
196
485
346
386
168
339
502
49
161
13
755
483
137
254
566
239
529
585
616
34
663
498
718
37
141
105
645
572
91
785
215
350
348
505
712
159
128
690
694
426
371
637
10
388
632
462
622
681
236
731
452
654
231
350
204
165
809
748
33
776
263
591
534
581
710
255
141
738
232
482
218
533
564
119
373
607
376
591
172
242
619
440
290
151
737
760
555
471
257
212
705
740
830
515
475
418
562
103
19
524
269
517
510
93
8
369
386
477
310
521
526
245
506
445
588
451
276
380
253
422
573
628
590
215
736
526
760
820
646
57
615
95
741
700
442
824
718
629
456
223
676
138
158
301
295
70
519
369
305
326
58
475
339
209
376
417
395
378
823
655
251
244
559
137
399
491
514
236
144
507
20
382
159
203
308
447
120
581
782
74
566
270
428
102
96
458
112
375
44
488
767
489
284
264
207
733
343
647
813
651
63
467
31
767
485
747
754
709
542
73
597
776
205
740
818
59
483
708
12
483
276
688
18
497
798
699
99
369
131
418
641
827
726
671
651
382
324
227
393
634
779
628
529
525
520
736
107
203
138
582
379
578
234
517
398
269
41
176
408
440
732
779
535
22
713
6
726
270
144
207
610
633
825
444
82
640
311
23
803
298
120
452
602
389
392
95
759
743
539
443
306
222
425
397
120
750
152
789
797
672
52
207
723
238
260
512
594
480
671
481
794
62
296
598
788
250
643
533
17
723
441
349
11
535
443
493
771
256
3
120
692
274
698
220
605
422
525
39
386
139
540
618
540
805
153
185
555
496
56
240
147
448
17
67
210
830
545
78
146
77
379
364
651
535
294
621
724
335
263
635
167
469
182
370
40
724
560
588
558
760
682
619
192
14
404
126
144
148
616
15
615
343
757
529
161
397
99
687
557
49
217
558
49
504
298
746
531
173
679
583
218
88
350
522
756
364
56
350
81
469
147
57
556
671
147
776
42
597
397
126
520
433
344
135
742
329
782
820
804
362
269
391
524
398
91
544
668
276
47
129
814
685
287
321
444
725
88
373
684
222
67
657
249
319
790
75
632
605
99
793
652
298
361
119
703
48
268
638
361
726
51
99
135
535
386
131
618
492
133
325
311
528
758
428
612
812
364
456
610
671
499
629
334
100
202
771
183
394
524
387
737
644
391
217
420
341
340
588
37
271
291
539
224
475
482
439
87
238
290
478
750
652
246
363
478
637
102
71
538
138
275
293
404
129
484
609
383
394
286
513
729
536
547
758
714
566
739
253
168
457
458
552
699
50
711
472
771
232
253
436
135
111
750
717
135
364
786
650
518
764
529
553
392
156
627
597
600
604
649
8
500
609
226
45
372
742
131
533
816
459
643
550
575
574
751
641
620
596
198
758
494
201
459
258
37
219
728
650
121
490
227
570
338
168
532
403
726
45
328
572
495
79
333
189
283
338
520
582
65
454
811
104
113
455
657
330
484
47
820
670
745
348
272
301
330
452
618
577
301
619
521
302
87
260
745
795
348
620
426
417
305
41
323
405
397
700
456
779
651
605
146
86
605
227
641
257
196
126
404
415
48
222
161
339
60
413
373
204
778
765
275
172
787
293
541
51
209
679
535
750
388
275
597
1
201
743
781
680
617
813
92
790
323
552
384
805
226
313
36
679
251
405
426
196
172
146
685
11
764
396
221
286
267
166
636
441
73
388
224
549
456
159
587
561
61
630
206
517
102
108
20
377
52
794
171
556
135
562
575
151
544
646
420
92
585
775
705
232
719
177
407
318
635
382
712
614
204
257
774
254
358
73
554
288
69
42
245
583
717
824
121
711
437
116
362
501
30
179
506
194
18
165
652
186
742
105
475
479
815
233
301
793
611
245
340
694
745
431
344
37
577
531
10
574
135
659
139
81
349
705
57
631
765
135
389
211
20
302
660
208
707
158
367
472
148
660
446
338
420
768
759
221
822
106
140
451
225
691
617
42
373
55
497
179
527
225
459
450
422
62
785
213
695
395
161
746
320
94
6
463
405
305
256
146
494
762
801
662
491
435
398
596
650
661
312
87
198
427
507
711
25
299
808
160
118
365
366
814
478
61
606
34
664
190
648
64
68
282
561
243
379
176
709
48
371
375
807
357
245
661
92
614
493
119
398
543
345
380
232
330
605
744
691
492
249
130
472
105
569
585
428
107
539
323
106
129
241
301
664
512
155
677
813
369
240
595
190
253
376
102
550
14
508
731
679
486
674
19
400
102
663
635
257
776
830
176
617
363
297
458
7
412
522
442
543
647
133
301
565
783
81
520
372
153
713
637
174
38
292
132
643
250
453
4
345
197
333
271
785
688
528
290
220
618
564
819
234
387
614
299
389
120
200
315
334
359
773
367
822
654
359
642
567
527
489
487
243
429
118
50
457
785
141
387
583
7
394
655
52
156
89
372
633
97
810
680
764
407
555
643
698
151
760
643
512
309
551
236
184
428
214
66
780
169
769
800
398
354
104
722
433
433
823
142
257
583
88
424
741
801
246
95
439
783
44
369
245
306
11
32
753
532
678
307
553
118
381
353
734
319
451
660
34
396
291
774
119
232
89
787
689
648
523
338
779
548
239
63
29
527
803
504
206
222
13
604
712
221
597
677
791
349
653
320
759
319
359
236
708
544
383
431
115
750
743
145
93
821
102
746
245
810
749
335
515
715
262
166
146
177
425
153
35
465
802
323
679
528
42
535
433
555
631
251
35
346
727
236
154
522
773
811
620
594
498
135
254
671
662
436
458
482
585
637
375
109
117
126
436
324
406
208
71
434
566
117
148
535
90
186
456
137
431
177
624
626
130
115
369
516
600
139
282
602
140
448
364
372
102
661
348
625
136
395
110
107
707
221
547
704
385
384
354
64
499
559
186
281
278
593
55
574
606
470
367
318
572
35
421
567
447
131
551
765
260
758
96
790
399
87
225
72
293
658
64
17
133
219
173
682
47
98
173
306
827
435
135
10
787
800
237
302
1
709
185
605
289
290
312
25
64
522
106
17
666
519
273
419
146
53
200
661
625
695
404
168
130
100
600
744
417
375
35
776
637
745
165
580
644
1
810
450
8
650
617
709
425
255
234
45
426
519
535
123
693
531
569
815
623
581
457
678
396
486
365
248
738
406
569
535
187
318
104
43
267
365
684
570
111
791
393
204
407
69
536
99
43
73
285
234
488
273
808
249
23
267
192
443
411
662
820
255
382
290
510
417
594
221
569
446
124
376
786
523
738
675
78
567
621
330
718
330
186
482
130
193
528
274
601
729
739
255
795
728
581
570
105
580
236
309
477
14
6
27
235
629
213
436
330
759
460
392
206
604
632
525
588
369
314
467
740
252
527
667
609
26
382
240
657
766
306
661
694
26
681
390
737
105
817
770
600
674
687
309
41
647
16
644
511
580
733
775
344
242
396
559
202
823
230
278
274
805
786
199
152
576
438
382
247
715
346
435
244
101
791
467
685
636
652
224
320
86
47
327
656
829
97
269
720
636
576
816
279
592
540
96
246
582
306
645
784
646
803
231
720
597
57
112
528
454
92
372
4
210
167
540
246
495
164
558
757
451
744
474
55
755
586
689
797
755
669
536
443
464
303
601
442
196
496
692
211
641
219
723
317
565
383
350
716
621
504
462
734
319
364
692
400
548
376
65
407
85
10
349
777
612
786
224
415
540
419
413
265
300
639
415
444
483
388
182
224
752
203
165
733
283
372
67
55
597
557
348
780
229
573
100
296
710
762
787
9
258
603
86
621
641
796
43
556
656
517
504
386
620
317
306
479
601
278
802
148
637
809
629
733
347
627
126
139
136
648
252
195
127
224
145
179
138
31
636
192
89
292
51
51
730
245
545
337
823
320
692
568
389
534
646
59
123
792
333
784
41
139
483
151
764
627
416
441
382
131
555
204
562
451
624
417
484
195
449
631
557
107
722
194
313
59
728
670
126
597
765
405
627
360
401
624
13
273
577
767
362
347
1
432
528
31
1
171
510
171
792
422
758
708
271
94
103
184
28
399
687
445
374
431
510
279
321
609
815
495
330
357
240
152
314
129
805
407
260
829
733
377
199
818
476
791
643
246
515
496
35
412
707
645
121
779
334
200
576
712
733
545
643
657
377
368
309
337
286
110
250
283
514
685
724
601
563
151
653
186
798
785
53
603
95
665
282
449
187
305
225
307
317
597
483
577
528
321
626
820
578
672
523
73
215
279
367
93
445
549
708
658
472
512
567
819
633
432
112
599
496
222
588
169
291
37
306
136
387
680
168
261
717
332
266
383
73
253
458
520
532
298
532
551
287
50
794
475
602
562
419
714
665
336
342
719
560
703
711
173
29
684
49
214
354
602
624
335
134
350
159
259
254
471
353
440
486
504
234
186
367
309
715
716
216
338
309
59
479
177
243
576
226
128
724
528
56
394
787
761
375
220
488
127
357
463
245
153
28
60
29
32
666
577
559
144
374
668
803
202
488
244
821
564
623
470
236
39
664
64
701
148
188
681
334
435
14
775
119
678
65
453
499
122
21
396
597
57
78
125
276
717
49
516
367
251
342
42
411
322
621
795
408
825
490
594
800
254
451
784
688
574
598
244
468
170
504
438
627
717
310
492
585
709
586
104
811
47
179
624
578
478
301
596
671
251
764
459
365
146
712
520
438
700
200
351
796
671
56
726
515
401
137
244
470
15
180
584
339
803
265
89
353
744
360
31
700
192
449
611
809
74
88
826
451
114
698
643
69
821
40
279
296
141
769
119
94
826
189
179
696
25
13
108
249
777
759
668
731
567
95
39
665
405
269
719
778
491
141
33
773
583
221
488
305
341
808
225
256
685
76
785
238
102
721
808
520
587
295
336
325
586
263
98
223
371
347
562
571
407
180
33
743
127
100
627
238
585
634
96
629
579
417
542
289
610
429
524
520
648
711
624
805
418
105
186
587
220
744
32
165
542
580
119
566
106
687
459
665
112
823
664
186
155
545
774
438
662
712
610
748
177
729
448
750
367
116
502
124
414
64
2
601
677
654
590
320
617
828
315
219
554
259
230
440
39
121
671
90
24
330
188
270
514
373
830
427
259
584
687
738
587
507
505
424
743
523
89
787
447
7
802
36
667
487
423
134
528
191
776
348
494
385
612
415
407
357
607
760
772
92
154
439
34
360
166
243
160
394
54
136
127
405
802
431
493
145
186
671
25
96
668
274
620
665
494
429
390
369
152
626
789
435
247
278
327
9
218
446
79
654
137
593
78
653
38
457
494
665
108
469
733
88
288
773
793
48
100
7
781
378
415
153
249
655
36
139
735
504
372
708
727
10
805
210
779
660
822
676
575
574
186
57
14
530
217
417
49
360
448
787
732
671
185
491
532
164
321
247
753
539
17
809
540
805
318
45
499
783
725
655
807
699
756
206
357
540
46
829
663
142
332
299
229
697
634
61
142
202
261
555
331
830
18
565
552
696
362
447
275
352
301
311
23
53
384
406
93
276
700
155
264
60
413
326
180
448
577
69
805
431
682
208
612
205
777
714
488
334
81
145
677
690
186
630
167
189
722
37
740
357
416
207
105
431
612
359
29
653
118
302
358
257
794
559
652
386
269
428
477
475
328
260
628
294
562
464
601
796
715
580
215
649
437
220
488
732
338
146
752
10
230
727
12
543
393
778
213
792
434
463
46
481
335
497
696
315
749
67
98
760
751
627
198
148
710
354
17
130
122
629
549
739
283
826
100
471
397
645
531
449
741
500
376
87
127
828
413
427
649
559
645
128
478
85
46
742
824
822
639
384
150
299
315
310
443
76
563
531
421
802
232
781
72
710
237
383
419
418
654
667
130
270
784
591
118
51
400
336
552
316
801
394
500
382
126
830
601
311
14
687
44
533
776
537
733
630
466
582
670
704
489
815
119
741
104
192
567
355
649
375
779
237
701
812
661
662
23
168
447
389
166
360
503
124
275
479
482
772
442
563
529
531
149
126
276
358
545
808
549
376
614
548
630
124
462
257
524
147
804
563
208
705
738
556
675
432
777
141
352
195
474
200
144
623
483
754
666
782
572
522
458
48
500
249
592
217
541
774
370
26
368
519
211
473
628
86
632
814
394
827
288
583
520
284
601
643
621
447
698
349
198
757
828
445
690
716
681
448
822
25
53
64
823
649
460
701
798
279
30
302
238
353
251
110
119
488
288
399
376
253
246
243
73
171
708
811
688
572
459
432
816
465
543
82
281
136
796
232
498
271
390
554
291
661
242
595
122
581
231
229
683
726
370
418
183
137
744
779
444
377
164
162
359
658
328
219
792
200
740
810
291
40
130
125
33
455
617
353
24
202
770
38
16
372
469
408
441
88
623
301
252
99
138
496
630
688
207
369
813
490
642
220
487
335
265
730
295
738
243
544
299
801
93
546
471
267
552
769
85
484
688
259
586
586
505
245
757
607
755
189
748
209
483
317
536
351
443
562
296
781
789
498
74
92
826
774
105
115
266
312
603
164
483
438
323
383
550
176
619
701
389
360
48
143
715
731
505
506
812
378
706
214
706
805
504
244
709
517
539
685
722
330
319
305
425
368
569
670
392
562
773
807
87
782
481
604
285
600
261
19
791
371
71
695
492
719
328
254
749
21
1
26
814
285
287
744
784
369
144
455
122
723
39
156
396
313
42
255
713
283
167
483
570
295
17
497
445
699
653
51
271
414
453
313
5
207
663
776
735
200
688
639
488
177
123
591
738
70
166
508
61
437
696
321
779
738
467
190
785
609
625
344
569
771
564
86
101
456
791
169
244
36
174
144
54
730
760
417
11
116
140
310
596
227
550
385
460
575
330
375
483
377
805
256
828
681
40
278
643
176
348
264
422
594
723
254
332
143
449
615
308
713
372
26
176
197
13
828
670
662
316
376
480
430
747
524
333
653
510
667
280
517
120
80
105
368
648
624
259
726
322
21
38
335
255
805
472
267
687
165
57
674
86
230
195
355
674
221
658
151
312
805
309
646
138
131
65
598
539
176
311
15
795
332
216
735
511
140
168
367
572
19
387
801
258
130
355
279
604
288
609
177
152
285
634
608
196
610
729
542
140
248
620
27
672
802
721
49
34
183
34
325
188
799
829
376
394
275
83
121
806
116
69
342
668
622
319
234
107
804
762
644
769
434
207
77
193
326
487
306
698
484
58
468
598
204
286
822
246
62
160
796
393
287
584
273
604
278
168
40
616
578
809
452
213
306
56
469
17
690
790
96
758
378
478
134
50
108
657
541
250
496
203
601
396
38
609
634
753
407
185
94
592
748
415
166
548
773
147
366
562
26
389
443
795
663
512
303
81
255
16
544
792
776
443
56
570
315
705
740
572
508
466
578
803
557
706
714
210
213
700
241
591
279
713
784
745
37
325
574
658
779
283
70
444
674
593
718
620
564
599
327
627
301
281
113
4
315
619
435
295
613
249
674
462
225
132
635
823
264
577
220
221
656
767
268
508
618
544
318
64
642
11
714
290
337
189
640
774
538
478
721
284
489
21
729
165
543
725
107
163
399
753
140
603
722
582
569
571
388
784
257
273
619
12
196
234
771
112
103
419
396
367
673
518
769
761
374
167
388
770
720
356
792
675
259
490
637
250
796
102
411
702
828
514
36
579
96
472
627
426
386
460
651
553
569
535
398
9
355
668
14
813
196
372
28
619
290
283
810
13
758
574
679
634
298
673
422
647
605
162
108
628
21
421
305
561
76
601
618
36
141
540
34
577
485
218
574
553
779
619
824
594
71
243
691
316
574
618
703
802
669
5
450
287
731
371
707
753
277
434
758
167
56
829
125
47
270
469
523
544
583
665
113
770
126
223
447
638
521
737
24
443
568
756
388
662
211
367
277
21
182
439
580
516
386
405
435
447
186
91
444
88
348
747
152
668
545
448
699
494
316
536
665
417
489
161
499
616
758
423
507
129
593
575
500
334
658
40
308
731
743
386
11
799
82
677
225
822
43
802
295
786
416
265
127
752
194
5
637
355
588
605
650
405
467
458
218
235
287
26
233
585
511
70
87
603
115
457
228
264
692
524
776
715
375
379
257
739
183
362
823
1
646
716
632
718
205
85
118
601
307
594
308
540
630
519
62
357
29
405
532
346
42
779
314
480
410
628
150
764
631
499
36
39
217
37
200
655
540
660
165
698
425
126
641
558
513
556
432
805
227
475
23
687
249
788
333
402
636
69
432
783
395
375
528
269
503
33
718
21
506
498
809
614
481
367
7
762
469
332
246
55
451
765
747
324
750
548
425
279
377
733
703
704
159
115
294
115
573
771
427
444
392
270
774
396
545
277
747
412
114
648
167
4
55
680
337
809
159
780
295
585
475
101
497
639
277
604
797
159
375
635
320
706
755
439
106
24
461
755
708
67
365
339
211
510
442
348
692
631
155
502
80
187
786
306
351
659
489
493
346
157
329
756
717
13
564
222
661
505
235
532
810
263
256
267
615
551
595
826
290
451
440
267
575
751
754
174
634
665
478
588
474
377
445
44
258
473
793
432
674
275
714
81
467
364
563
295
794
7
593
280
506
288
291
803
590
607
518
733
792
405
468
509
646
204
178
670
818
635
512
286
187
101
219
171
746
643
600
752
93
267
585
674
705
203
389
657
202
453
432
774
701
672
669
470
391
626
699
160
478
398
276
556
344
826
257
152
658
570
807
437
280
222
312
143
451
450
340
519
64
91
31
195
521
274
233
65
721
648
395
567
828
91
176
156
231
408
389
598
399
492
826
779
245
679
591
336
658
479
25
826
600
245
746
471
441
463
790
89
539
740
263
159
59
281
352
87
671
431
663
99
87
51
749
813
537
786
20
17
77
270
752
808
21
425
61
479
711
824
727
391
515
790
506
276
525
591
383
541
151
122
773
261
817
535
270
812
305
617
253
35
547
450
235
706
509
435
208
473
432
283
480
226
824
132
453
808
504
577
72
439
439
357
138
211
816
701
500
689
723
449
117
131
642
273
674
764
65
396
646
765
768
794
187
486
116
810
503
655
496
489
778
379
11
373
708
237
589
640
164
600
604
514
302
63
29
567
385
277
667
514
523
750
331
25
198
60
189
135
136
460
744
627
432
235
597
463
313
649
609
717
633
244
255
146
253
250
801
670
144
25
398
790
70
245
176
383
244
636
503
158
343
501
130
425
534
641
768
812
269
614
627
214
663
684
807
646
796
427
490
373
22
541
690
632
674
818
432
553
152
10
775
71
764
615
586
824
402
114
497
737
369
20
496
219
58
537
738
524
211
701
273
11
124
648
69
240
149
162
659
552
184
661
514
343
520
496
579
488
407
451
81
390
719
58
442
175
77
500
396
591
288
286
714
771
472
751
785
762
64
535
647
651
500
227
768
570
652
140
771
95
181
345
325
723
344
39
793
736
463
246
114
369
698
354
756
422
178
519
551
396
713
819
732
710
127
726
516
450
105
266
58
749
69
54
741
771
543
497
268
804
155
79
409
73
139
15
362
648
352
582
701
81
342
276
402
388
385
247
88
649
388
179
412
778
89
41
144
569
264
83
194
296
88
432
217
503
829
249
426
342
599
458
81
131
129
155
4
309
815
408
600
371
142
460
109
612
652
653
621
272
414
410
336
172
762
250
153
200
70
533
441
49
41
120
759
186
589
717
730
777
580
791
79
212
825
389
334
827
419
261
231
738
199
701
755
246
432
81
467
612
138
105
117
582
513
130
314
61
611
753
810
170
114
508
204
312
354
169
54
76
85
255
40
344
523
481
543
182
711
178
609
642
144
674
222
503
16
49
7
224
326
128
770
791
211
311
551
626
12
750
370
222
195
355
579
636
557
130
173
637
451
488
59
242
381
446
426
577
717
775
251
96
609
367
4
573
736
52
543
8
741
48
20
79
557
824
636
523
624
245
142
750
416
148
188
217
397
402
394
659
259
32
37
190
549
173
350
778
357
354
103
627
627
111
384
172
361
108
340
156
575
84
517
252
700
752
770
18
49
536
248
83
609
618
722
191
543
82
725
588
175
665
73
22
319
282
370
34
108
194
69
294
215
507
236
566
418
193
298
624
368
472
273
442
232
496
387
814
25
813
549
814
326
432
620
204
394
501
4
827
472
754
776
205
275
665
674
489
344
689
676
532
91
418
498
28
537
482
791
475
597
271
586
618
829
78
129
228
491
220
743
79
418
191
313
7
96
11
699
7
118
459
39
47
223
45
6
735
591
712
631
549
224
797
459
27
545
130
627
49
752
8
667
516
667
658
320
631
13
214
530
547
755
588
588
190
826
573
476
502
561
457
192
547
70
170
370
185
684
770
10
34
333
269
734
181
83
411
121
652
355
368
804
284
445
529
495
389
546
138
2
562
264
159
675
212
402
613
149
495
574
304
818
499
752
679
503
100
157
526
305
96
22
28
651
375
772
683
395
20
434
812
455
636
813
195
451
548
661
639
721
707
262
280
502
644
135
678
241
493
630
318
123
681
496
141
547
326
53
423
295
742
366
66
516
523
624
259
325
600
409
598
457
362
144
656
6
586
747
467
187
595
638
372
792
14
775
487
697
541
207
575
171
62
15
634
569
298
82
454
405
676
427
188
133
347
804
397
502
790
672
700
278
357
392
329
208
503
646
212
546
826
618
621
466
327
52
646
484
63
635
210
152
492
381
276
826
344
408
476
87
330
782
593
41
568
573
810
79
694
272
736
713
769
509
681
278
239
504
448
305
83
352
60
237
729
220
379
707
293
714
17
529
533
143
60
828
50
495
170
52
486
323
332
482
750
795
613
767
203
338
537
693
704
181
453
607
73
52
809
488
389
400
760
644
270
74
758
237
44
139
196
244
492
335
374
240
193
126
750
559
253
181
111
280
170
92
248
791
237
118
324
524
380
690
549
760
606
244
486
408
319
290
110
397
761
299
346
17
279
802
688
228
170
722
429
57
830
504
826
462
652
553
495
577
343
12
648
468
601
471
227
670
544
608
602
74
241
266
536
44
29
473
643
224
68
275
455
791
144
309
229
355
482
797
661
165
225
489
116
217
222
371
289
17
684
603
288
554
339
388
369
743
599
180
154
127
583
535
511
347
799
601
813
515
93
822
620
698
356
486
674
778
309
102
509
398
114
690
412
611
678
49
295
194
527
496
408
563
361
246
215
381
309
337
326
197
533
140
630
179
44
343
816
678
689
545
198
426
725
384
312
169
455
215
760
704
252
392
331
440
275
501
398
478
639
52
454
732
182
169
738
41
86
429
746
126
74
540
667
139
526
319
478
515
729
73
618
350
728
115
64
828
117
746
789
111
800
713
75
258
83
355
411
234
326
169
292
599
512
105
34
665
197
85
508
230
334
582
14
755
555
259
417
209
673
655
788
257
416
775
685
551
188
501
44
365
275
236
612
281
454
283
213
424
679
611
425
560
475
705
315
264
326
54
456
530
137
262
186
245
698
690
178
789
312
344
197
142
407
559
376
2
794
727
286
117
739
761
182
260
328
93
243
622
23
731
30
364
82
716
50
315
747
609
818
550
63
289
160
310
507
541
811
117
311
168
620
336
692
634
698
665
417
220
519
484
146
311
207
809
58
566
484
217
670
124
291
354
129
145
802
454
78
545
203
736
750
455
384
94
245
537
411
168
498
55
3
595
251
113
758
563
706
694
336
61
445
494
375
551
444
412
672
582
47
225
179
813
530
650
81
386
266
213
135
720
68
511
818
269
208
546
626
215
4
331
471
738
496
48
326
511
69
675
693
397
33
364
97
34
773
57
634
684
428
390
208
96
412
563
203
822
453
697
400
500
594
46
295
675
768
560
609
721
800
163
648
579
407
690
481
721
784
388
163
393
18
635
430
507
61
254
86
717
580
120
373
248
72
710
52
215
620
305
346
207
614
640
60
364
218
242
766
262
2
793
726
151
477
516
481
568
572
50
6
805
578
162
46
334
469
254
295
685
91
697
678
781
194
328
423
414
827
41
806
372
700
446
463
33
141
436
87
241
387
125
751
726
298
202
255
487
580
729
139
378
456
753
617
741
766
765
620
463
644
594
600
635
532
99
700
232
638
581
743
824
716
262
227
354
394
201
208
732
727
46
817
298
199
29
89
748
371
235
281
272
91
271
205
725
379
264
238
75
75
716
310
39
571
285
465
203
69
691
16
561
230
269
268
446
319
303
580
309
369
273
675
657
325
561
795
396
190
540
97
176
122
248
306
369
680
528
696
682
178
58
288
261
437
83
770
239
219
441
404
145
814
207
176
367
818
399
469
619
440
567
634
774
253
453
57
24
722
188
408
366
799
204
799
504
327
732
29
182
248
122
414
731
618
369
565
673
393
522
674
95
422
8
16
434
499
435
820
369
203
723
88
680
269
235
69
84
87
738
162
586
666
785
406
412
140
676
274
234
207
613
376
283
16
388
211
476
255
380
271
746
153
545
778
43
447
374
59
664
330
565
243
680
318
820
31
329
691
104
602
199
436
411
84
774
677
475
427
794
686
428
713
87
289
195
816
230
514
345
729
608
266
178
291
403
267
364
646
77
41
616
349
462
566
505
829
128
446
30
738
232
564
99
372
154
543
152
687
738
98
800
737
704
587
305
442
810
594
769
109
723
472
136
271
559
618
396
693
767
812
513
68
616
619
185
672
54
485
310
379
390
397
371
570
788
572
806
755
255
120
153
423
358
724
141
352
225
412
277
585
754
474
521
24
740
105
814
356
88
180
236
589
636
807
274
189
435
647
440
14
538
576
556
149
264
139
792
697
158
695
643
403
214
475
726
358
471
537
633
487
711
228
536
424
73
176
444
596
684
714
108
58
819
262
134
704
709
272
464
238
740
372
426
108
155
462
27
335
457
460
520
777
582
467
157
141
575
469
659
20
553
421
270
807
422
510
821
181
214
110
675
602
277
93
617
236
358
691
502
580
657
327
459
237
318
304
663
238
174
340
579
147
53
563
811
148
520
490
786
91
169
812
179
418
58
634
796
219
115
264
389
471
621
518
610
425
700
641
402
532
715
212
321
613
801
730
178
673
456
363
538
212
742
128
535
64
602
668
537
300
465
491
691
616
523
38
355
179
96
674
592
58
299
142
211
813
639
588
457
718
401
15
271
574
602
108
652
42
572
106
541
581
816
667
730
639
323
477
726
152
567
69
495
141
772
490
126
273
520
103
599
272
819
459
791
194
547
505
714
629
794
703
681
687
633
393
820
773
397
545
281
180
822
130
788
646
516
562
302
693
425
326
700
92
445
437
822
668
340
239
265
154
472
433
168
716
406
613
206
663
277
447
531
50
503
581
709
718
6
800
569
549
113
668
671
263
576
274
651
278
520
516
609
791
211
256
772
668
455
172
145
374
134
14
719
795
175
715
70
756
192
744
301
534
527
216
358
300
775
564
639
66
350
472
569
474
611
192
127
467
71
162
551
446
233
103
531
625
473
478
335
792
606
795
671
233
701
572
72
535
473
477
688
98
256
207
718
108
630
576
744
195
804
247
497
405
425
275
162
73
531
507
618
336
37
576
244
828
464
191
8
522
425
510
84
277
420
357
251
480
263
91
611
194
21
500
386
577
111
146
693
291
286
330
139
581
677
518
737
747
352
690
671
115
35
191
75
468
311
72
610
447
375
340
232
782
25
410
702
587
685
303
726
396
460
171
40
307
727
535
558
675
105
365
184
101
659
150
42
204
99
263
162
505
409
221
703
559
119
101
214
575
162
567
741
327
458
467
286
130
249
47
135
174
246
90
257
158
461
142
804
618
562
300
159
747
46
64
348
793
278
142
524
65
268
393
692
321
14
778
700
162
205
193
194
682
490
578
106
107
633
409
692
378
172
828
225
56
68
256
280
662
688
349
351
13
331
166
765
147
772
658
50
614
100
515
796
173
822
428
285
102
382
642
187
477
57
245
329
360
706
90
83
729
810
65
145
4
417
155
658
104
271
267
76
374
778
624
448
178
442
185
219
172
219
228
717
139
665
279
5
350
596
201
53
756
252
204
464
51
359
16
22
505
453
717
180
779
761
543
296
442
755
753
255
752
244
590
784
734
391
303
713
29
213
46
606
581
786
764
481
423
263
309
555
696
346
350
382
808
804
501
401
746
453
414
691
672
818
585
480
216
308
593
565
177
78
454
452
179
43
660
763
572
70
428
386
613
457
571
145
623
662
182
541
294
380
807
793
296
819
615
199
823
181
367
140
477
132
460
227
72
154
335
51
208
247
124
726
593
570
241
472
159
801
244
826
1
624
691
140
397
398
362
383
98
25
763
82
45
62
556
235
743
303
441
801
56
815
202
673
716
347
282
18
816
803
392
481
436
789
623
616
127
754
386
243
725
433
309
782
265
674
807
170
360
801
514
578
473
77
514
638
4
206
451
668
14
811
648
257
309
361
222
595
125
273
347
354
607
287
463
185
125
448
450
330
760
52
514
246
206
220
130
620
122
85
110
440
759
61
431
122
46
648
100
402
664
200
64
588
744
160
527
495
378
699
262
323
38
806
453
113
343
726
480
79
269
322
700
400
545
825
631
454
687
179
58
754
262
595
337
329
570
499
172
201
766
90
376
206
826
692
234
566
34
306
242
46
210
348
829
156
613
189
261
376
169
234
317
531
77
186
786
385
497
157
675
658
152
125
727
826
337
681
403
703
696
139
348
107
600
580
187
339
116
632
369
130
173
582
418
777
184
441
573
361
252
686
695
96
386
65
451
261
127
641
251
560
746
355
609
611
420
84
619
164
307
295
419
30
629
241
109
267
216
39
1
477
236
12
440
256
588
407
341
797
665
208
276
672
583
817
753
425
465
561
130
655
663
284
816
144
81
145
358
272
682
74
120
207
191
649
743
211
162
25
394
249
212
724
475
300
53
627
220
578
349
338
806
586
649
110
15
234
311
588
816
195
549
72
577
417
309
534
627
447
103
554
620
134
705
24
563
32
602
232
632
626
400
241
815
16
409
109
519
578
695
362
109
637
479
582
667
659
342
714
603
815
162
586
730
69
695
769
235
126
626
617
724
493
403
656
583
725
330
802
276
264
558
743
818
791
536
459
792
498
502
689
410
290
552
193
212
405
805
519
480
117
88
329
113
824
374
392
114
262
481
61
747
75
131
308
525
40
801
200
326
671
411
830
507
39
664
137
503
69
336
559
823
808
87
93
247
340
801
611
227
105
115
544
670
463
462
81
717
257
530
784
168
437
536
785
134
49
244
140
75
410
148
267
541
449
366
344
288
740
304
93
286
704
704
805
824
296
341
625
60
225
493
446
134
115
214
677
695
649
732
516
232
433
168
762
644
482
504
72
312
41
234
733
140
424
47
529
774
204
559
530
240
657
689
1
795
759
340
367
778
446
11
401
471
366
4
701
638
467
218
680
254
572
699
672
156
665
755
611
58
763
696
576
439
742
305
39
576
749
777
518
649
336
424
692
341
436
296
131
229
489
152
762
672
228
175
254
111
754
448
251
178
378
26
610
311
564
593
433
363
547
213
312
698
421
29
350
102
820
274
142
519
48
303
358
639
192
770
250
601
229
549
605
680
244
286
76
411
553
192
129
826
384
567
400
52
225
641
758
242
327
821
469
361
729
788
619
236
203
768
143
826
261
636
790
788
147
128
311
127
523
661
464
512
201
17
235
674
275
568
746
249
430
305
240
764
817
221
363
646
623
713
407
512
339
808
120
740
77
200
772
169
455
653
364
580
90
792
42
62
467
751
207
42
697
384
509
821
192
196
143
221
640
149
518
820
477
77
195
168
584
226
654
395
500
698
624
824
759
147
209
47
43
407
540
608
564
520
34
200
600
804
399
150
469
105
113
614
694
790
302
495
799
394
450
620
305
264
283
129
220
369
485
335
600
713
26
229
576
385
94
128
280
70
154
315
19
565
388
608
441
38
808
410
684
170
509
282
139
542
231
22
441
697
25
703
195
741
222
523
533
310
785
404
222
37
5
11
827
756
256
571
295
592
494
645
178
99
646
186
664
763
669
108
240
656
676
494
49
249
46
464
414
41
379
766
592
143
415
579
153
716
51
190
87
443
177
481
677
123
40
57
73
255
813
168
753
794
41
743
618
784
289
495
554
99
450
579
432
64
614
298
604
657
379
75
773
48
230
388
364
583
404
592
338
829
675
605
190
607
366
810
244
443
127
512
730
26
662
553
339
173
720
591
615
794
685
357
168
85
806
223
412
735
409
249
135
469
287
719
286
214
308
340
406
661
184
163
222
42
523
294
697
489
389
172
123
383
43
28
64
284
468
231
509
662
629
117
750
537
159
337
613
300
758
541
22
612
468
346
688
358
493
608
125
288
557
346
767
366
471
250
448
18
402
614
410
658
8
492
671
303
90
324
106
507
434
398
332
290
48
562
429
173
731
8
453
709
818
521
487
106
595
53
557
99
830
608
813
487
442
292
102
678
87
479
787
416
480
260
96
236
77
427
607
674
186
540
805
209
259
224
502
761
501
287
644
281
645
484
750
484
557
91
136
182
243
107
61
802
317
557
532
284
378
769
91
226
299
326
673
642
400
783
26
463
250
166
365
602
129
239
741
671
186
583
502
216
680
465
808
227
150
719
287
226
656
394
808
654
481
33
448
704
805
754
491
481
430
297
105
797
549
204
581
367
798
256
740
512
332
664
402
480
561
687
403
765
236
62
48
110
658
530
792
759
796
311
701
565
368
129
538
389
537
683
194
406
686
340
623
247
639
244
780
451
508
697
83
571
778
296
238
681
286
195
288
137
204
427
810
762
395
758
182
529
381
778
584
762
148
464
375
407
599
637
187
334
220
95
744
607
28
683
268
713
427
346
382
352
328
175
649
605
617
701
78
193
820
546
252
136
758
388
66
28
220
483
525
97
261
93
830
717
414
183
305
339
725
524
577
345
631
304
471
283
483
183
361
692
774
193
366
637
495
578
570
221
114
813
61
492
300
517
358
575
450
106
632
249
567
309
591
310
247
339
569
727
521
640
294
308
215
593
525
268
690
335
129
608
515
347
456
450
770
220
786
242
455
768
369
247
490
599
542
803
550
654
73
85
400
101
222
321
402
79
763
667
316
153
436
118
231
305
318
641
407
613
815
706
670
417
826
56
571
278
772
134
373
697
750
330
674
548
731
220
580
25
661
83
290
313
341
371
618
601
656
511
193
126
559
265
565
192
646
15
643
234
277
546
724
253
30
584
63
714
546
133
280
685
819
824
202
697
190
107
768
563
62
693
217
300
368
366
47
255
623
263
431
176
139
52
27
182
575
54
640
608
719
442
160
379
289
793
15
605
374
377
552
516
417
819
195
318
498
568
464
568
672
370
605
771
169
812
16
527
694
179
804
128
558
432
438
331
331
296
389
368
530
720
499
102
282
514
431
588
498
248
572
590
442
432
434
275
789
149
149
482
470
647
31
305
391
738
421
458
708
738
366
681
467
38
15
658
800
42
197
160
425
650
318
695
807
223
542
526
387
791
521
386
83
286
85
562
22
144
302
785
631
201
796
629
450
107
6
333
489
114
397
97
105
251
54
218
322
365
216
186
681
635
660
208
165
76
140
138
763
538
129
446
224
297
419
218
81
288
170
293
155
255
39
546
759
746
3
107
112
49
54
349
822
203
160
553
677
265
482
543
820
194
739
403
30
37
296
325
533
771
78
145
750
476
326
510
347
642
346
197
372
483
757
132
315
529
646
397
221
6
170
732
283
640
77
13
553
40
36
539
810
53
807
177
589
324
246
384
437
624
498
761
91
439
750
725
708
665
550
454
111
10
557
686
362
531
109
374
63
538
158
499
480
317
668
640
74
142
257
602
652
642
115
227
326
118
505
659
24
641
199
213
397
723
583
346
523
587
553
800
686
380
203
597
618
728
423
744
707
318
684
556
711
564
750
572
445
752
69
757
575
429
466
772
384
605
37
541
731
84
172
73
285
206
426
64
725
709
258
492
156
655
754
150
624
577
400
273
643
369
623
155
91
668
352
148
269
818
594
462
703
119
561
24
186
528
549
784
516
322
321
271
618
123
473
118
156
117
666
252
451
426
175
373
573
9
573
350
770
289
406
455
114
215
77
559
826
589
830
323
31
181
619
500
682
225
581
21
758
229
113
469
201
273
50
561
535
63
99
610
285
275
620
62
485
93
493
117
704
603
450
639
735
701
603
387
114
208
518
233
581
127
210
61
363
758
476
633
30
375
598
743
129
411
404
632
320
48
585
804
644
367
569
736
460
308
39
252
596
140
670
413
529
551
226
176
162
618
82
609
383
209
731
805
395
26
216
300
754
117
700
38
412
505
472
282
618
186
109
597
590
732
566
233
756
329
360
313
825
232
139
206
238
467
141
223
746
543
689
377
363
577
507
529
442
24
775
467
641
323
570
615
148
692
54
351
430
624
804
70
659
342
424
317
560
455
186
63
500
615
15
747
23
750
580
233
482
582
432
98
409
769
673
531
79
449
212
397
218
806
182
294
314
368
140
32
112
635
514
636
470
92
64
605
431
496
450
344
402
576
361
476
753
538
639
526
801
219
182
440
709
603
582
276
142
384
588
350
20
556
82
260
460
196
92
682
681
1
4
454
797
341
525
242
655
698
681
756
536
665
417
115
817
601
623
800
669
66
555
6
300
557
373
769
341
628
717
760
713
194
650
565
68
221
292
283
595
472
480
309
498
131
754
185
143
761
428
435
460
812
369
528
236
657
434
805
167
803
109
491
824
793
746
286
262
265
410
782
464
741
134
43
581
92
660
701
291
781
368
730
449
807
527
618
415
777
210
428
750
450
710
167
685
654
715
85
809
283
493
407
667
197
743
328
672
552
751
644
133
94
688
627
656
125
648
489
213
133
624
734
641
437
412
462
568
652
202
538
241
384
296
725
231
321
41
572
55
82
335
781
97
692
700
698
239
107
541
102
374
325
484
100
749
225
350
804
245
630
170
439
292
746
433
647
661
543
602
131
776
489
535
214
651
262
131
516
562
515
663
347
224
374
288
444
306
32
48
346
103
311
310
423
623
716
52
515
767
613
639
341
196
604
747
331
327
604
789
377
55
106
564
735
23
219
64
240
420
594
543
677
273
260
577
542
233
698
614
461
561
821
88
41
211
262
274
665
162
404
31
69
8
386
466
341
574
700
260
342
293
129
454
338
591
735
628
76
231
58
522
591
259
446
67
358
59
329
146
502
550
485
201
142
189
664
220
452
533
364
38
438
481
440
182
115
69
614
800
315
400
332
8
625
295
116
128
356
144
328
567
594
248
698
760
470
503
802
821
146
815
767
552
66
733
509
531
10
441
197
419
1
54
92
685
66
87
366
300
7
333
147
821
442
558
654
638
600
93
432
503
516
2
35
723
50
660
574
713
741
69
473
91
120
210
603
717
693
787
790
215
251
563
504
372
194
611
558
501
449
82
439
763
327
709
269
65
748
196
250
552
559
560
259
764
137
32
640
641
317
313
576
101
338
65
128
396
695
637
717
729
317
815
747
457
546
189
352
293
232
672
58
793
258
158
372
3
394
80
495
254
541
298
273
690
339
691
298
14
353
278
667
510
354
126
826
305
168
266
145
525
44
437
686
144
710
781
608
99
688
497
462
381
585
96
638
205
541
79
126
322
539
20
542
44
106
483
669
342
263
597
737
159
245
564
230
55
150
250
756
113
230
778
219
211
576
740
214
79
384
152
356
159
515
186
51
238
233
601
309
811
281
369
318
819
198
45
483
260
3
342
162
798
487
563
498
698
34
96
92
279
112
77
426
182
253
261
740
84
411
295
824
245
288
451
586
793
545
719
802
369
717
13
331
108
428
110
38
777
252
520
732
743
544
112
319
277
329
780
757
345
768
525
353
73
560
830
422
343
796
392
114
172
719
55
691
615
731
815
99
515
292
26
663
228
485
793
167
532
395
376
592
153
670
683
7
298
658
736
711
205
354
29
666
426
610
767
826
324
385
157
683
429
201
314
412
660
620
418
98
634
235
777
644
216
693
480
701
134
652
578
229
64
276
78
500
422
581
238
710
664
470
598
90
291
519
718
198
21
208
595
476
105
132
356
351
234
221
527
422
349
190
249
135
648
333
612
717
215
122
465
581
701
448
827
449
576
23
308
275
171
693
558
579
418
545
829
125
400
486
643
319
222
113
372
603
665
568
668
149
445
755
19
585
110
215
107
725
541
450
822
86
580
819
17
509
222
624
496
634
551
693
493
390
226
226
477
360
313
304
770
589
537
204
743
146
335
469
333
518
22
322
269
8
822
438
770
671
250
446
135
51
595
427
615
438
112
122
459
349
495
110
683
3
350
689
459
226
423
786
278
824
810
141
190
83
830
123
527
457
87
456
719
217
815
7
387
613
522
648
260
582
627
356
570
374
298
357
668
606
390
28
451
732
680
252
360
602
128
176
4
324
148
59
128
211
341
646
601
565
598
493
826
139
172
155
329
158
682
613
98
319
712
85
401
167
113
172
107
204
73
310
728
255
533
208
784
293
597
382
652
725
162
91
127
34
542
351
76
704
828
116
189
71
208
641
577
326
689
726
763
664
748
230
359
608
540
391
493
449
522
522
283
485
174
722
476
240
593
307
314
142
701
239
617
473
771
610
477
444
697
560
58
173
806
366
424
32
697
600
251
24
669
217
282
328
400
717
611
804
438
558
802
326
392
719
764
395
352
529
144
365
58
121
84
684
615
122
432
687
196
356
90
323
225
142
34
567
569
732
18
296
455
660
104
231
65
371
826
660
807
171
418
343
532
710
353
462
593
324
793
750
437
96
207
512
450
499
608
390
625
16
90
468
517
617
491
196
221
674
693
296
132
44
10
804
266
544
632
487
220
688
770
59
719
364
97
50
124
217
36
753
421
461
123
667
5
340
756
525
654
368
427
259
246
112
271
45
181
390
289
314
98
229
772
3
631
660
508
175
559
58
545
224
266
528
193
69
729
291
285
107
198
91
294
601
24
556
606
822
738
123
288
465
395
450
802
580
519
27
688
65
693
204
646
567
415
285
604
381
340
499
445
22
756
131
350
428
160
411
709
334
52
320
493
89
53
455
458
486
721
369
460
81
602
531
391
221
70
407
698
185
726
57
566
737
463
321
52
443
422
520
497
328
556
433
467
560
339
225
487
292
471
331
278
224
23
65
114
414
484
491
55
712
157
366
350
78
316
102
644
581
287
598
518
686
288
611
224
494
29
98
492
682
330
728
330
272
98
830
284
350
19
613
118
391
323
651
597
277
415
660
24
180
588
691
622
312
676
726
71
634
210
693
529
379
725
107
741
683
58
448
187
497
467
815
527
659
488
385
474
265
810
680
153
46
513
408
103
98
24
171
658
763
258
455
78
202
355
341
445
557
430
579
550
100
131
349
588
163
767
609
336
655
313
812
622
90
701
362
407
716
180
217
530
307
457
703
481
237
325
712
339
270
419
646
349
29
634
410
813
331
437
679
245
615
28
541
245
77
606
616
389
764
244
726
30
352
605
324
498
603
279
732
295
697
456
794
371
829
791
195
525
98
11
246
827
561
640
92
753
389
150
202
228
768
37
248
266
204
825
764
626
439
568
276
269
149
148
547
110
379
612
489
794
683
824
378
697
398
352
19
481
124
492
175
144
556
240
183
565
459
805
715
252
68
708
400
346
219
435
309
123
725
43
747
786
696
457
288
363
703
187
583
237
618
77
407
821
67
128
602
352
129
383
433
287
207
727
84
558
556
105
778
225
631
27
626
72
267
460
87
811
781
195
307
308
129
611
94
110
628
571
580
206
629
823
188
399
806
479
692
513
63
567
809
592
468
814
557
818
369
45
176
590
481
216
461
550
34
384
202
231
226
210
82
100
406
218
787
643
322
100
657
291
77
487
672
395
352
237
580
303
261
513
69
479
1
437
806
694
517
40
372
293
151
598
693
564
607
175
349
627
128
518
544
545
504
633
95
139
385
614
43
34
116
350
517
648
734
359
122
534
7
276
106
471
506
590
82
783
680
282
255
653
249
229
332
816
772
830
9
645
732
718
814
247
674
360
201
342
338
658
557
589
275
300
823
696
801
268
169
474
804
534
437
791
390
797
770
760
390
142
120
494
584
27
417
237
257
567
641
582
332
237
118
668
429
344
622
639
375
748
635
392
143
162
552
400
270
628
152
133
303
735
183
609
451
631
195
183
466
423
664
298
373
43
148
83
130
425
43
150
638
661
669
464
620
372
365
695
425
740
747
768
593
368
729
478
610
787
460
298
777
678
33
29
698
657
316
108
198
770
630
605
329
99
419
474
567
277
641
62
230
23
367
694
197
682
762
100
290
111
222
374
80
473
494
571
456
182
550
106
310
396
192
380
729
634
828
262
59
70
554
124
243
693
747
654
141
364
93
585
402
372
693
543
534
314
684
567
151
427
112
18
549
26
399
621
678
788
513
532
572
39
75
129
476
511
538
626
166
309
228
531
737
586
84
8
380
519
746
480
484
737
346
763
113
606
770
273
724
306
2
84
760
584
733
190
685
235
12
337
413
610
669
296
290
714
471
196
125
518
242
301
354
695
727
552
368
636
710
687
595
82
650
620
535
79
459
311
707
403
518
413
523
708
768
253
547
297
568
637
468
142
482
468
395
341
85
52
800
538
217
351
670
578
451
718
535
433
26
328
120
106
138
26
162
139
619
616
40
224
320
164
374
571
196
112
428
560
345
204
146
677
453
72
559
731
719
111
589
769
263
228
356
532
732
195
242
274
492
506
406
479
750
150
465
75
95
384
742
637
109
342
185
207
574
680
200
728
667
186
493
38
450
553
48
66
717
109
393
39
268
640
68
765
139
316
235
173
375
448
645
659
563
200
82
374
315
604
488
296
813
235
111
175
287
24
354
293
517
552
152
219
311
622
289
335
189
469
189
777
188
123
380
700
673
263
624
57
378
523
806
233
332
283
144
260
58
224
319
602
688
321
231
306
742
743
730
172
281
353
204
420
506
745
654
626
336
684
312
70
303
225
350
618
4
805
446
360
216
304
282
723
287
282
277
243
315
697
222
673
727
203
283
37
186
466
741
783
204
264
32
254
732
122
394
290
583
629
171
534
782
668
314
325
641
75
590
19
530
574
766
140
828
211
809
391
43
407
748
320
642
683
238
368
135
753
313
396
77
808
470
364
310
261
470
454
704
339
184
715
376
789
121
645
446
656
245
100
335
196
689
298
64
249
441
417
32
760
55
15
812
470
137
180
317
531
520
604
69
278
396
309
759
497
149
367
292
181
223
532
438
329
316
56
670
66
745
698
587
695
370
350
82
172
23
82
345
727
311
625
523
516
360
366
410
160
235
617
509
541
694
792
813
5
679
793
829
12
541
210
37
516
282
203
529
68
170
12
309
430
404
228
624
452
663
167
434
514
655
552
48
212
298
218
41
712
264
291
3
299
60
317
192
686
154
510
610
171
806
434
14
790
413
288
156
248
70
114
658
292
239
357
595
566
394
166
523
389
521
47
358
538
195
407
501
725
135
767
492
114
697
773
575
343
149
42
441
327
515
265
41
120
74
577
816
272
34
722
300
679
569
307
780
483
65
531
830
655
265
452
647
24
726
190
54
771
447
158
808
472
256
380
21
773
51
223
10
153
156
581
716
426
253
538
265
509
818
804
324
338
12
572
566
234
148
249
55
452
330
410
546
286
285
784
757
91
498
237
424
77
182
340
294
250
68
794
788
579
470
125
669
336
531
57
233
475
249
412
369
199
495
568
781
792
276
17
199
572
298
816
281
794
490
104
296
622
157
670
57
139
778
107
793
5
190
69
436
521
601
514
363
555
656
594
222
92
797
37
362
479
355
119
38
378
299
208
690
542
114
353
535
436
85
598
416
303
478
209
126
390
436
736
108
491
199
626
79
773
174
177
98
481
279
688
224
21
713
299
527
425
727
566
464
336
314
152
660
5
459
267
525
271
372
299
209
230
500
714
328
656
647
684
761
124
21
530
642
509
385
394
579
403
356
30
547
463
244
94
750
586
702
765
230
725
24
617
260
45
333
243
582
110
233
113
54
82
412
591
444
121
372
507
366
617
252
100
576
47
739
238
379
429
759
460
657
411
256
433
258
554
308
200
82
387
63
523
261
795
53
715
128
67
611
207
803
290
743
802
353
386
733
117
137
406
245
104
735
34
90
122
815
605
282
649
535
132
748
221
320
759
363
242
303
499
207
747
648
379
675
792
398
675
165
7
685
231
228
129
47
504
800
735
219
452
635
30
751
207
425
166
609
519
112
47
442
433
407
224
150
145
360
633
675
545
270
71
440
664
705
358
161
541
591
751
438
137
751
501
16
165
781
801
64
463
823
532
274
272
229
403
42
6
171
323
735
115
359
270
153
680
57
525
806
552
244
530
790
479
559
735
241
428
474
320
814
778
446
12
592
562
688
698
71
624
666
771
443
463
408
167
303
589
276
687
737
341
502
339
5
371
527
545
268
134
670
293
76
48
298
280
197
749
696
270
31
499
775
655
810
799
18
747
777
481
291
191
470
487
192
501
666
337
371
484
704
34
317
437
52
93
162
540
412
81
410
131
89
131
228
245
280
207
685
569
701
25
495
311
433
251
387
96
126
155
423
501
268
299
189
171
76
801
604
283
708
501
290
459
80
538
794
109
665
692
288
380
774
795
100
498
745
52
406
347
298
433
509
126
331
261
691
118
261
490
814
551
314
86
271
411
604
229
345
44
598
446
576
779
433
178
377
633
468
760
631
814
673
276
710
111
194
423
611
820
351
15
467
339
281
700
118
798
629
101
655
780
629
454
662
401
783
336
747
586
537
699
301
130
161
801
403
762
713
752
177
252
630
247
3
439
379
668
471
247
624
717
117
89
515
528
436
608
662
514
182
236
655
446
702
449
660
593
752
580
18
215
503
552
728
133
121
622
641
786
536
57
298
673
553
773
37
648
718
634
123
785
505
314
579
791
487
243
625
789
715
810
759
680
178
815
815
396
453
727
630
550
156
825
292
813
517
431
257
64
815
305
528
214
127
518
77
381
536
249
764
417
271
219
736
77
40
8
693
480
185
133
151
449
232
557
59
725
801
815
496
38
722
198
263
114
114
761
166
326
499
166
597
226
801
552
87
132
28
466
604
772
301
830
338
89
692
593
183
175
223
773
730
759
329
117
654
21
220
384
545
790
259
756
796
365
411
333
796
714
70
673
720
338
803
251
497
18
36
297
114
651
197
324
537
755
350
764
758
241
816
654
578
638
91
398
729
817
134
681
379
606
720
692
104
476
765
808
117
121
137
401
196
504
793
372
104
626
677
360
639
742
813
697
166
726
210
777
211
57
747
317
715
163
424
601
583
781
538
205
725
254
438
119
67
747
665
592
27
747
1
804
271
539
561
609
813
645
327
474
705
671
657
107
173
745
800
568
672
26
575
599
132
105
751
797
461
221
550
762
822
216
385
537
240
590
676
432
599
805
216
191
371
454
753
656
264
490
614
184
811
766
735
367
564
687
720
595
735
91
766
795
95
351
577
267
477
52
34
483
290
180
693
219
272
90
53
536
441
252
587
717
729
205
21
178
468
21
105
67
544
54
135
589
306
510
501
577
682
689
393
547
539
236
462
731
830
483
425
348
826
191
709
437
699
280
399
742
308
679
87
253
748
791
733
246
295
537
234
309
654
459
450
227
147
140
654
403
763
589
495
120
820
217
742
824
146
235
668
256
59
675
780
383
486
676
21
116
531
812
542
783
566
319
3
659
792
397
131
156
526
8
656
186
614
143
792
570
295
360
101
676
810
325
22
277
311
516
568
118
466
193
71
140
475
800
193
255
525
339
300
573
69
39
163
23
777
596
455
169
151
248
747
283
649
772
377
440
166
569
532
258
770
459
761
800
97
445
725
519
325
612
726
76
726
553
253
647
372
441
171
337
116
713
603
458
771
343
397
66
701
412
431
203
823
125
544
225
614
468
460
67
779
408
822
398
423
802
559
357
430
43
243
518
328
412
590
794
466
783
778
669
434
545
653
476
621
85
46
512
228
411
101
75
714
253
200
185
213
827
208
272
127
415
68
413
719
418
459
382
250
333
46
607
601
330
19
152
538
261
489
76
322
62
649
317
16
332
263
600
593
500
398
280
521
88
414
494
328
588
585
382
454
134
51
24
503
806
39
219
39
411
469
315
169
292
398
618
658
567
61
92
685
621
264
403
776
322
457
601
289
669
632
729
261
195
240
358
519
628
766
57
661
35
398
168
510
744
178
426
432
27
425
440
652
453
605
195
395
609
526
547
4
295
591
182
599
816
809
25
232
197
367
206
303
546
90
633
107
20
68
334
74
577
397
320
640
456
637
807
252
183
297
579
129
687
365
128
190
515
739
4
326
792
220
578
407
152
45
59
724
477
318
810
9
288
478
827
424
784
535
572
529
490
445
268
650
555
497
481
401
337
703
360
85
612
428
2
544
761
521
617
552
792
95
444
605
444
566
364
354
628
250
161
228
312
21
205
671
526
461
96
491
93
270
212
435
751
411
388
784
505
301
541
327
161
363
583
266
364
148
494
433
358
20
830
693
413
28
391
708
273
709
177
36
131
7
658
186
315
532
418
439
669
680
611
692
476
406
639
245
58
112
811
326
517
276
215
433
800
736
687
747
342
500
273
783
825
782
459
287
220
351
171
96
181
336
298
775
34
459
509
581
735
256
754
529
45
684
719
77
345
135
268
560
697
457
237
333
157
540
231
664
405
94
690
137
343
739
646
436
669
27
208
744
711
373
307
666
137
396
699
363
169
514
98
510
347
110
544
356
489
698
182
730
401
191
15
666
671
130
789
613
60
812
788
23
677
429
5
750
505
474
739
301
276
770
795
452
332
259
28
704
463
460
227
559
345
350
391
591
38
295
689
254
387
480
58
397
596
452
608
319
735
716
348
494
244
743
207
305
79
667
694
72
520
679
771
444
699
380
165
270
588
158
436
576
50
419
102
119
796
621
336
84
205
372
715
712
712
749
220
22
105
267
663
722
627
36
372
146
487
344
691
518
732
183
502
250
538
528
423
385
570
433
610
173
494
198
463
353
730
60
754
185
344
7
677
692
66
713
469
174
29
92
271
361
508
538
528
271
533
812
421
641
187
17
587
695
775
3
461
548
609
234
623
812
629
139
343
429
809
376
212
409
386
361
163
486
183
722
199
395
564
62
805
145
370
623
688
178
691
736
293
15
237
113
384
715
592
761
407
437
367
58
491
724
781
542
158
57
160
386
736
790
25
217
632
180
624
504
747
717
345
783
267
20
52
191
191
54
185
744
30
568
445
406
97
475
401
69
236
289
213
570
780
737
124
666
139
611
486
791
316
26
591
794
798
599
31
684
380
668
391
24
357
576
467
164
729
157
181
45
296
355
568
125
477
660
296
367
347
265
25
744
450
824
222
443
658
56
353
740
156
42
643
189
358
48
460
780
727
400
493
174
98
670
322
504
776
605
629
310
792
571
53
767
406
516
460
108
97
411
621
778
492
305
103
669
617
784
736
522
413
594
523
427
418
148
157
157
123
402
501
579
284
438
284
245
368
444
32
775
636
785
444
136
625
402
616
511
785
250
582
185
609
362
386
486
211
601
645
86
191
670
135
423
112
482
746
472
235
626
457
378
738
129
324
545
246
741
217
19
290
56
425
219
19
346
24
624
17
566
156
687
69
233
47
509
225
254
532
22
4
520
415
136
763
646
648
318
488
207
711
115
505
539
276
652
600
123
233
419
657
776
752
209
770
578
402
289
828
256
133
773
477
619
746
707
287
182
655
564
709
765
139
130
480
479
264
21
71
747
471
693
151
751
190
193
165
353
406
306
378
457
709
356
313
439
346
607
205
823
705
4
536
813
363
236
492
803
148
356
186
786
444
312
436
368
465
382
317
23
725
275
782
19
754
311
214
642
240
159
295
138
524
718
151
85
509
82
357
569
164
813
379
299
133
284
775
163
717
665
167
456
29
82
156
380
608
683
97
614
338
170
277
389
85
434
814
101
800
130
176
678
435
413
414
821
757
514
729
772
527
55
359
119
80
610
653
382
652
261
479
590
141
460
669
128
642
782
794
414
712
581
717
463
471
569
47
677
105
163
658
87
507
124
760
543
426
578
575
67
254
682
586
230
750
182
100
564
421
150
451
330
810
269
373
419
763
647
576
742
258
55
662
757
334
207
819
599
418
67
23
296
514
805
416
766
390
713
227
682
295
460
794
624
293
805
6
488
767
731
696
186
84
345
675
593
212
126
574
105
471
538
39
469
761
435
247
728
339
792
360
25
42
358
280
634
591
586
744
419
606
176
368
758
419
238
651
274
564
74
460
479
584
827
188
410
516
659
341
187
572
75
350
85
716
220
137
292
615
649
189
294
355
489
113
227
774
249
123
280
73
123
415
7
804
370
814
95
494
242
93
789
151
481
430
41
390
383
730
675
609
174
380
550
342
165
100
351
146
147
736
423
369
218
107
134
351
35
62
247
139
209
370
690
719
705
41
47
32
435
335
430
96
43
691
460
571
20
620
223
581
191
360
775
213
790
48
575
256
70
694
613
219
145
629
346
701
444
764
579
803
347
451
650
163
625
786
529
202
562
763
200
29
629
370
12
163
140
287
697
529
776
304
242
576
518
6
83
288
746
689
816
535
532
186
500
404
45
681
664
274
725
32
670
611
378
596
318
802
30
412
540
543
425
210
758
57
52
706
57
282
431
646
207
603
546
91
605
700
353
74
677
121
62
547
17
192
360
193
744
483
246
371
611
14
681
824
410
219
436
705
289
302
259
366
89
683
738
436
160
334
302
655
761
527
799
524
703
567
631
781
626
763
394
778
451
411
477
689
94
421
794
721
298
633
789
305
250
642
759
137
770
349
583
290
441
148
655
233
134
91
375
559
453
741
501
4
722
309
488
819
533
224
301
18
83
814
3
548
439
158
228
591
674
300
20
191
782
476
400
102
227
33
771
751
691
644
46
218
402
575
116
33
573
255
646
679
641
31
543
309
371
249
588
659
121
406
817
675
130
752
796
262
635
646
581
80
566
330
168
347
404
104
50
543
120
32
315
738
343
490
720
373
183
528
367
17
741
43
685
3
411
334
690
576
224
693
614
540
20
217
81
733
58
545
734
346
623
231
485
317
234
543
2
491
748
715
634
495
414
633
239
488
716
414
741
301
456
413
45
330
285
370
381
67
172
827
718
510
65
675
456
130
80
285
338
322
682
323
575
37
640
624
264
209
830
703
784
543
297
604
165
456
85
375
705
679
405
197
259
288
583
227
319
246
361
526
236
433
777
652
19
144
777
524
264
229
481
394
432
365
21
659
35
570
640
197
707
320
136
146
351
316
241
442
773
537
783
28
669
464
61
185
747
515
511
656
720
143
21
792
194
381
704
412
181
382
251
481
61
537
243
456
618
546
270
445
86
494
473
144
823
795
140
461
190
518
335
437
202
402
490
824
432
402
421
826
789
143
189
373
190
655
341
583
183
389
419
323
821
467
767
213
104
398
799
204
699
798
772
268
647
109
779
520
706
304
733
814
118
549
32
634
536
248
600
296
355
345
633
41
291
606
701
576
729
762
443
453
158
21
696
310
98
291
304
747
811
810
528
528
80
663
368
441
519
767
247
308
470
540
233
651
670
102
549
260
819
97
141
669
253
559
321
16
287
153
9
319
380
115
108
123
545
485
282
340
731
161
187
485
497
614
440
26
478
152
420
379
41
36
319
138
45
758
250
666
179
230
260
260
319
371
583
549
520
98
404
337
670
615
672
616
382
565
718
477
623
621
532
704
820
133
337
715
115
94
793
620
474
263
384
702
355
110
325
598
278
653
673
830
240
405
618
539
503
669
212
792
602
468
745
435
407
577
77
286
803
795
84
619
423
428
426
587
461
445
510
263
683
345
220
748
171
652
335
455
690
81
664
701
540
791
357
156
539
633
443
294
384
455
27
480
378
560
823
314
80
406
813
531
172
241
591
136
61
419
331
683
212
148
632
553
683
114
280
290
67
245
152
640
278
215
645
694
125
19
691
37
331
284
263
793
146
418
220
407
561
659
422
766
245
719
520
349
93
730
376
689
802
552
385
224
439
585
707
367
160
479
194
605
439
523
611
515
260
261
41
316
716
699
159
546
137
733
817
460
758
361
74
769
577
123
591
74
436
770
600
658
18
553
365
239
477
21
253
225
754
320
687
547
723
378
689
670
690
470
579
136
722
280
55
687
60
545
622
619
307
100
324
801
60
694
355
723
454
729
285
422
767
97
202
705
455
613
380
78
823
456
105
818
792
410
163
824
780
537
561
165
441
577
173
261
826
278
591
553
108
376
535
165
319
821
200
547
13
12
215
815
109
764
344
418
81
700
160
610
384
757
805
122
271
180
387
23
261
456
272
732
548
11
763
53
368
223
31
371
805
234
240
428
472
776
143
345
354
150
730
705
365
575
9
101
15
293
459
199
325
156
34
784
674
205
208
595
688
235
674
468
477
146
743
409
789
202
223
504
703
803
574
424
592
503
776
17
489
796
298
571
16
188
27
533
235
485
65
17
450
562
786
509
533
398
529
327
563
468
386
399
16
4
559
215
25
92
455
231
35
240
205
134
815
635
320
651
411
77
266
820
443
200
637
430
716
122
220
405
489
529
101
247
618
245
681
197
224
611
352
400
709
158
290
295
322
66
462
441
140
258
46
154
365
513
194
738
745
821
469
389
824
779
626
172
758
392
156
369
753
356
794
516
402
732
441
337
268
636
502
765
221
163
199
515
614
495
481
824
576
449
414
149
484
695
401
123
362
783
758
583
413
433
692
6
570
530
189
51
540
617
542
94
155
733
143
64
228
252
216
416
142
782
332
629
272
665
573
365
782
438
383
324
270
824
12
616
229
414
27
148
355
415
251
445
456
648
825
62
374
52
429
622
802
601
201
24
49
401
774
391
468
462
719
800
653
386
801
194
339
379
643
110
668
749
193
217
719
24
39
782
712
518
283
632
726
6
623
633
577
547
819
66
333
539
630
100
393
830
58
425
496
425
542
243
684
733
263
522
404
620
793
195
141
15
319
725
122
518
821
505
622
650
235
421
41
797
107
669
705
733
240
384
817
481
201
442
801
815
165
670
126
256
693
765
228
234
513
13
621
89
276
362
321
109
568
814
824
90
168
784
534
343
139
98
692
406
341
73
375
275
509
712
456
752
591
461
706
261
573
711
642
770
303
132
732
21
272
161
18
683
628
167
288
152
398
5
743
16
323
6
822
749
456
470
22
153
750
353
22
407
463
337
205
203
752
813
355
812
802
680
795
790
416
379
294
50
285
524
383
126
33
160
229
555
685
428
306
251
809
157
548
19
137
823
573
759
350
775
738
718
689
510
756
150
651
318
53
75
9
102
695
543
203
226
421
579
622
630
37
687
216
538
356
328
219
628
710
827
686
317
523
267
811
546
596
781
98
287
183
171
475
657
618
541
396
80
129
483
34
560
428
72
340
228
474
655
137
332
360
791
815
704
808
206
766
156
671
806
209
538
481
256
353
827
96
249
332
506
685
329
545
228
136
234
9
795
484
791
167
385
256
514
498
418
223
51
159
257
209
525
734
54
85
654
571
714
702
754
17
623
691
732
707
704
111
340
801
568
404
278
347
123
286
474
562
748
37
664
189
161
806
557
756
491
568
201
641
250
135
325
177
816
797
671
467
658
52
321
375
788
61
665
815
189
525
100
456
573
684
648
194
48
313
515
634
119
159
390
682
208
541
468
407
742
108
341
35
725
548
336
392
12
531
655
707
662
552
497
588
716
504
104
287
168
449
548
42
132
725
478
199
586
96
581
414
755
807
3
64
709
56
771
627
403
357
426
596
138
670
137
530
161
532
479
533
600
187
109
815
17
31
168
589
334
579
681
554
24
292
312
711
389
151
557
102
690
674
501
756
333
334
8
713
195
409
244
616
81
331
459
122
673
590
257
452
51
128
179
336
485
314
102
678
281
752
158
148
753
38
565
413
26
115
25
8
274
532
440
560
63
99
284
561
309
26
413
827
17
213
448
103
437
574
615
751
638
561
512
593
429
22
51
277
27
133
779
142
1
522
60
52
148
800
109
70
602
367
713
290
145
447
35
397
812
718
309
422
477
820
784
435
189
362
318
828
480
197
461
358
750
180
232
203
397
29
126
812
196
491
209
808
276
114
308
525
798
830
810
679
287
257
174
95
48
826
726
339
312
253
321
792
526
41
266
71
89
532
764
285
716
773
520
304
175
565
233
175
780
636
150
717
400
94
176
796
435
709
28
260
256
130
385
787
468
327
554
500
442
321
98
157
65
330
458
299
419
424
656
656
34
790
770
405
54
753
716
502
358
558
138
651
330
184
747
114
53
299
137
72
131
142
640
447
483
769
295
553
161
14
313
55
688
65
376
128
439
479
489
221
12
406
597
469
675
44
167
10
381
91
130
261
69
366
201
658
470
621
566
59
457
511
270
584
342
22
231
799
8
776
344
224
659
375
143
793
91
161
203
711
10
145
546
201
491
191
437
528
322
610
807
443
721
633
65
409
527
284
118
660
652
462
456
407
285
256
3
138
505
328
648
432
201
9
539
350
420
501
204
561
634
681
372
207
560
267
808
714
417
415
581
399
310
261
511
674
64
643
573
227
652
139
392
775
669
354
75
100
355
139
238
427
161
593
507
208
246
445
286
727
694
783
186
342
613
407
681
465
9
181
274
730
334
645
408
689
739
503
604
402
413
19
131
469
98
169
638
394
128
618
338
767
545
128
403
225
4
755
168
474
778
362
805
756
29
277
217
513
444
631
499
124
43
516
73
437
669
285
77
404
24
803
395
126
435
547
81
114
672
297
370
733
600
648
710
658
380
675
807
116
773
470
60
158
495
787
108
278
534
343
102
325
708
259
782
801
692
5
81
251
583
248
278
729
182
520
791
505
304
72
481
507
623
744
624
692
643
56
233
122
126
695
527
334
391
652
360
428
411
199
725
606
261
257
508
249
118
786
827
378
689
644
503
746
731
791
485
152
480
369
514
73
147
204
622
236
609
214
647
254
826
45
830
584
807
560
558
314
338
201
625
711
326
680
437
290
50
810
710
709
49
620
639
792
271
575
725
422
779
751
808
195
761
113
146
340
100
431
350
797
147
633
404
363
131
385
360
598
723
581
278
133
714
65
251
350
552
602
581
235
74
730
223
473
732
751
465
246
158
761
514
125
457
769
805
166
205
663
757
500
702
501
282
295
497
610
487
537
733
13
230
709
364
546
134
826
561
504
765
355
616
732
628
743
232
527
609
362
29
189
128
800
321
258
149
631
315
248
805
565
19
368
746
156
244
24
290
460
186
261
189
621
178
54
812
221
194
158
375
560
823
785
511
328
201
387
5
397
429
1
454
178
764
94
827
69
347
334
232
425
754
634
776
246
391
341
180
233
770
275
59
293
236
591
758
497
450
234
128
560
292
591
737
722
173
249
37
811
186
661
823
813
591
547
113
228
181
716
594
772
729
566
598
19
213
23
44
629
613
421
505
320
345
37
316
593
175
669
36
609
144
533
687
479
282
669
590
184
641
307
552
624
75
181
683
616
645
347
207
486
488
621
663
531
197
98
234
652
13
720
523
735
84
644
385
431
6
8
94
242
749
776
50
210
37
571
684
99
400
346
779
545
741
383
406
818
534
733
242
348
728
329
509
158
89
296
259
109
339
129
631
193
204
807
810
233
773
6
515
747
262
627
407
264
666
675
463
752
52
305
60
424
18
188
755
578
72
688
801
115
632
415
676
761
187
48
172
813
642
533
280
825
116
752
371
414
680
257
447
645
721
815
95
696
682
461
97
565
143
374
123
294
489
807
707
142
458
430
502
328
87
180
518
571
191
342
726
395
583
483
42
96
644
399
604
710
152
679
472
194
382
67
246
360
532
140
598
625
322
42
679
642
326
255
239
824
194
297
506
211
322
46
527
547
713
210
526
522
59
362
58
790
20
57
35
62
461
706
565
803
659
422
661
514
176
559
334
658
14
347
289
340
320
24
351
291
422
493
490
548
312
136
297
609
315
812
262
172
541
38
560
662
173
509
725
790
202
122
133
773
812
430
575
747
127
235
226
67
193
188
241
442
324
718
510
356
134
708
422
54
646
650
394
658
313
790
429
123
293
704
296
238
628
596
56
615
45
100
126
309
116
573
692
590
602
564
11
40
123
650
710
382
339
261
574
435
347
212
7
71
666
523
14
829
314
801
770
328
101
295
96
207
809
184
438
402
417
620
292
165
653
823
799
205
499
825
191
826
33
751
374
387
801
254
418
162
778
164
384
725
72
423
700
39
327
260
333
478
26
714
359
303
536
117
18
356
215
389
685
618
334
236
777
342
630
604
43
35
292
385
392
500
518
155
134
206
818
778
476
22
714
4
136
115
74
300
365
734
468
805
443
62
204
571
331
54
590
626
228
735
648
191
105
253
684
13
368
681
801
176
35
591
15
540
207
575
288
177
7
774
219
295
309
705
817
121
444
275
429
707
751
817
559
578
793
377
711
43
686
772
76
75
212
174
782
77
51
467
358
497
589
610
673
281
558
48
383
739
183
31
143
53
360
165
614
356
574
361
313
679
643
272
732
554
365
460
93
411
638
84
292
758
44
259
302
24
169
89
487
366
250
108
369
6
292
689
391
525
587
659
18
652
589
34
517
79
249
406
112
423
21
11
286
125
749
98
806
70
175
186
273
113
688
383
671
77
217
55
93
753
435
255
25
537
709
603
395
325
357
73
239
292
195
401
403
359
49
576
160
96
530
650
482
482
49
268
626
484
590
665
716
317
709
486
211
397
823
518
274
328
552
26
40
274
135
88
225
339
288
111
451
402
768
387
210
105
281
256
560
202
718
760
235
762
407
111
428
630
106
185
518
753
678
121
3
354
728
466
299
586
484
666
173
75
483
670
726
357
451
327
280
706
395
215
89
690
211
75
382
263
696
756
297
410
668
491
162
271
287
722
247
176
61
723
736
655
584
423
572
424
99
326
640
319
208
315
219
594
234
326
173
822
664
626
137
411
665
549
746
772
616
97
215
141
515
417
451
155
443
311
264
636
550
689
668
404
33
328
310
698
304
526
419
335
792
721
821
652
520
227
293
550
504
777
416
226
800
662
345
299
680
188
557
789
504
704
500
477
677
672
579
735
647
736
689
730
790
777
745
64
58
657
1
336
781
579
704
360
156
787
640
409
431
209
266
177
135
714
143
162
671
443
602
246
163
225
209
414
347
298
31
498
41
257
471
731
116
293
343
781
575
566
543
288
352
765
603
82
631
633
494
402
808
519
693
525
510
327
554
360
769
811
54
311
702
33
480
286
313
683
699
157
5
339
85
681
169
239
477
730
726
21
784
26
541
57
269
572
360
417
829
516
77
510
687
763
450
772
256
463
646
34
196
500
803
101
211
307
661
601
232
768
571
583
379
39
163
417
151
438
794
271
190
810
609
191
252
203
38
329
450
295
592
357
47
194
223
161
460
220
69
603
234
653
377
458
163
433
632
345
227
819
78
630
824
569
366
473
85
467
760
166
173
669
657
291
286
516
543
803
120
265
561
592
295
462
709
512
189
350
603
155
359
57
253
582
719
763
383
152
727
209
127
48
438
109
105
575
454
735
580
718
738
278
790
702
305
626
218
668
229
20
550
776
55
523
629
684
333
467
436
451
544
678
541
61
196
548
337
96
550
186
136
359
592
442
719
523
547
643
396
657
637
257
96
790
238
472
33
739
760
96
39
572
699
447
217
591
254
108
555
268
750
756
643
255
640
238
385
434
29
79
82
259
640
375
54
741
462
816
317
76
468
706
609
506
672
353
747
27
26
370
258
829
261
178
554
641
702
137
626
164
151
830
559
526
634
566
815
596
812
283
523
322
435
462
758
774
562
771
583
248
561
688
433
44
447
337
344
424
699
734
417
280
515
557
711
540
561
214
776
66
810
47
451
354
203
89
37
489
262
723
401
33
535
116
390
687
166
350
272
72
394
137
274
231
743
829
534
825
683
428
25
705
123
397
624
273
510
530
147
193
170
495
367
327
436
66
46
746
4
557
168
154
378
657
258
302
611
224
206
291
730
556
21
809
691
232
253
483
132
769
754
697
459
289
790
285
415
363
680
121
746
272
592
284
29
547
453
72
640
553
700
460
678
700
645
378
226
224
442
451
317
307
769
82
166
693
532
310
154
467
35
639
416
427
560
236
723
219
563
692
818
487
355
816
485
237
580
622
150
407
76
53
235
692
709
734
768
268
379
191
229
294
169
778
289
282
359
78
33
299
117
486
213
17
540
200
222
152
262
53
68
61
394
479
338
385
725
191
461
36
736
342
272
530
674
761
485
276
438
684
694
102
178
629
804
381
327
50
417
761
233
470
461
323
105
331
246
65
387
392
277
399
598
319
627
702
465
313
652
124
138
263
821
9
677
153
373
564
446
44
87
180
275
257
750
480
292
571
616
207
550
163
80
130
216
443
487
33
10
22
701
577
242
382
508
612
253
278
295
667
337
716
83
583
579
609
10
237
502
591
315
822
119
671
69
793
301
284
749
530
113
464
73
740
792
384
613
443
25
253
180
343
550
531
756
213
764
103
587
9
309
172
42
584
241
676
796
198
797
373
81
556
492
502
39
547
312
42
348
89
16
583
784
10
209
662
374
612
301
802
784
77
560
361
144
630
657
328
797
118
23
9
232
792
572
553
484
571
303
642
527
184
749
83
97
418
209
337
678
175
215
804
41
248
364
103
453
638
100
393
529
711
214
583
440
30
826
173
526
7
216
705
783
634
421
661
292
461
420
446
438
391
402
622
740
241
560
661
250
18
158
119
17
511
532
689
442
690
378
288
446
129
558
363
800
660
747
213
250
469
92
456
758
813
685
724
658
117
532
625
65
178
341
187
184
492
182
598
270
19
536
299
634
45
554
29
455
601
678
322
609
518
145
359
110
128
99
131
213
636
751
150
120
829
245
611
688
73
809
190
366
420
24
659
553
814
395
693
436
229
740
639
433
605
232
719
250
261
764
421
481
381
79
481
167
207
251
719
90
757
152
620
782
738
222
272
103
349
535
225
225
199
647
805
40
584
24
371
479
191
113
462
512
108
156
121
86
549
203
797
171
383
676
559
813
244
647
67
472
646
27
672
171
328
732
178
36
665
754
489
498
79
632
629
705
499
821
369
705
650
392
490
69
132
88
384
477
471
615
285
112
656
30
796
68
111
311
517
362
811
111
35
670
511
507
308
433
348
252
394
806
25
179
395
403
709
434
698
44
281
655
321
830
518
196
222
177
675
84
147
623
27
823
366
724
708
805
201
583
187
715
491
382
248
371
165
815
203
626
760
351
567
212
17
762
675
707
101
525
52
687
406
455
582
31
729
146
530
522
772
231
429
80
277
503
539
62
150
784
259
752
97
13
182
589
756
349
332
389
513
624
823
798
75
429
568
272
108
23
638
690
729
69
287
545
691
570
85
341
438
568
46
164
546
724
828
615
828
537
39
547
722
243
594
694
356
463
31
200
765
444
663
90
408
494
459
592
296
778
154
73
731
507
198
85
709
486
323
123
400
547
369
641
511
175
635
165
749
156
329
743
741
758
298
489
693
494
317
26
214
445
737
788
247
461
246
692
767
688
59
615
114
772
56
439
254
679
486
782
113
695
815
552
282
828
123
426
285
282
339
176
644
85
740
389
545
710
566
151
306
250
408
172
59
665
805
733
554
547
340
418
288
79
714
756
184
207
53
421
53
260
161
421
720
47
723
158
5
632
152
705
73
194
167
222
501
823
607
817
437
790
639
690
739
543
679
259
468
164
659
264
682
77
214
72
533
674
608
623
32
56
397
572
550
374
565
268
182
187
191
11
697
560
696
111
412
466
499
364
324
417
450
600
714
274
329
499
65
675
727
327
75
506
270
481
68
189
375
292
635
713
225
316
123
729
88
436
170
463
472
12
340
88
76
691
463
350
642
56
134
216
76
520
72
250
378
325
726
144
22
767
686
20
817
552
381
742
577
668
519
174
422
769
618
19
531
86
728
210
485
194
719
457
21
343
558
810
385
146
694
754
8
524
328
40
192
804
535
167
83
798
304
744
435
405
801
239
346
531
341
160
61
329
742
302
568
378
712
619
578
705
81
73
646
282
449
675
684
260
758
304
619
387
292
751
65
517
187
490
753
821
695
288
337
716
462
56
695
558
134
161
762
494
642
92
182
708
76
560
91
664
677
51
244
305
474
271
341
486
164
349
168
605
382
548
155
351
759
329
810
829
757
709
302
502
24
459
804
141
483
750
801
58
669
90
657
249
549
600
151
369
393
17
256
530
525
576
755
264
165
186
320
769
666
70
441
390
446
501
494
543
672
2
114
534
443
231
609
673
125
652
443
790
121
35
263
726
199
220
751
483
28
100
650
180
388
2
58
277
103
150
438
543
465
40
713
778
774
311
156
373
42
744
798
280
57
415
382
429
329
94
680
757
690
512
302
476
350
140
296
277
27
548
390
173
252
40
167
358
576
282
817
796
685
576
535
267
770
758
196
203
284
398
274
82
34
631
349
146
205
29
558
506
344
651
317
167
650
711
228
589
138
810
549
569
153
253
691
583
62
723
735
169
340
712
459
502
244
515
392
319
690
115
65
248
737
738
99
159
386
305
227
546
296
369
269
501
322
743
435
692
477
507
250
443
49
101
610
415
67
602
767
296
533
415
797
293
220
259
71
706
64
688
173
745
307
212
446
491
191
248
469
247
56
333
238
529
60
442
359
783
422
711
84
287
546
792
772
449
55
409
787
32
444
630
226
329
330
338
379
507
261
317
149
115
523
380
361
768
454
699
269
499
223
71
144
592
288
600
489
2
775
8
320
81
428
145
679
53
385
332
530
641
574
679
345
402
782
478
50
622
43
385
111
643
47
348
669
743
618
594
660
49
54
280
622
99
630
369
585
517
622
581
249
303
510
677
359
104
423
566
436
518
287
629
247
762
488
474
430
674
639
420
143
569
446
527
237
652
373
457
451
327
193
413
12
592
612
794
539
7
453
84
294
706
214
602
796
665
708
160
517
20
151
187
57
665
62
196
104
468
336
756
473
612
453
97
9
690
173
622
623
178
259
134
667
309
497
578
268
170
274
316
258
603
311
485
218
560
533
278
133
796
528
155
544
228
312
753
514
18
712
277
320
122
172
43
200
631
268
567
311
534
352
33
758
144
630
80
152
567
240
317
470
29
96
800
415
386
396
323
763
552
128
781
637
622
130
633
479
90
86
724
668
766
728
616
680
643
796
579
497
390
7
238
655
128
470
693
108
697
805
234
788
627
182
358
507
511
362
333
318
108
156
418
527
88
568
258
56
594
634
792
157
99
531
291
296
402
420
198
827
717
170
513
500
399
353
574
426
345
400
426
198
714
397
586
81
404
115
82
794
447
218
373
398
118
3
233
410
150
20
510
53
543
694
545
534
370
816
695
447
320
297
706
102
537
376
770
268
177
541
372
179
418
644
524
310
723
530
333
16
491
364
100
292
726
18
192
495
102
65
631
329
21
671
830
692
555
671
526
261
661
34
48
158
581
23
365
686
100
362
807
674
645
554
620
365
593
689
323
309
645
674
758
256
423
163
762
490
742
526
394
667
174
286
423
765
609
111
612
828
682
433
658
70
368
560
483
663
738
219
429
413
607
685
134
344
795
70
729
151
267
733
196
480
95
252
115
624
404
113
573
304
398
200
157
729
260
259
763
701
151
479
685
392
229
270
307
303
103
552
173
569
295
773
792
597
559
262
77
258
729
453
600
207
677
794
32
365
541
664
577
282
105
715
227
768
76
79
766
660
68
394
66
650
56
525
545
138
198
603
282
88
107
780
333
613
71
624
784
306
621
458
276
457
342
645
507
702
811
686
661
286
602
791
467
171
469
127
687
445
50
816
652
128
364
543
780
774
762
715
372
96
406
519
643
325
685
145
6
529
541
658
235
799
490
464
531
383
523
204
715
394
415
782
71
763
686
663
544
815
309
229
783
561
59
552
392
689
571
422
520
742
720
821
560
313
133
817
32
143
385
116
671
183
628
299
121
364
645
110
318
195
781
529
812
426
273
721
410
720
546
144
298
281
210
489
412
572
105
617
108
249
532
323
344
597
744
675
450
567
551
552
198
417
424
168
47
559
535
244
687
61
158
460
345
507
158
576
21
581
216
367
78
366
651
207
491
110
655
499
731
268
746
37
404
92
54
626
125
765
100
260
16
230
447
40
810
618
666
7
777
726
498
783
612
640
636
629
615
399
390
94
715
662
143
278
695
490
234
233
88
624
46
335
478
222
151
154
702
333
740
518
143
145
79
684
352
108
9
534
271
248
84
286
555
770
292
52
49
440
43
456
593
316
773
814
128
518
469
210
397
412
28
107
602
335
424
659
617
449
334
755
356
521
341
394
712
529
370
794
550
184
502
205
373
668
76
708
173
77
15
545
206
297
257
220
509
33
518
35
31
16
337
269
206
399
763
363
229
513
303
807
311
666
618
163
830
748
796
171
793
675
276
681
195
226
73
336
596
726
240
773
707
409
783
751
289
38
378
134
454
550
454
670
528
506
613
551
116
360
618
470
564
736
590
137
605
345
715
103
503
535
121
17
278
665
346
585
579
580
489
458
636
677
517
540
761
746
640
26
156
440
142
754
82
725
646
27
361
731
86
724
486
485
514
486
358
288
165
747
298
669
522
61
352
731
195
547
381
188
23
146
600
249
291
217
84
443
674
725
16
411
485
185
294
90
518
398
388
729
420
756
538
689
431
563
243
10
28
680
317
564
508
662
169
493
453
272
481
92
622
37
23
258
363
149
607
47
106
644
696
125
513
464
215
776
57
170
651
402
706
577
404
190
784
44
718
209
801
701
52
345
662
693
230
411
121
23
305
40
570
130
528
634
278
609
771
217
104
687
703
339
806
526
7
6
709
119
488
252
491
70
460
642
125
83
545
528
793
625
695
387
559
160
113
810
238
309
438
577
101
291
729
290
450
99
20
335
149
156
768
497
374
231
261
812
601
82
27
143
229
50
308
434
233
700
381
377
781
269
782
4
311
666
60
658
361
294
100
656
436
446
177
209
29
697
700
676
587
678
90
188
137
787
800
8
600
777
543
434
417
711
194
682
356
590
813
514
663
666
80
456
61
456
212
45
798
328
4
372
437
561
830
818
673
398
608
553
812
753
238
308
8
751
684
390
334
791
810
558
723
481
402
672
285
59
148
647
217
387
111
333
435
210
139
356
764
452
463
411
449
312
704
527
737
17
317
402
626
604
437
418
82
249
349
719
96
468
809
512
528
147
457
355
198
644
821
54
631
727
481
141
511
92
151
8
71
234
75
797
325
148
378
639
41
392
726
26
686
706
637
327
114
74
473
653
719
563
34
221
310
364
485
808
85
610
671
553
101
260
448
510
519
556
226
515
278
65
127
212
111
817
533
393
270
494
102
40
663
763
659
289
398
264
192
754
542
650
204
483
684
159
210
745
464
41
277
515
773
517
528
729
255
316
246
246
108
330
264
615
677
13
750
469
738
187
479
177
158
301
613
126
411
270
401
30
752
667
437
21
666
418
292
28
287
488
361
421
78
437
555
815
371
608
476
169
296
31
85
453
698
670
349
584
88
342
154
435
481
226
675
439
650
129
529
811
129
319
711
413
215
303
119
220
523
463
804
675
333
628
294
690
195
327
788
315
708
516
405
331
520
651
624
730
130
772
173
765
225
112
231
133
597
317
34
624
72
432
495
391
614
399
784
25
257
521
725
403
674
100
444
637
349
197
598
751
597
600
809
483
404
250
616
432
644
411
239
472
564
662
599
218
108
336
601
388
634
507
275
414
273
469
764
433
634
70
351
28
322
751
489
815
561
739
96
399
560
707
79
769
343
45
603
127
755
87
194
511
257
600
136
153
139
720
10
298
576
270
286
281
763
97
573
427
68
151
580
563
738
685
433
110
239
470
707
586
577
350
72
256
11
5
56
408
21
664
242
14
523
538
201
33
180
15
450
31
285
662
56
528
564
352
738
124
213
52
145
137
711
574
192
273
105
771
479
41
282
779
490
453
118
79
760
811
176
424
406
280
215
705
21
422
210
424
758
10
203
391
574
154
504
616
98
785
86
798
636
530
93
737
499
171
790
806
321
659
145
486
73
681
660
430
375
458
622
727
689
385
771
11
368
536
814
802
51
202
713
429
202
441
648
423
629
249
624
313
508
767
631
28
410
91
545
399
590
817
500
425
343
746
621
347
56
350
55
644
482
267
110
81
84
33
768
244
97
140
755
451
640
245
194
271
674
274
327
532
512
119
625
22
260
517
430
604
30
590
638
440
531
264
724
717
495
124
515
788
264
409
580
2
316
742
668
350
667
230
478
661
81
613
50
226
693
73
476
70
386
406
314
239
495
394
384
441
244
685
316
404
368
416
703
788
381
603
276
690
241
612
657
579
175
316
328
37
201
786
489
724
225
592
442
703
794
610
810
624
438
805
619
176
828
166
255
814
435
178
260
462
103
682
817
441
565
18
705
550
562
587
309
234
482
299
217
490
172
580
352
429
646
90
358
517
339
153
454
418
777
476
635
390
87
810
692
206
461
375
631
71
310
266
373
608
765
147
235
685
288
771
484
660
127
450
11
164
260
418
753
602
524
762
429
644
108
659
723
307
99
712
79
361
627
771
261
147
561
320
740
715
747
462
331
205
189
688
573
3
801
405
676
97
804
598
92
382
188
558
397
152
362
806
787
308
349
791
782
53
607
702
306
606
643
659
361
219
360
794
28
477
76
487
823
336
361
630
655
168
768
417
73
520
47
486
229
530
52
207
652
557
702
397
209
632
327
388
173
206
666
662
660
202
393
200
755
142
418
299
308
177
479
219
308
541
317
52
441
693
649
194
808
534
294
181
741
777
113
367
439
101
17
330
210
244
268
148
674
226
3
786
35
141
397
59
327
325
328
535
286
506
719
501
38
497
633
423
314
499
404
398
136
13
77
276
733
550
387
567
725
804
736
393
213
462
627
814
64
534
560
202
331
515
575
14
630
609
738
30
565
293
573
611
471
329
506
256
803
595
299
145
257
532
699
668
234
616
271
128
633
442
123
171
45
36
558
828
329
279
473
524
518
461
17
312
343
101
809
437
8
751
670
260
30
206
293
371
552
156
820
14
727
175
161
314
64
43
36
113
461
263
187
402
28
774
264
803
431
78
43
293
287
524
246
40
176
289
455
228
22
251
215
273
136
51
428
792
684
587
78
4
346
137
351
553
507
698
801
133
321
215
376
19
101
413
651
258
463
78
651
118
656
235
587
510
630
273
437
103
712
406
416
658
196
191
484
445
448
229
328
61
801
675
190
310
295
66
481
6
525
236
365
305
233
337
410
774
464
773
290
794
807
254
61
749
239
439
139
498
317
522
537
817
63
484
309
438
41
434
361
678
713
350
722
469
784
284
476
217
59
525
395
659
213
273
715
631
496
660
369
636
553
671
766
434
25
236
339
757
14
243
708
784
385
258
763
439
216
54
810
538
167
208
723
571
351
428
548
1
587
387
674
733
691
400
810
76
148
223
597
128
13
277
807
388
572
599
664
289
169
358
459
134
645
333
741
734
441
594
810
328
393
69
555
87
755
193
624
735
724
278
503
88
518
258
435
142
722
312
241
476
550
190
690
142
298
305
757
651
522
230
633
208
349
17
219
169
595
428
614
163
302
240
139
275
588
353
433
797
150
168
285
210
801
625
527
360
432
202
473
693
585
132
280
156
396
24
682
823
171
221
503
680
118
605
649
516
657
296
797
214
792
481
432
718
70
498
289
227
591
262
809
164
659
343
275
360
495
211
707
477
513
449
521
294
445
721
631
217
731
473
651
641
248
286
140
542
326
244
181
804
83
200
124
55
273
795
308
68
583
497
667
784
31
288
457
514
697
641
462
68
535
797
631
120
687
746
564
716
801
635
387
734
461
122
787
312
799
577
275
107
379
629
407
347
136
474
373
503
697
324
358
685
759
374
423
19
775
88
162
299
301
298
97
702
269
799
50
660
743
220
194
512
468
595
238
252
741
594
591
439
255
199
274
631
362
148
175
135
379
112
624
376
335
363
613
258
45
381
453
515
187
4
702
252
719
363
756
472
449
668
400
192
401
157
224
292
190
111
577
810
98
568
654
815
640
566
589
419
673
729
604
474
417
805
773
664
35
568
261
82
256
533
250
272
288
619
780
488
782
337
770
61
193
363
785
546
477
205
150
35
724
571
396
506
766
828
175
58
823
113
323
341
288
710
428
221
54
488
633
520
467
822
692
121
388
495
227
829
298
655
802
638
721
626
215
10
198
216
393
590
525
668
178
249
464
806
711
637
741
35
479
587
533
84
736
819
543
219
621
771
829
381
429
446
600
108
593
230
787
65
228
612
691
632
114
592
586
353
730
535
495
765
171
570
798
660
380
249
448
163
345
798
245
289
419
657
403
284
270
119
537
356
388
683
465
309
241
22
817
554
760
268
698
650
423
188
164
274
698
510
28
597
413
693
670
183
815
63
498
199
574
255
693
63
94
163
47
758
251
216
518
309
767
81
292
614
711
183
309
329
111
364
231
451
124
116
391
599
525
828
190
510
421
36
759
100
752
176
395
596
266
599
115
610
246
829
15
203
608
528
156
270
19
475
806
585
75
152
781
540
702
280
488
344
828
316
26
378
268
458
581
464
471
587
609
336
651
639
228
261
621
2
392
429
603
317
684
490
794
61
640
711
277
830
180
677
786
288
720
365
347
47
825
298
824
625
465
39
365
576
353
418
20
219
426
42
219
570
589
329
828
100
37
327
22
574
823
352
822
168
53
451
802
472
714
562
71
49
172
354
777
409
515
358
548
769
592
734
189
451
70
628
378
491
303
786
79
321
577
507
528
472
508
820
810
714
412
722
5
363
333
823
463
606
684
652
565
768
326
515
438
95
256
578
132
421
463
519
327
100
609
308
42
244
814
341
708
217
615
132
330
444
695
562
62
515
788
144
656
665
333
602
592
18
774
45
496
620
415
448
6
82
745
762
365
629
456
471
548
229
225
209
305
264
97
555
147
262
358
318
791
304
368
21
462
162
7
813
658
788
805
490
578
90
376
365
487
324
363
733
194
701
414
658
693
318
169
114
114
423
110
744
576
94
371
209
308
605
636
725
567
391
801
362
500
691
439
569
656
722
309
666
443
264
718
714
719
785
681
68
816
4
752
247
804
257
710
798
514
109
724
339
69
791
779
43
574
1
607
116
540
89
614
51
349
241
47
669
341
716
538
464
334
297
342
587
68
570
809
407
685
246
757
560
93
791
724
800
26
492
211
574
611
410
745
13
753
108
120
416
761
197
403
705
446
539
243
284
403
240
409
205
270
356
87
262
189
214
365
679
802
520
475
397
515
547
206
631
54
524
412
660
36
173
790
326
611
496
136
489
489
468
316
276
175
291
763
158
779
141
294
253
682
704
247
800
86
293
530
829
321
734
825
648
710
79
789
682
383
47
576
771
89
34
83
465
126
495
227
826
646
20
423
471
765
829
490
806
285
33
62
57
506
428
32
458
429
825
525
748
4
132
673
810
746
345
509
207
415
415
334
564
798
572
230
765
189
672
324
549
801
144
279
139
775
281
790
615
725
195
328
211
325
710
411
238
698
477
239
714
8
306
435
334
803
22
344
145
29
35
828
752
493
46
219
811
267
631
643
350
172
498
477
24
48
91
686
515
524
226
730
826
104
564
212
491
527
582
215
442
665
46
457
255
32
564
59
443
706
37
752
786
552
238
756
705
213
321
174
728
657
492
388
91
204
103
466
781
625
93
469
404
327
616
641
389
120
583
273
661
199
448
600
370
267
236
777
506
781
825
629
678
451
133
321
173
257
308
693
26
699
211
561
89
790
189
422
281
740
13
342
252
183
565
369
827
30
676
480
462
587
72
291
532
208
599
617
193
235
509
497
272
14
373
820
24
616
471
730
676
277
730
133
745
631
208
716
572
19
49
725
8
385
474
215
376
629
51
567
262
752
652
368
642
587
673
743
84
269
539
80
114
731
695
101
274
22
365
568
114
40
524
218
21
154
411
184
778
370
1
164
74
208
252
418
640
743
8
430
235
635
39
140
115
205
46
191
2
671
393
463
178
300
632
355
208
498
74
582
601
49
443
242
36
278
782
394
98
346
175
438
674
195
229
93
131
186
492
815
8
812
14
480
16
643
353
20
809
486
31
338
236
498
447
187
175
811
294
281
647
353
100
411
451
205
248
503
155
551
101
66
294
626
204
686
63
607
586
218
147
692
784
781
789
542
246
596
637
605
120
489
435
724
802
694
779
376
122
315
612
116
568
660
461
178
56
633
478
238
537
386
486
437
245
155
769
642
620
193
545
460
570
331
787
622
304
477
26
290
635
430
302
749
309
662
272
583
598
445
781
349
798
111
550
253
210
541
823
147
261
624
796
176
284
436
602
271
621
573
318
813
619
384
253
518
705
402
94
448
105
125
406
579
663
635
18
365
641
264
816
457
522
588
533
555
811
130
766
564
740
364
681
354
654
444
473
242
664
360
244
820
324
260
329
806
494
611
417
573
170
36
102
434
796
817
302
606
450
443
304
692
109
544
689
132
655
283
125
813
240
609
586
557
3
91
295
3
669
784
273
720
402
583
389
126
802
194
435
294
533
425
83
137
245
227
91
672
439
102
640
152
632
129
116
443
489
29
481
790
257
453
467
209
443
303
300
448
38
460
468
808
702
569
508
683
574
444
362
236
9
314
468
610
243
800
198
36
823
128
611
125
139
10
640
258
42
620
375
482
16
476
323
115
109
110
69
519
730
551
242
441
821
610
40
612
745
514
607
190
376
215
272
461
708
737
129
357
45
179
551
333
355
353
279
369
191
564
428
395
638
521
572
724
122
85
291
355
34
1
354
365
192
577
79
793
494
143
589
240
287
447
480
39
730
121
311
699
792
264
781
410
257
711
570
340
638
707
746
621
262
58
726
631
244
255
431
511
360
274
465
269
64
802
627
159
789
309
470
321
186
321
406
608
275
821
582
568
671
419
785
474
634
411
573
279
270
511
313
343
62
750
738
627
620
81
578
104
695
132
316
11
793
249
439
681
477
48
162
693
592
176
102
660
11
167
359
153
651
747
109
253
414
202
813
261
600
391
600
630
158
201
822
185
602
538
348
95
185
728
688
553
131
81
8
653
162
322
108
155
764
310
374
445
546
690
206
246
430
712
231
201
27
358
417
441
228
517
183
718
487
667
387
686
819
576
556
119
510
185
727
449
463
261
87
666
91
255
687
701
640
689
602
527
291
438
712
31
641
766
640
422
554
346
118
35
571
303
783
116
34
614
567
390
709
42
637
134
574
398
253
430
104
342
380
667
624
419
748
721
236
583
113
70
811
56
724
146
278
2
336
425
256
594
316
644
462
213
77
581
820
434
424
589
61
294
128
223
369
824
712
324
514
293
139
757
457
312
83
363
126
392
332
214
439
684
10
759
561
203
43
516
188
195
231
724
608
234
827
103
532
692
645
440
615
768
504
401
156
751
800
351
659
518
214
52
11
349
677
806
240
462
449
189
193
277
359
434
819
661
559
122
447
386
536
419
288
544
315
783
339
606
218
605
48
682
472
694
242
253
737
435
163
347
570
702
756
270
740
423
207
729
622
255
512
78
427
72
66
148
257
186
737
765
357
92
680
4
61
387
480
791
694
349
28
615
803
739
300
694
585
703
122
757
674
13
364
224
742
649
770
443
470
782
686
385
268
327
405
157
424
201
621
526
738
207
824
711
252
746
472
568
49
144
705
601
599
698
298
273
161
290
176
219
746
769
323
767
567
52
441
83
692
597
64
624
706
117
448
554
464
599
218
212
340
16
313
559
158
808
428
796
521
745
144
500
543
385
689
531
656
396
444
85
204
611
453
492
729
559
726
196
674
288
163
275
548
99
144
789
148
714
410
620
616
400
84
567
519
686
347
777
119
142
423
442
795
63
450
785
280
683
747
10
763
529
681
321
595
608
676
751
98
491
380
59
431
306
764
676
112
181
815
49
523
792
6
676
36
335
783
483
259
226
32
606
557
33
540
194
282
798
107
611
234
390
625
429
437
717
561
675
345
569
512
133
92
173
160
164
383
525
342
751
157
238
724
372
177
285
743
739
254
510
633
693
237
509
622
83
294
407
389
6
503
649
627
290
205
742
356
98
49
600
113
656
674
533
368
70
597
819
724
19
397
646
654
24
716
598
157
79
435
691
648
270
83
529
41
461
740
428
109
177
460
7
815
343
476
733
761
407
325
757
334
401
817
358
772
232
390
134
427
477
367
94
368
394
716
769
12
59
220
376
711
369
805
147
336
61
85
492
75
71
331
280
286
723
778
459
775
21
163
425
815
212
14
425
510
408
251
483
785
661
175
518
622
485
10
84
749
618
700
425
752
184
45
424
332
52
680
595
757
341
520
824
650
348
160
665
302
41
683
49
179
262
365
497
754
581
597
311
677
132
157
339
734
262
53
163
292
16
112
768
729
444
256
569
145
130
117
506
207
785
553
593
634
208
96
627
421
406
479
368
607
545
161
50
245
782
392
351
764
411
114
460
637
705
202
258
780
670
94
465
559
244
113
12
206
522
56
416
215
430
328
797
616
1
434
531
439
327
770
497
499
808
664
754
200
799
418
300
755
692
223
618
542
487
122
354
300
215
176
638
246
316
392
761
600
556
351
822
399
467
70
528
174
314
5
486
208
137
7
596
698
740
354
563
370
618
446
405
807
815
247
495
605
503
70
500
617
636
449
803
114
399
648
6
532
676
590
612
318
682
592
635
827
558
360
701
787
298
347
336
532
545
88
497
584
54
234
657
242
15
650
110
470
451
631
251
147
672
141
371
1
722
784
199
693
505
351
746
656
708
612
391
607
9
651
795
763
665
153
440
467
315
426
347
823
748
1
542
243
639
815
346
616
572
229
767
265
156
718
723
563
299
435
22
815
146
794
801
185
23
238
331
602
40
307
408
522
64
325
88
617
819
126
114
652
737
290
338
151
34
646
203
457
475
436
274
650
292
240
484
79
219
584
734
783
427
815
442
657
567
155
197
564
732
180
481
136
15
648
746
391
770
150
635
157
402
315
576
273
81
381
281
152
709
689
417
617
416
258
516
245
517
708
829
269
784
134
538
468
662
822
458
270
383
379
548
86
134
460
120
771
147
381
439
642
411
133
741
814
456
125
826
189
490
423
29
90
503
662
110
668
640
699
327
397
413
631
59
441
161
623
264
101
767
352
386
48
308
359
704
329
378
491
821
584
184
198
643
765
295
190
172
305
114
29
277
278
825
108
798
550
791
537
19
639
299
750
160
384
529
262
268
357
202
677
642
516
610
334
727
684
807
717
744
284
589
678
576
566
677
694
403
535
662
772
86
555
519
512
504
346
460
491
404
330
583
195
757
773
314
124
708
24
776
118
494
260
36
17
788
144
172
700
522
653
472
772
644
160
329
494
502
182
282
469
333
442
595
418
512
677
803
722
397
40
505
669
403
8
346
336
101
337
369
505
586
437
392
786
776
417
298
664
290
673
67
496
638
261
658
147
622
593
719
46
402
727
783
5
306
275
757
504
189
779
303
164
395
395
192
171
301
352
611
555
728
713
318
226
585
199
690
469
238
238
404
320
611
805
506
371
180
230
118
452
562
469
757
617
56
506
757
80
337
475
509
629
272
247
440
152
151
773
265
195
318
799
765
732
673
622
633
492
648
607
56
285
691
77
83
696
225
291
38
571
375
209
491
329
200
196
30
361
134
734
187
247
596
469
490
272
826
556
405
395
47
411
31
277
361
611
479
450
813
621
726
428
419
318
593
368
708
693
756
159
524
182
205
162
493
350
29
394
292
716
804
13
657
299
436
377
2
308
534
225
103
355
480
241
285
498
312
163
346
776
441
535
773
167
338
750
565
716
758
455
414
377
553
407
372
383
226
751
54
569
109
713
343
685
469
605
394
36
812
88
281
112
340
673
63
782
298
777
194
829
502
258
679
173
14
29
749
278
157
302
523
764
711
707
704
427
332
402
775
291
597
310
350
428
787
741
403
252
471
451
32
601
789
298
531
555
638
554
273
717
347
679
89
826
399
218
109
691
206
771
12
68
207
406
526
55
543
764
500
820
248
563
691
334
826
656
418
195
480
545
334
247
78
689
107
718
351
634
424
595
385
404
241
567
209
565
12
176
548
411
111
50
123
12
440
414
123
55
231
196
212
14
769
272
43
467
394
394
306
159
729
378
484
751
125
493
253
795
720
494
532
290
175
120
29
724
3
571
460
50
72
435
243
175
14
29
238
823
504
657
162
240
750
10
173
759
7
357
428
425
182
435
544
457
215
823
449
222
6
736
102
276
48
126
43
56
352
721
566
16
135
190
573
350
684
715
98
697
695
348
523
362
72
153
472
704
309
146
28
317
439
396
829
101
518
593
757
507
605
270
250
239
598
614
19
180
706
392
739
811
711
559
814
605
749
143
231
233
54
168
416
443
38
693
662
191
276
287
686
589
91
786
25
439
584
574
193
490
487
218
786
243
262
630
591
574
182
157
495
696
275
626
370
371
490
767
468
355
646
759
783
776
495
314
405
452
343
32
266
818
813
47
23
451
462
482
445
809
37
165
500
321
657
651
21
819
473
387
830
61
239
2
626
797
257
58
80
143
41
154
50
156
466
52
491
207
459
736
176
621
604
690
480
510
420
765
711
219
683
758
665
798
458
320
679
230
276
780
769
507
164
771
601
358
353
583
595
296
350
508
53
539
269
475
478
131
571
511
627
23
430
450
138
445
383
598
281
383
820
336
477
518
534
39
639
440
36
515
376
335
351
442
173
502
621
410
535
459
639
777
12
371
796
20
827
632
344
577
644
559
566
633
343
661
675
407
795
355
735
58
751
253
458
479
99
709
346
541
571
816
389
119
277
770
773
235
224
582
697
150
243
713
264
713
716
467
478
747
236
656
649
659
107
753
400
443
33
177
361
287
637
474
754
503
465
404
447
695
256
647
8
78
702
777
169
653
193
183
152
168
97
203
656
207
376
510
756
549
20
246
567
270
464
119
823
348
471
778
292
6
126
62
721
313
710
200
326
364
388
518
373
486
230
621
533
455
511
552
671
271
68
729
23
271
449
829
581
254
117
674
809
341
553
458
804
34
380
532
510
405
773
220
82
2
412
569
302
325
238
196
406
281
763
678
8
478
278
339
502
510
678
712
267
329
209
157
569
197
327
750
466
363
409
509
418
696
578
432
695
67
253
386
390
359
790
476
261
126
653
715
809
73
795
151
244
68
300
294
552
542
338
243
448
724
113
351
401
566
572
643
525
133
363
145
74
244
74
818
206
106
417
287
380
526
124
63
802
494
274
614
465
669
259
324
41
562
598
102
206
302
71
753
496
461
755
509
217
47
166
556
806
768
804
198
507
377
186
266
439
777
104
497
384
800
815
180
606
566
4
696
484
402
309
758
205
687
674
101
142
793
214
539
557
427
593
479
7
646
767
821
366
803
320
601
644
42
356
753
825
674
408
407
478
344
286
353
387
417
355
331
574
224
457
169
556
463
489
168
399
440
447
729
679
423
795
346
397
437
592
250
389
363
506
398
189
524
675
331
526
528
544
782
186
300
24
225
738
190
607
396
97
321
150
523
236
93
232
517
43
418
187
148
43
422
651
772
41
813
272
506
657
314
60
653
206
240
521
763
242
183
215
233
584
285
424
673
648
429
664
79
94
793
63
826
412
573
353
38
178
132
181
522
8
422
391
1
745
620
24
256
370
795
189
649
645
572
218
434
762
213
236
277
502
106
591
715
258
632
431
737
28
333
213
597
210
153
694
460
15
162
415
192
324
455
592
169
674
144
208
436
394
677
647
209
142
261
254
669
67
818
254
313
738
123
651
423
178
89
740
152
588
195
102
281
166
1
62
199
529
115
670
809
165
597
585
827
181
516
812
280
321
32
668
92
326
358
11
247
184
266
524
463
327
302
726
70
158
93
695
94
168
325
201
101
687
85
625
782
36
425
102
823
504
597
756
366
245
264
557
712
363
171
816
680
165
562
791
66
471
41
741
362
96
273
130
264
812
807
343
754
539
432
362
354
218
270
693
806
317
229
24
439
618
722
701
3
248
370
800
711
316
230
23
343
433
576
686
160
540
220
129
401
690
417
289
735
82
148
231
573
418
140
30
272
37
716
645
284
498
796
827
679
193
547
149
25
386
466
16
407
620
48
534
672
229
459
640
172
477
424
194
268
830
388
519
349
313
237
32
350
499
149
229
817
650
279
222
131
6
630
187
410
654
48
687
348
82
827
157
540
273
526
467
362
574
273
479
488
322
25
190
496
738
257
2
12
456
65
308
605
508
267
636
648
476
113
106
28
635
689
566
155
163
738
88
221
257
627
498
183
77
640
157
496
411
326
458
519
157
489
367
40
463
38
127
706
354
359
539
524
13
664
380
37
223
45
37
495
757
48
627
525
613
138
187
307
640
451
191
640
118
421
303
116
404
359
570
434
608
504
397
142
571
54
687
151
215
290
733
207
827
173
236
120
256
230
789
160
722
3
273
819
48
588
559
144
362
356
756
358
383
379
19
824
785
67
322
422
365
267
469
555
100
829
516
384
360
447
601
555
356
200
808
596
267
735
361
269
692
392
541
794
235
55
395
651
412
675
451
647
746
357
227
463
687
449
4
751
617
719
587
620
371
258
286
602
288
631
21
592
119
67
184
532
778
725
698
720
571
496
617
440
99
553
181
449
301
66
503
772
194
790
665
703
365
59
752
611
780
450
41
197
291
712
700
486
812
728
468
28
36
790
809
610
433
675
441
118
744
366
488
380
479
67
371
523
318
715
269
41
806
144
185
209
211
300
765
251
263
56
812
290
213
396
599
283
723
271
600
655
547
586
141
713
639
543
662
281
201
696
569
408
576
790
244
796
739
394
196
678
26
140
85
546
518
3
29
274
753
40
559
216
800
211
50
778
108
624
498
441
396
47
698
67
746
166
563
582
214
547
103
430
62
314
648
491
460
494
247
45
235
306
403
721
662
411
687
446
719
374
86
626
191
642
331
334
126
680
378
424
86
708
818
68
441
518
169
432
662
514
424
607
607
685
424
548
300
797
275
818
662
33
311
360
141
523
814
467
685
707
314
61
726
599
701
725
59
651
167
211
647
455
720
533
41
162
259
664
627
753
51
360
12
724
455
725
295
266
483
134
431
622
223
125
488
241
777
729
532
89
206
671
475
181
527
16
339
806
278
308
323
290
122
341
124
146
80
261
710
129
367
42
234
584
320
54
825
433
360
401
827
148
140
157
159
607
524
815
325
22
335
59
706
545
350
734
121
222
257
665
529
257
121
745
20
565
285
315
161
235
399
598
61
290
725
66
650
245
122
333
661
275
56
465
412
372
545
330
257
195
771
565
391
597
806
409
331
274
367
758
124
64
224
65
814
383
113
349
577
93
523
633
230
413
704
423
21
534
349
800
472
429
102
315
146
659
353
466
738
11
369
666
332
412
421
199
516
421
371
120
815
357
304
511
558
239
255
678
793
282
199
746
508
630
536
37
583
24
729
46
64
719
432
10
71
509
486
574
247
551
233
235
43
504
158
369
70
516
83
680
665
464
362
102
241
754
591
781
680
793
7
433
717
697
667
438
43
651
2
204
335
475
450
643
344
214
489
67
243
668
99
469
411
351
107
686
281
460
417
680
102
395
197
456
226
238
567
571
613
615
108
621
762
823
182
561
546
527
337
454
357
823
493
157
501
350
718
98
825
178
792
642
247
324
560
575
641
294
215
777
754
14
672
470
760
253
142
226
365
186
300
188
647
207
435
381
806
529
266
242
427
617
587
210
339
195
329
178
304
791
388
351
243
192
816
426
625
238
265
424
775
78
413
57
78
340
668
571
597
778
259
305
622
111
551
49
402
581
228
511
46
613
100
101
661
340
144
5
320
56
444
313
57
433
706
542
545
236
350
240
454
45
667
373
86
269
371
684
405
105
525
515
305
178
93
57
379
92
352
625
675
282
14
300
440
378
614
317
460
15
521
745
520
349
581
276
622
760
721
571
782
417
462
696
319
120
81
561
162
8
10
128
521
74
80
243
598
636
681
123
704
265
733
713
68
674
4
813
570
81
132
643
66
562
753
94
326
334
103
161
540
129
788
324
316
76
520
259
637
241
799
56
79
283
674
409
614
46
209
610
79
597
458
264
336
679
486
173
716
737
71
753
614
62
423
811
502
353
307
668
530
367
81
60
213
742
5
495
320
271
25
441
757
248
460
643
470
514
387
623
576
476
424
795
629
190
477
174
616
430
778
580
613
163
115
790
118
593
135
559
251
14
203
29
375
78
701
709
110
376
312
802
248
434
620
104
275
100
563
150
395
266
823
573
350
56
189
222
522
209
690
491
241
14
224
301
482
715
229
304
796
646
103
436
174
126
732
259
767
131
509
30
84
124
353
154
190
34
522
276
262
430
367
233
595
704
268
650
126
791
683
783
268
729
312
30
784
608
382
462
42
48
147
653
640
370
3
591
328
803
618
733
14
627
65
141
550
795
267
726
416
419
559
320
452
445
222
167
625
391
486
466
776
122
89
57
130
178
585
404
268
468
655
433
615
154
555
370
39
91
65
654
199
464
316
502
242
810
312
106
610
349
407
50
829
240
334
684
37
569
269
544
219
724
49
373
681
392
184
272
747
62
315
217
209
535
471
746
761
127
115
677
655
699
33
127
309
720
285
772
473
282
547
320
424
702
497
805
677
591
424
15
703
44
318
359
386
661
608
83
277
360
657
51
391
729
626
434
231
725
772
521
680
624
797
286
455
791
476
123
79
457
461
60
299
547
769
543
668
104
452
77
510
305
732
193
573
618
445
87
177
820
427
169
208
618
825
546
645
801
775
268
48
276
721
147
168
412
684
234
492
53
811
823
428
272
434
333
361
11
272
818
752
608
557
385
163
437
750
14
651
127
72
641
153
22
130
828
437
636
221
435
139
376
800
592
334
336
106
589
24
223
172
159
686
322
768
142
5
810
494
745
652
253
313
12
446
698
692
555
182
61
782
676
635
190
22
404
182
384
353
407
327
761
568
589
436
700
573
603
773
346
399
689
619
381
186
491
402
627
61
757
695
160
15
427
809
830
74
283
828
83
578
65
151
11
67
52
581
198
511
42
123
429
90
608
384
152
218
184
820
345
786
43
687
100
168
140
392
581
446
637
91
465
519
759
551
701
445
671
647
614
187
600
92
413
396
267
815
189
20
596
156
351
619
527
775
309
453
709
628
73
556
461
818
537
373
598
624
79
75
417
211
478
114
97
388
57
615
510
345
400
417
639
764
47
595
24
554
255
251
29
592
284
477
314
744
317
235
560
479
172
355
421
340
473
763
693
660
507
505
335
136
342
451
364
62
174
223
559
490
568
796
273
647
575
188
72
92
230
465
775
664
45
630
342
648
33
559
677
146
702
79
560
181
272
114
578
309
744
398
228
298
681
557
807
227
748
742
382
674
25
691
199
104
78
544
747
558
207
384
142
387
8
426
59
529
363
22
22
661
64
470
373
822
598
216
331
521
485
639
436
412
168
729
525
352
388
52
196
40
677
667
761
33
232
73
387
225
500
379
46
225
590
93
118
125
812
330
292
88
425
78
597
396
90
785
362
659
804
725
740
442
77
610
700
208
796
718
668
62
620
327
380
596
344
6
31
356
393
295
657
181
600
170
356
263
519
794
180
643
221
738
288
229
428
435
576
589
286
428
597
116
392
17
25
506
395
687
630
623
225
259
327
624
324
631
353
36
671
396
242
395
728
64
158
248
479
444
51
521
403
658
670
325
443
111
482
419
517
433
569
546
250
319
551
242
183
334
669
528
439
501
294
234
10
626
27
408
415
599
282
253
671
634
556
580
474
569
67
210
426
55
808
711
660
274
689
696
197
813
195
710
699
187
771
289
9
226
15
226
312
96
384
376
729
211
172
645
736
778
206
722
310
359
311
438
83
488
681
764
396
727
753
278
142
304
633
610
416
646
234
700
7
119
67
765
29
248
428
828
399
525
733
315
292
160
652
337
625
316
210
490
412
489
710
108
232
69
591
143
469
426
769
544
613
398
297
419
789
311
408
124
777
750
290
35
509
340
366
6
56
550
725
466
615
26
426
203
296
626
143
105
418
5
192
677
819
106
25
588
26
767
188
655
409
741
669
560
13
549
509
172
80
609
382
513
811
460
289
136
195
496
40
631
80
822
105
214
21
707
205
444
422
163
446
232
488
476
627
303
397
643
136
817
690
568
208
742
58
772
103
295
157
781
685
236
3
724
598
149
205
682
433
762
544
798
374
200
452
398
532
424
149
583
233
293
338
552
760
621
813
169
282
250
564
280
190
94
198
371
165
624
336
485
445
7
291
658
283
294
477
285
558
543
814
677
406
555
39
671
303
374
768
412
541
497
805
468
828
657
203
368
53
250
256
769
312
681
489
347
343
377
273
304
168
716
190
135
252
341
750
627
790
257
767
752
592
477
70
123
8
497
81
290
196
78
402
763
425
167
99
693
639
294
82
648
758
676
262
493
458
744
685
244
40
101
812
222
820
680
151
504
17
542
219
143
320
243
30
351
759
631
304
236
155
385
746
570
648
166
664
583
386
511
179
515
736
672
609
694
31
632
824
114
319
548
119
763
670
348
619
738
184
246
723
229
572
302
60
389
246
403
441
414
57
471
641
328
585
23
108
349
372
426
363
614
440
634
301
241
138
725
411
202
768
227
490
726
736
578
338
143
829
395
196
431
544
16
55
650
237
373
217
110
426
262
351
726
820
382
305
321
48
437
254
791
533
278
20
176
272
70
626
9
517
819
172
342
128
547
114
721
583
253
670
532
729
822
205
250
421
523
79
346
235
485
437
730
530
56
467
628
65
624
810
683
230
219
273
679
682
513
262
788
478
349
70
657
65
405
198
641
757
315
783
407
240
383
667
659
369
615
260
710
479
195
253
166
236
775
148
750
545
357
298
440
68
691
717
679
139
678
14
416
788
222
580
121
539
647
247
56
350
195
240
730
44
130
671
214
274
754
300
127
234
720
711
354
440
532
218
486
770
611
606
590
350
339
392
813
670
22
770
249
400
191
291
190
701
14
542
802
115
726
512
463
44
12
12
648
421
487
155
698
582
27
569
385
501
375
147
541
447
104
548
558
698
491
461
710
45
379
657
466
48
191
599
40
288
483
352
175
431
601
679
640
223
273
355
405
669
820
629
394
440
17
70
797
166
475
363
555
264
169
21
395
775
1
38
29
54
322
579
540
800
323
752
376
545
628
259
250
767
494
352
488
458
189
188
480
653
95
583
295
144
281
584
121
351
286
38
658
67
597
94
99
404
208
771
105
308
449
64
557
547
585
616
255
389
460
279
784
706
9
301
710
340
775
807
297
790
543
570
815
503
672
653
446
761
360
784
749
705
13
577
628
654
403
79
197
238
551
659
24
774
211
216
154
194
159
499
350
753
166
636
125
744
577
461
455
180
406
672
170
242
528
244
158
490
572
715
357
297
136
483
116
180
433
540
386
143
751
94
495
656
641
186
698
75
440
731
753
423
794
13
326
505
233
729
269
701
727
394
426
519
505
415
106
794
494
27
341
450
444
200
513
246
161
8
668
280
95
343
780
762
357
663
442
594
571
296
696
780
337
409
160
321
826
756
787
518
395
593
472
680
315
602
216
645
435
138
477
529
66
781
255
349
414
598
446
174
590
794
553
795
395
606
194
786
499
82
424
780
548
616
58
462
438
285
769
682
579
452
313
628
264
502
126
771
201
510
781
349
407
356
429
297
185
500
91
246
423
629
812
549
754
302
13
449
20
733
488
249
768
332
625
523
242
589
194
803
339
407
381
555
323
254
117
637
786
544
68
259
601
486
464
55
661
435
589
78
78
796
431
264
216
318
419
29
168
470
369
59
222
141
115
425
478
355
73
410
440
67
236
175
294
458
764
231
556
459
617
119
523
563
132
381
364
758
262
210
480
715
28
111
118
501
763
645
420
796
385
537
776
484
473
125
414
787
191
581
717
333
703
463
755
217
507
245
751
725
759
657
494
499
625
490
272
183
174
715
240
491
141
639
181
684
374
619
47
59
130
489
672
153
181
514
555
40
59
396
150
765
642
27
172
484
204
636
565
480
814
688
718
585
30
338
781
759
411
141
80
42
83
139
213
686
199
541
353
393
251
747
403
753
115
4
532
635
680
454
160
794
268
253
587
393
120
619
161
398
360
240
800
584
346
733
161
40
751
685
512
310
589
141
449
510
734
653
139
320
652
265
443
690
766
773
80
567
106
743
66
602
80
43
171
797
653
14
157
363
624
738
495
99
29
591
199
352
394
685
778
303
70
542
251
293
563
301
508
212
607
242
675
143
57
293
307
588
160
127
83
572
295
734
158
541
464
783
444
345
461
624
425
13
747
462
788
126
593
170
721
744
776
281
544
478
305
376
72
305
569
64
152
58
35
229
330
515
171
166
304
99
429
742
418
230
444
570
595
48
486
178
477
667
147
375
237
339
482
85
165
276
406
607
804
32
145
459
441
363
222
749
657
184
159
207
755
695
187
508
559
405
222
266
280
269
10
176
256
498
338
634
186
120
693
402
700
663
423
464
86
717
155
72
38
591
20
49
79
509
615
358
29
265
419
467
169
635
507
212
288
402
830
19
234
4
86
536
615
219
405
655
310
401
485
328
132
210
135
801
383
382
793
622
786
467
820
547
124
27
785
257
98
653
676
779
818
211
744
371
280
590
176
819
167
222
474
234
667
741
192
365
388
195
397
438
791
399
435
828
70
3
573
274
345
405
619
178
471
460
751
93
327
750
739
357
191
22
261
124
112
271
242
498
201
662
664
340
583
294
71
540
337
305
378
340
576
769
735
495
237
321
256
240
326
371
436
191
715
421
88
655
565
78
13
758
1
774
497
447
404
777
231
94
698
105
86
542
30
440
375
381
174
583
315
778
73
356
98
159
742
724
450
289
710
100
153
256
779
680
535
539
741
685
552
338
163
176
59
32
255
728
46
551
115
236
434
710
703
677
769
111
77
774
226
443
474
376
384
613
550
582
824
265
704
403
172
705
204
303
485
661
213
224
176
801
683
515
416
271
486
498
563
52
302
787
416
575
651
81
756
373
422
249
809
55
325
804
383
546
781
204
612
489
644
520
10
506
520
344
633
631
147
780
576
40
64
359
105
668
434
487
101
645
658
325
466
445
366
800
724
471
19
32
220
483
121
275
437
179
750
507
735
680
343
197
248
148
214
200
533
427
815
355
236
544
553
388
453
284
542
585
57
114
112
346
121
530
291
108
397
577
320
82
582
13
72
498
182
236
507
566
486
770
216
71
730
390
33
631
550
378
498
777
96
480
302
480
774
692
688
768
799
720
122
335
800
499
330
572
300
179
317
804
603
420
246
503
666
704
685
778
660
718
88
206
152
825
484
10
430
275
545
771
564
211
99
7
586
782
219
805
645
639
295
396
526
647
538
577
565
672
349
762
758
393
231
654
447
217
199
508
187
59
449
768
777
395
253
546
327
510
717
233
224
400
260
700
166
725
572
587
256
28
513
577
618
43
170
297
599
303
69
820
570
413
219
798
742
529
34
716
318
340
5
224
827
325
463
684
761
720
126
66
445
406
345
467
665
808
520
670
798
488
638
708
645
618
379
470
86
29
21
128
569
304
801
608
395
59
448
591
824
659
4
631
545
738
284
601
157
588
670
639
785
476
143
273
66
202
830
16
504
723
397
55
208
228
53
238
674
442
301
33
360
449
474
643
307
159
175
88
712
581
741
723
289
493
712
113
3
267
240
749
124
1
97
596
675
617
70
274
504
819
328
788
266
799
574
10
796
303
342
561
743
664
11
181
612
659
485
128
807
38
708
564
699
397
829
785
52
179
111
829
409
793
112
778
27
655
53
258
578
673
672
86
457
19
477
812
354
424
45
32
684
581
145
109
199
608
594
570
724
412
332
93
38
312
181
462
416
399
774
664
437
92
746
184
23
554
74
153
137
283
400
823
797
532
203
417
158
718
367
447
455
31
695
205
826
702
148
445
300
95
818
676
674
361
330
746
169
760
412
661
241
229
575
690
645
265
787
17
803
121
736
622
560
786
25
93
234
134
644
472
145
399
620
14
356
722
244
119
250
804
547
265
825
571
795
793
437
123
371
715
370
474
399
696
501
254
193
521
586
302
552
236
287
395
727
268
420
10
189
644
292
530
175
318
51
462
338
146
556
681
310
140
598
450
92
343
536
725
470
343
202
728
217
326
539
754
789
7
796
681
204
186
685
492
662
378
658
142
317
630
798
777
146
312
364
397
17
235
827
800
570
537
33
632
784
641
429
574
36
798
369
822
676
642
326
523
539
554
768
317
793
175
820
806
825
763
572
501
818
330
397
310
21
313
253
727
69
531
806
140
473
464
5
260
501
167
803
420
725
631
691
285
154
412
734
484
2
346
72
64
396
247
243
96
705
511
327
720
549
93
300
452
748
386
13
92
429
606
50
582
154
503
125
362
640
354
289
284
660
635
445
464
268
274
582
681
224
368
42
230
362
723
261
582
207
309
43
409
353
700
784
666
161
666
802
605
27
587
425
317
704
735
21
633
527
804
558
267
696
656
750
337
825
608
737
32
323
406
255
462
420
49
262
447
814
640
238
161
553
333
738
61
191
209
72
190
482
476
310
269
196
168
704
26
132
285
743
563
795
294
369
233
296
713
111
257
88
790
236
821
780
299
269
262
577
20
79
409
761
319
118
142
725
156
148
443
415
112
319
659
336
349
44
799
753
145
731
16
654
269
399
805
15
342
468
605
804
671
823
169
727
803
804
448
813
335
229
809
149
44
739
665
118
380
512
706
97
138
437
590
335
828
509
564
218
780
190
805
321
130
518
209
362
10
482
678
281
482
644
62
356
693
528
431
621
722
290
751
786
782
379
520
116
370
75
786
537
186
519
762
332
136
197
477
688
307
85
75
564
285
127
237
95
586
631
314
706
259
133
709
769
336
268
647
765
720
458
736
531
398
802
799
670
746
6
485
648
610
755
189
450
645
769
712
496
712
77
363
118
531
42
314
104
712
567
766
691
303
15
473
187
654
122
754
766
749
129
493
644
43
513
503
689
593
811
411
375
194
812
28
481
534
515
272
577
272
193
469
460
494
527
679
302
377
44
812
698
492
465
493
109
371
643
30
603
759
145
236
211
68
389
726
702
672
501
56
601
317
26
358
367
326
736
536
242
729
135
159
4
712
479
31
150
716
269
688
76
770
170
401
101
115
686
158
794
326
823
494
62
575
598
822
469
291
777
520
713
605
321
803
658
652
637
391
665
519
650
82
693
618
764
372
123
754
765
448
291
62
78
375
596
191
679
371
287
481
630
597
430
379
99
632
398
227
679
658
43
823
61
299
227
255
706
818
291
502
775
768
776
789
484
258
45
346
144
216
344
71
504
42
39
727
358
483
132
142
658
674
72
233
752
560
276
99
249
89
771
12
308
369
310
663
373
764
6
742
615
106
365
390
629
487
697
399
85
667
640
672
758
256
410
269
222
594
614
15
782
321
415
354
767
477
400
690
395
241
739
68
448
701
653
167
392
45
638
417
293
614
55
189
643
795
272
59
185
75
542
66
686
162
822
31
44
743
76
66
657
727
812
779
557
627
824
133
246
292
275
515
197
354
73
809
796
37
214
199
300
508
602
692
718
452
331
3
666
19
52
647
33
333
253
385
230
269
641
294
618
408
375
576
344
678
747
647
380
43
624
416
165
348
520
435
505
716
739
768
76
20
577
143
546
278
682
384
740
417
391
298
811
277
395
484
282
201
589
734
472
332
486
708
241
56
761
455
15
119
365
553
14
691
533
366
277
347
107
259
623
35
117
210
682
200
461
526
310
274
304
91
92
448
17
357
81
651
233
19
559
753
408
63
717
218
159
606
475
798
803
403
149
404
328
662
148
48
453
212
264
268
737
558
762
167
728
369
811
497
618
29
380
429
809
93
346
206
675
320
770
71
363
35
813
327
196
709
571
740
177
633
538
187
96
656
250
300
612
180
492
150
404
421
368
121
524
306
533
573
204
812
412
610
427
266
131
195
804
447
396
770
160
23
405
153
553
744
628
97
620
583
218
110
424
104
177
460
165
481
644
697
619
20
110
215
230
518
127
558
723
328
260
810
175
174
392
396
445
648
230
102
64
274
166
45
800
701
220
582
423
39
210
382
2
762
581
541
396
295
203
275
435
505
742
253
765
404
512
88
285
700
350
69
53
308
370
364
411
2
15
32
363
438
633
95
449
681
68
550
735
661
71
352
551
492
141
5
2
618
54
138
638
336
262
13
768
804
274
225
635
760
126
780
439
22
504
470
477
37
149
715
226
728
698
382
148
654
19
505
18
179
217
249
334
783
289
709
761
429
790
780
358
643
427
48
736
524
761
8
616
509
166
605
377
57
278
608
148
45
261
151
255
190
506
82
796
110
277
212
88
365
119
474
270
597
508
111
447
76
330
760
383
313
810
516
776
615
281
226
437
647
572
214
307
593
717
697
375
47
442
213
44
110
740
657
390
361
210
41
660
474
750
44
541
2
385
247
517
693
224
356
91
505
659
106
479
69
731
277
655
209
523
479
1
565
79
689
6
253
439
425
455
202
197
587
216
611
604
660
694
264
285
156
7
190
595
204
27
570
261
584
418
441
411
270
35
220
93
476
457
261
564
786
745
354
80
525
64
587
16
827
62
91
645
453
97
87
488
739
334
114
360
699
51
566
645
748
388
212
586
385
691
276
559
206
413
229
803
77
783
261
314
459
830
33
382
696
782
715
440
333
479
28
690
156
335
733
346
326
363
638
177
530
259
585
818
4
655
661
762
471
88
157
394
718
583
613
180
746
497
336
680
630
538
31
604
477
656
820
61
455
211
76
377
715
383
82
755
340
789
241
546
606
525
163
642
740
358
366
735
770
61
225
54
54
301
813
98
300
420
355
5
827
821
687
770
148
123
59
173
467
508
758
91
553
457
754
638
223
496
317
103
79
788
494
473
165
343
205
317
272
468
418
760
50
487
338
199
316
241
664
34
154
681
755
366
619
723
592
266
213
670
287
772
291
668
553
533
752
817
419
214
469
5
391
264
610
450
671
476
778
476
571
588
470
721
254
438
78
756
814
789
420
7
704
39
24
13
537
602
172
313
241
707
482
344
234
121
761
815
790
53
339
566
74
164
633
216
203
152
796
12
116
21
708
328
109
706
826
364
300
191
796
374
795
505
198
708
763
164
512
512
2
508
432
41
687
151
210
283
743
439
424
40
323
613
44
409
764
688
410
627
325
587
622
516
465
369
146
82
588
807
145
644
226
268
420
821
627
257
26
675
529
527
424
160
759
391
181
184
176
342
274
12
455
671
328
52
68
289
795
428
162
507
129
449
376
43
585
299
739
229
725
352
821
423
112
529
541
339
644
370
10
668
759
322
775
478
761
2
176
811
785
190
612
377
217
725
804
348
325
4
441
783
488
478
198
153
110
810
502
536
198
474
158
41
233
334
479
589
5
191
423
714
212
18
254
439
637
407
50
618
226
473
227
543
456
100
575
279
759
587
308
157
820
272
811
74
82
603
24
278
115
670
435
429
420
274
657
541
614
340
378
643
704
745
248
669
650
32
364
789
67
664
642
414
535
815
489
270
189
131
668
353
350
205
324
63
751
192
581
718
294
643
79
140
592
469
151
448
463
633
623
175
144
569
568
84
662
283
460
356
381
573
339
364
475
34
773
488
158
125
607
465
495
770
39
230
440
530
218
54
629
644
166
528
572
127
519
318
551
384
383
763
375
28
479
399
450
404
357
460
103
436
15
591
309
414
555
266
383
802
397
217
569
346
805
341
724
621
393
790
59
206
563
799
801
533
377
389
751
6
408
597
126
465
636
748
487
668
390
814
669
193
95
448
36
407
692
496
369
309
742
624
549
378
292
395
747
241
449
460
427
738
791
641
191
482
568
113
70
426
325
336
637
582
816
179
279
233
367
297
42
542
518
213
680
473
321
648
287
153
175
468
600
304
219
57
169
472
609
369
599
86
134
561
735
672
396
797
515
497
733
691
770
23
458
300
268
794
95
680
131
459
431
67
90
298
741
550
546
331
253
622
669
245
571
361
496
785
616
532
610
524
687
617
255
740
199
71
57
468
163
296
795
740
50
69
416
418
576
394
52
548
792
293
582
720
647
172
41
766
728
191
17
768
39
527
605
138
499
684
452
424
386
92
320
511
261
14
384
559
607
515
422
176
554
561
43
588
666
222
285
350
230
213
419
536
475
258
343
56
413
656
486
62
75
758
162
536
420
689
304
584
359
736
717
308
325
66
198
772
647
826
348
603
748
184
387
309
674
533
500
494
537
669
341
160
41
315
526
349
708
385
585
190
399
652
41
550
745
114
171
705
373
558
42
692
696
281
228
815
355
795
813
160
429
741
364
92
431
374
49
706
575
241
632
645
555
273
501
434
9
793
537
273
786
96
351
27
505
211
30
450
635
328
482
428
760
22
244
530
533
243
319
826
400
761
145
111
158
632
229
469
700
1
545
586
600
21
414
801
93
685
278
613
521
261
206
322
517
364
677
716
314
221
337
318
154
735
80
633
431
695
237
691
694
305
579
537
593
828
74
359
597
648
457
379
660
246
486
45
491
7
438
57
378
635
83
246
179
24
597
694
484
638
714
823
124
295
107
500
316
813
76
657
724
468
345
626
515
126
154
499
657
536
258
111
807
394
639
389
595
585
43
500
407
251
446
479
570
199
261
489
409
523
536
99
132
799
88
245
628
815
473
680
623
416
629
271
315
70
656
159
368
109
292
529
46
333
607
15
685
275
261
668
675
316
447
826
355
284
462
493
717
321
134
115
754
796
708
346
344
379
30
770
581
72
295
69
624
67
678
745
760
172
350
766
634
789
38
451
345
552
809
320
371
535
808
239
668
311
101
351
608
286
37
303
182
101
814
418
314
491
269
774
125
525
52
9
404
760
378
748
563
112
686
327
496
27
467
746
198
714
412
99
710
21
278
664
645
475
675
169
470
374
161
123
724
566
627
656
187
298
137
112
104
728
243
431
692
625
308
1
476
307
30
247
201
458
460
654
830
443
39
397
413
524
141
70
521
359
20
256
512
503
146
783
422
79
752
14
794
632
351
577
29
282
554
262
45
132
395
621
584
693
807
32
290
5
297
418
469
125
611
562
635
726
30
246
449
143
59
144
664
65
547
589
563
87
416
690
411
174
147
581
778
346
677
589
723
490
197
230
303
72
42
763
684
233
661
505
408
811
687
37
593
313
615
554
798
458
528
606
273
815
771
652
780
38
359
528
578
373
402
680
477
295
218
116
410
585
254
581
218
154
49
596
655
806
826
531
426
463
139
538
316
690
396
201
744
684
212
10
487
830
58
405
764
520
697
593
658
453
261
316
709
454
260
388
140
303
728
68
118
539
711
583
47
156
191
347
475
111
513
796
352
475
195
685
42
42
22
813
740
133
582
679
222
696
125
371
16
547
585
213
546
348
655
774
802
255
443
658
395
489
280
413
685
322
14
446
375
354
395
770
782
194
305
760
758
167
83
617
101
211
392
197
513
482
12
200
306
115
677
158
826
627
619
600
57
361
2
369
709
653
235
74
381
680
571
328
756
120
247
809
229
652
137
587
342
573
721
35
465
227
458
685
635
771
754
348
416
248
45
628
27
830
632
674
292
586
723
819
257
179
700
63
122
15
144
551
410
135
405
172
798
34
190
479
630
793
612
326
507
432
176
704
268
350
154
297
776
166
812
342
95
705
360
506
826
411
673
64
829
755
471
397
42
188
519
576
345
134
558
380
765
530
813
159
400
759
194
319
820
181
371
454
101
374
142
135
152
510
786
803
105
564
721
225
566
783
510
570
811
409
717
208
502
167
403
233
512
448
81
575
699
103
826
245
468
550
654
274
216
802
383
754
190
486
425
818
103
771
730
781
74
597
480
516
787
448
309
551
379
751
579
351
498
183
45
816
368
443
534
286
619
91
639
389
298
728
186
156
217
325
394
358
217
108
252
746
269
521
783
638
564
649
196
675
694
55
311
623
561
119
585
564
514
576
627
668
559
63
636
526
564
372
324
317
562
230
552
252
160
201
692
517
490
400
50
757
193
154
185
749
320
530
51
536
742
349
682
63
409
782
765
24
320
635
278
542
430
291
539
244
788
782
416
561
776
284
550
626
566
590
413
382
491
222
775
541
536
52
573
173
477
590
489
142
166
12
632
187
736
560
153
36
200
332
535
202
828
380
208
685
145
2
664
334
314
690
473
803
222
485
260
56
616
522
462
498
499
735
232
348
603
229
767
429
496
32
525
610
797
580
641
334
404
399
169
787
410
677
528
153
423
132
100
464
559
595
612
336
445
305
530
418
436
536
581
304
668
367
24
777
538
799
590
325
615
817
615
438
589
190
128
709
715
118
607
735
620
92
745
328
391
287
216
413
227
440
85
612
672
99
557
215
22
286
648
92
669
16
809
575
199
24
516
3
313
736
70
253
643
274
688
205
633
571
517
483
783
679
393
446
322
484
148
596
377
509
416
339
514
665
460
625
562
680
555
14
49
184
668
730
67
651
488
158
235
790
476
535
332
742
528
523
108
793
291
577
321
723
199
558
242
15
432
452
683
128
279
498
564
829
819
766
226
606
740
20
514
430
757
223
113
190
183
681
256
547
526
56
608
756
723
428
693
69
734
377
608
66
242
80
701
519
701
356
173
19
817
744
97
637
145
433
119
250
92
156
104
737
235
16
760
758
437
679
545
271
369
293
236
748
410
358
448
401
367
528
179
168
518
599
677
688
218
565
47
643
70
98
607
269
438
104
495
599
192
78
303
684
626
393
163
103
469
411
151
709
293
382
310
621
781
579
666
579
322
540
452
366
510
703
106
419
118
146
216
79
367
774
700
682
229
45
8
602
487
15
304
573
287
512
328
324
469
202
676
648
50
78
308
446
333
3
493
783
293
290
352
705
687
753
482
334
137
641
587
303
36
27
253
403
146
578
625
603
523
134
725
572
510
430
629
212
23
6
328
271
652
90
281
341
745
358
154
256
578
368
392
666
702
372
190
85
39
788
767
745
702
765
341
248
818
398
440
329
516
219
626
341
390
809
247
423
183
230
648
585
470
123
177
826
651
206
27
471
37
651
54
389
149
267
598
507
679
449
621
416
46
521
301
214
516
756
748
383
377
392
338
798
506
401
468
124
588
484
546
625
64
805
458
74
489
485
688
321
288
441
103
408
578
24
450
274
497
626
447
419
473
278
426
732
636
321
491
507
522
715
272
113
87
719
700
267
193
433
478
724
702
101
538
770
525
632
529
420
686
129
17
342
482
756
297
397
41
738
32
383
253
436
611
674
221
446
715
397
814
110
207
58
428
630
69
505
364
189
299
213
814
742
514
461
761
241
255
760
584
149
562
172
356
94
15
709
303
204
611
829
27
714
775
586
41
99
203
555
17
489
176
634
728
159
706
572
129
492
132
633
411
731
430
547
611
551
725
563
560
166
129
113
663
120
353
295
309
753
651
462
134
800
823
383
661
345
707
674
285
631
174
179
532
292
654
525
416
421
722
140
716
573
508
659
797
210
372
723
158
816
266
284
167
202
751
143
285
696
308
505
805
119
474
760
101
261
633
28
549
528
448
269
103
578
219
113
413
366
327
345
118
581
559
121
584
347
718
362
546
220
199
220
356
487
308
812
497
78
500
230
484
420
332
288
313
248
504
369
790
70
167
779
430
688
360
518
413
627
782
644
830
813
35
514
89
578
550
235
474
292
664
821
267
451
240
422
248
32
329
285
445
125
282
553
558
785
423
397
640
12
319
312
596
311
395
750
68
181
182
658
131
788
714
653
252
468
374
113
369
441
729
294
710
802
202
645
670
462
692
669
462
308
110
148
17
102
302
771
519
81
818
155
367
39
595
175
120
424
783
765
799
114
603
253
151
411
607
138
725
68
40
795
818
73
565
803
712
292
484
587
65
657
427
40
715
765
105
342
132
514
488
644
474
819
424
94
46
758
527
469
422
492
176
511
611
288
107
819
313
600
521
285
326
213
92
485
256
268
196
351
557
24
691
744
749
63
443
392
20
109
329
819
119
18
136
633
504
490
42
634
166
574
687
683
727
196
336
114
401
49
470
452
293
576
62
365
583
716
457
472
215
803
580
537
608
373
313
164
783
796
828
105
571
706
618
4
226
479
371
368
312
37
459
299
800
32
350
574
587
210
418
816
372
498
709
245
219
792
45
31
808
82
462
370
374
42
375
250
758
589
708
789
450
521
206
808
88
368
213
471
495
200
542
504
739
774
604
127
272
5
35
678
409
268
180
330
617
292
468
266
651
111
709
775
770
622
636
106
147
30
786
289
332
513
499
189
788
624
391
591
103
605
540
591
266
11
382
599
739
409
208
493
571
791
386
596
594
427
275
7
540
778
143
441
427
536
124
638
79
716
426
687
340
608
96
407
457
820
520
38
815
674
320
30
348
41
658
131
521
635
540
462
216
168
55
674
491
390
577
246
297
178
666
33
274
143
735
541
55
269
623
360
366
160
51
341
566
769
575
415
46
679
668
38
54
206
602
572
764
298
563
441
303
406
309
618
283
115
658
644
316
626
325
816
753
721
443
446
281
639
508
681
299
76
359
330
808
534
599
791
584
627
750
577
598
368
632
718
95
310
450
353
294
318
198
355
121
43
413
559
18
704
155
561
686
19
238
709
744
31
115
568
197
438
715
63
230
78
735
133
409
308
192
468
29
192
7
431
220
735
656
434
95
351
354
419
103
705
427
828
468
569
458
561
190
730
465
640
90
513
186
426
122
659
491
124
338
181
575
169
735
332
425
704
542
144
498
391
10
773
671
311
415
168
344
697
797
498
50
50
320
817
471
174
501
102
650
4
340
208
761
282
65
530
21
217
183
182
415
791
197
359
442
245
709
686
327
802
148
665
809
309
278
334
202
694
451
270
427
367
753
363
607
657
829
161
398
431
140
318
628
404
569
14
282
103
299
539
768
618
556
619
244
151
282
523
244
200
216
810
732
603
48
483
161
267
295
582
257
230
41
76
293
234
349
218
812
402
358
271
107
445
565
798
137
363
343
815
127
221
493
40
640
685
515
311
717
32
289
476
724
755
436
32
375
595
501
27
348
441
675
32
71
344
117
89
633
752
807
112
9
813
349
767
375
343
340
172
127
183
262
273
164
467
586
239
192
715
708
202
105
490
272
612
418
566
22
619
446
18
64
799
448
559
715
251
518
479
457
544
354
798
500
790
550
322
628
585
401
700
464
280
492
216
628
204
705
598
227
228
269
383
326
336
446
551
99
106
385
327
276
546
549
359
611
455
532
432
532
432
739
765
757
662
21
563
185
744
193
295
594
504
140
361
295
150
766
746
389
675
59
217
381
396
674
500
642
333
504
500
703
360
279
129
569
319
316
20
299
288
284
521
508
560
142
646
484
264
527
668
394
784
286
610
168
809
253
558
518
33
64
642
218
412
380
30
745
818
453
730
460
797
678
52
665
254
552
125
672
734
546
125
649
396
164
293
618
505
274
392
128
269
322
813
221
253
436
375
186
468
684
535
361
76
130
754
14
471
2
799
637
400
76
90
829
190
639
465
238
793
800
349
368
65
390
230
86
178
621
636
819
210
76
189
280
704
46
26
365
672
146
183
575
153
769
637
485
743
372
104
735
194
253
361
250
619
366
302
173
336
637
501
407
441
248
236
567
162
301
763
769
817
267
558
415
286
498
420
593
785
230
733
726
59
726
691
788
619
364
466
403
309
307
141
725
6
139
535
806
183
500
407
380
829
427
645
27
342
673
326
7
43
343
783
328
228
144
548
756
446
225
582
616
754
370
179
667
429
293
181
104
762
345
766
450
785
52
133
21
356
545
268
226
533
185
194
215
120
203
769
130
798
598
633
506
528
292
766
357
328
503
88
83
105
187
17
27
338
822
410
540
233
654
363
543
1
186
765
459
109
8
804
482
533
320
495
351
422
606
327
522
810
560
167
596
24
557
255
287
312
152
281
524
116
500
201
626
329
111
504
89
383
418
403
532
783
160
750
189
726
609
249
451
585
571
150
553
352
432
341
224
405
663
151
588
490
402
636
684
242
775
112
58
717
707
274
317
52
83
315
109
635
820
741
477
793
242
360
478
402
252
424
128
62
611
572
599
334
567
171
666
627
120
657
646
5
195
295
796
66
129
426
120
561
431
100
503
139
15
373
57
255
25
535
175
611
826
469
346
499
86
153
13
377
621
251
82
715
131
176
690
617
238
337
782
168
52
16
67
712
513
517
822
795
454
358
578
313
44
375
691
342
711
245
687
161
643
499
257
2
239
806
8
437
503
792
425
334
718
598
775
355
217
493
292
308
604
3
274
17
554
37
538
504
155
444
166
652
640
570
827
300
623
102
405
639
667
488
448
70
679
813
516
244
573
289
416
106
775
264
175
298
779
281
159
354
228
368
535
378
761
580
343
596
740
736
412
241
188
801
16
408
745
822
385
359
64
638
1
99
683
409
275
17
251
285
517
311
637
55
479
727
730
257
277
523
151
477
488
363
75
389
163
602
396
653
321
317
358
170
722
569
5
163
403
665
728
284
736
337
42
253
132
128
498
165
171
139
639
1
727
127
115
386
170
687
102
665
156
206
784
277
417
539
291
598
284
319
282
399
196
642
699
491
289
491
304
268
477
108
645
32
128
667
289
824
384
477
638
677
732
470
649
142
454
619
777
224
568
551
827
627
578
478
72
761
601
466
126
413
102
47
104
634
487
638
804
229
10
193
304
766
187
373
597
625
336
360
128
238
128
299
503
614
378
123
339
239
239
517
169
623
829
295
558
113
313
309
605
804
627
515
600
679
488
345
391
151
780
210
458
30
295
616
249
750
418
671
639
764
707
190
764
526
303
56
51
717
650
722
114
145
555
681
791
616
796
767
566
796
593
435
305
711
355
148
13
568
396
693
302
35
556
379
565
279
735
505
490
97
227
696
51
500
555
57
596
516
152
115
44
749
280
282
193
823
56
826
111
255
723
99
788
52
760
708
408
816
68
622
701
203
711
450
362
606
761
713
38
389
718
714
96
668
109
187
563
54
144
203
326
142
182
45
314
457
167
30
354
272
23
771
598
589
719
293
254
114
800
154
260
177
419
8
665
449
567
198
256
104
80
638
245
203
526
693
483
739
625
249
798
299
143
427
262
478
830
571
306
431
824
135
524
346
505
22
536
824
479
200
517
623
230
621
49
257
445
351
264
760
623
670
503
61
382
140
365
252
369
231
742
643
145
506
46
312
458
424
619
422
197
285
110
476
36
664
573
231
717
206
182
380
222
502
642
243
289
411
575
470
377
799
267
408
328
381
327
624
97
534
321
592
455
825
643
541
122
827
397
88
448
763
659
140
653
53
282
784
423
257
66
796
135
671
819
611
616
59
96
110
656
507
599
562
506
826
253
553
730
391
126
641
427
398
445
285
158
184
174
458
679
270
260
637
679
644
594
386
452
359
228
446
450
336
373
781
643
249
210
219
622
589
823
169
518
311
466
249
607
761
527
205
817
192
723
302
703
420
125
549
586
499
355
32
325
632
69
33
114
405
763
97
57
444
280
626
784
491
363
822
403
201
362
214
112
619
812
175
601
124
203
599
694
169
596
354
149
462
400
229
1
161
352
471
651
390
204
190
250
441
765
30
77
513
757
734
51
565
302
379
331
318
802
540
621
515
718
387
630
444
218
21
232
111
626
324
731
816
23
633
130
315
338
41
427
813
292
822
707
768
332
707
444
329
397
343
235
734
62
195
367
353
387
135
710
614
738
594
526
562
785
179
706
513
200
67
696
328
25
529
340
443
507
669
224
25
445
441
509
821
728
527
137
385
439
503
173
632
825
131
365
593
244
631
161
407
344
194
374
439
208
299
204
262
233
417
326
581
710
412
624
303
333
272
537
2
316
129
341
285
364
459
117
191
343
659
375
433
584
203
225
74
160
73
730
320
632
669
768
744
171
348
128
559
708
561
670
339
662
294
826
528
598
694
315
363
462
400
470
526
789
171
191
569
629
358
401
786
24
299
326
489
304
485
516
294
439
721
579
671
213
818
805
522
434
403
653
232
735
191
509
276
413
277
265
172
162
84
335
403
326
518
625
387
543
629
22
820
353
813
474
731
296
258
522
821
57
57
651
49
715
228
630
465
515
267
563
474
674
414
290
229
676
247
170
186
629
807
51
340
187
78
619
598
581
478
478
431
205
455
584
472
411
719
122
23
505
113
401
79
567
69
764
407
737
216
655
288
778
403
640
610
242
277
368
356
709
626
468
185
122
606
821
119
632
480
573
645
142
423
824
623
664
438
368
697
11
547
498
532
474
348
444
719
768
268
678
796
139
233
264
489
477
645
810
457
274
243
785
44
596
77
393
799
170
713
64
312
35
536
591
797
793
626
179
341
51
570
218
644
540
548
771
612
784
46
555
513
649
375
824
267
463
608
13
410
576
237
319
50
48
746
650
210
402
499
93
10
205
662
696
748
709
422
112
658
197
587
653
580
6
522
743
722
741
184
242
338
433
253
719
360
712
500
280
151
729
245
206
308
637
55
417
131
316
396
175
738
819
520
8
233
71
142
789
135
8
373
438
638
136
545
327
394
752
332
693
89
206
162
473
9
95
2
596
175
616
350
13
90
138
812
684
318
261
623
680
90
117
723
18
10
558
749
673
726
585
289
250
788
143
400
525
570
315
562
178
613
277
209
646
619
434
777
339
673
762
356
178
335
650
493
618
551
580
420
793
609
258
724
497
788
63
448
725
625
184
595
341
589
389
234
407
410
349
602
815
727
156
760
173
13
757
400
358
182
634
577
39
225
396
325
622
363
625
441
466
758
514
674
650
559
4
173
260
103
299
560
15
765
704
213
578
349
493
810
85
110
368
28
756
199
306
783
805
718
607
416
136
505
593
417
788
232
640
88
740
311
266
452
699
240
639
399
487
812
615
359
133
146
365
509
691
401
704
374
104
358
388
401
331
274
151
453
389
282
725
11
604
521
740
400
583
623
504
718
707
573
679
191
607
203
629
117
12
597
506
716
730
40
608
720
645
261
91
502
314
416
651
472
276
631
587
702
570
39
291
320
67
457
755
121
304
790
615
201
567
413
74
197
530
525
103
76
483
93
132
329
260
534
532
283
65
624
726
234
718
378
348
648
56
70
235
701
822
313
727
576
47
203
730
443
719
662
184
783
263
504
636
745
366
303
206
544
517
541
276
414
443
531
342
677
523
166
4
474
790
532
166
394
448
282
606
428
278
255
50
328
411
493
148
378
572
160
278
761
90
376
693
107
300
307
726
146
113
492
46
481
318
470
443
650
234
664
241
638
682
726
703
497
316
559
488
527
268
258
28
462
502
605
794
329
185
249
538
294
656
227
790
814
527
637
503
267
443
789
653
21
495
353
109
325
219
289
380
622
273
90
161
315
532
796
824
731
170
54
184
479
62
319
404
562
444
91
543
633
184
24
405
159
494
323
211
22
153
295
801
209
519
700
629
87
128
101
125
475
492
41
202
2
223
139
686
262
151
687
221
754
456
150
587
244
738
723
92
590
38
310
439
65
627
500
291
791
514
562
649
70
714
452
741
651
685
534
307
59
94
756
194
414
36
335
734
667
61
684
181
100
692
247
818
552
530
614
62
734
314
207
12
91
669
16
806
779
771
572
535
756
608
164
243
345
587
60
823
259
110
132
87
801
670
633
355
786
257
508
346
587
665
199
32
404
785
10
790
307
65
315
127
249
278
325
316
357
691
106
204
340
779
39
601
252
47
357
115
812
501
185
281
131
23
247
788
741
181
828
80
19
466
446
702
793
716
402
455
595
48
265
631
638
208
522
521
706
732
88
69
559
349
454
10
713
118
601
520
417
259
228
559
387
558
370
702
495
670
341
423
809
83
45
443
460
386
276
720
671
67
330
739
490
271
753
58
673
37
499
330
95
413
38
163
726
681
796
592
823
497
126
513
442
653
607
694
800
811
339
586
704
101
727
3
644
491
321
564
404
236
466
506
437
362
29
438
714
748
107
654
419
190
31
253
732
323
700
129
217
504
54
809
774
625
591
133
330
516
486
742
314
634
721
426
400
412
776
17
367
185
56
302
86
116
155
306
555
722
20
411
816
417
371
787
699
171
705
218
638
254
92
312
380
613
645
713
830
769
303
765
12
764
183
379
155
243
516
625
325
555
255
376
288
376
816
355
106
811
313
262
188
816
377
756
92
645
699
684
14
344
650
743
339
85
201
271
463
400
480
752
63
752
405
796
701
598
89
187
200
742
343
454
122
185
675
426
24
777
219
766
527
137
482
588
498
34
769
570
139
133
418
321
263
6
541
106
801
157
635
471
578
214
635
125
537
309
724
802
281
89
739
607
234
167
677
783
569
566
132
257
324
136
623
365
757
553
322
293
805
8
433
573
726
431
148
537
667
408
461
649
460
206
70
232
568
483
771
574
463
588
23
60
180
599
299
727
666
228
594
301
581
85
472
622
733
39
195
583
298
584
634
134
767
766
220
823
809
590
58
275
799
386
576
7
130
625
195
212
532
462
779
612
244
45
669
21
286
38
293
394
743
322
553
592
268
735
641
751
54
321
708
8
160
327
754
611
432
432
330
753
479
503
91
407
737
147
195
304
452
137
190
663
572
773
329
200
797
131
344
231
442
638
211
401
320
101
436
325
13
434
483
286
551
380
65
58
521
219
632
645
559
270
231
829
777
648
818
586
71
91
286
479
452
356
792
814
449
784
543
531
356
114
550
49
786
635
535
22
435
81
793
468
325
211
466
44
127
1
559
665
530
786
396
240
231
181
192
247
448
262
723
557
561
767
86
319
204
104
662
592
761
381
659
566
362
489
89
161
766
472
83
43
773
470
16
748
192
582
301
108
309
610
6
315
246
65
306
462
691
142
515
479
32
254
822
98
241
7
722
663
4
607
187
41
752
439
750
578
531
768
9
369
719
61
100
748
203
316
609
630
632
373
352
392
344
316
766
578
321
2
23
610
112
374
602
818
438
190
581
516
157
525
234
39
411
198
395
669
305
184
577
279
384
660
138
352
31
442
46
564
168
176
537
256
571
504
220
527
663
425
502
602
702
428
632
456
55
325
544
644
159
590
175
41
757
240
35
828
466
648
74
464
65
347
650
463
743
8
511
282
396
168
353
557
18
596
341
634
217
799
708
260
128
544
256
363
540
556
99
620
527
678
426
490
190
92
402
524
546
112
411
517
37
799
626
368
335
521
814
388
608
187
545
426
277
354
314
117
615
481
169
467
812
178
664
383
776
649
365
115
680
17
264
730
63
434
521
429
75
536
658
635
362
773
13
209
418
479
88
812
618
98
328
456
168
453
745
298
113
35
672
90
695
534
479
546
616
622
34
437
438
556
789
826
125
255
104
594
310
785
269
711
354
480
439
189
3
21
126
376
430
699
122
93
167
517
280
593
386
648
200
689
292
422
523
622
400
540
623
157
799
126
573
587
108
128
828
657
725
433
452
110
8
359
449
747
802
19
133
176
526
640
522
556
600
472
597
277
545
546
641
567
680
269
38
431
29
356
67
282
506
167
689
440
700
297
223
553
312
773
697
508
741
803
471
507
351
500
464
576
724
363
677
210
625
319
271
349
505
576
515
600
138
53
659
814
192
17
470
166
375
335
192
386
170
98
8
18
344
545
281
618
686
104
320
553
488
780
352
55
4
123
89
31
702
289
635
345
383
589
770
459
676
598
801
457
679
588
422
62
181
592
323
177
35
740
659
551
638
573
245
448
182
744
661
506
728
716
52
602
395
301
732
469
510
399
157
229
381
18
414
34
122
42
305
807
84
726
316
138
601
546
308
727
63
423
636
739
155
530
763
631
674
33
136
614
150
762
431
7
748
509
390
287
652
308
273
810
442
510
821
579
560
639
801
68
500
568
302
270
154
658
404
536
683
781
235
591
222
503
473
523
357
816
797
108
233
426
203
76
412
414
573
270
31
291
105
112
633
542
368
811
124
585
12
203
81
481
100
76
252
372
207
660
438
755
575
513
595
333
386
193
146
168
576
539
426
185
64
85
81
222
820
183
126
639
196
784
104
738
52
149
653
610
189
256
339
391
148
353
471
48
210
183
409
95
138
26
552
827
707
557
227
97
540
721
586
784
41
80
58
602
262
138
624
243
465
693
213
445
170
485
146
409
560
741
258
792
445
685
58
528
230
766
760
108
707
669
804
9
281
450
726
306
786
423
461
496
654
101
462
537
126
484
208
193
245
685
379
755
755
28
477
824
56
196
706
508
487
172
620
674
694
704
219
437
280
263
359
549
722
294
507
407
564
128
345
730
493
279
712
520
538
788
693
821
508
555
565
551
46
674
80
434
112
197
27
17
799
642
556
393
58
327
432
538
799
214
220
645
658
29
589
519
128
156
165
750
784
480
194
455
792
48
142
739
801
441
421
151
34
722
82
616
674
367
499
672
309
124
760
655
507
680
442
265
162
200
71
806
668
37
272
572
191
626
103
112
388
483
619
298
335
516
692
804
465
41
734
538
523
668
358
274
434
235
632
186
416
319
410
188
450
763
421
535
547
789
168
89
586
267
373
227
34
256
214
333
735
433
111
642
679
741
190
780
741
23
249
358
248
468
687
321
143
631
500
645
302
695
660
332
610
336
142
293
221
810
754
630
268
523
603
81
558
231
612
485
283
3
449
232
589
536
189
299
231
469
720
233
608
522
693
99
12
792
713
443
781
455
678
453
290
292
305
380
122
144
63
525
27
357
50
119
77
95
127
241
118
645
745
483
473
581
773
375
668
759
780
196
341
780
232
505
450
484
397
243
433
410
664
571
631
174
503
485
291
715
471
793
557
387
662
335
522
458
761
532
269
280
340
758
544
437
643
220
802
608
656
762
677
697
183
599
827
164
238
485
725
25
101
614
72
240
162
216
407
97
821
83
652
733
9
387
220
215
695
203
301
391
578
93
232
758
544
320
538
760
537
365
440
820
201
524
684
583
241
626
32
206
68
539
293
681
676
214
28
288
72
805
17
63
827
234
416
809
280
267
473
537
316
798
71
451
316
153
73
595
688
504
719
557
270
494
697
414
277
387
811
391
183
830
579
220
158
823
815
90
816
644
774
111
775
299
546
569
367
461
26
212
694
814
818
52
508
13
363
1
498
717
377
132
578
536
335
142
580
298
517
244
636
474
285
402
324
141
312
592
659
307
310
270
513
198
371
743
754
791
94
547
242
107
595
381
534
457
552
518
684
622
186
125
660
86
434
198
394
398
128
661
707
750
615
818
121
585
199
251
426
130
351
579
113
237
730
759
85
382
262
380
26
745
284
800
543
158
668
304
661
787
119
420
351
621
180
265
135
827
333
495
480
52
320
623
633
514
404
316
223
813
346
116
554
367
257
395
239
619
814
406
658
438
118
244
301
183
495
136
540
236
459
197
707
147
507
415
200
573
111
513
99
228
605
293
649
658
276
521
787
626
378
38
632
472
381
19
448
810
248
709
575
721
87
351
313
336
438
716
426
288
33
197
730
348
798
667
94
167
368
724
369
202
192
534
433
330
770
277
239
469
636
455
192
159
287
84
738
674
99
570
755
671
54
48
598
682
336
192
266
361
657
709
232
555
803
737
39
573
322
60
711
249
113
261
283
767
185
117
819
307
215
258
762
280
107
215
466
261
451
372
259
570
130
358
378
168
590
770
221
553
6
378
585
126
784
649
766
363
406
380
432
298
144
14
1
592
687
460
218
370
390
619
356
708
66
432
730
697
573
247
552
425
724
638
94
550
256
267
709
67
51
553
39
374
539
72
208
625
467
520
69
607
744
306
767
529
562
405
380
403
440
534
436
537
547
480
686
233
142
405
462
304
490
448
399
700
127
689
236
284
241
765
237
546
393
397
716
352
148
443
121
513
186
256
101
389
196
589
828
19
616
559
640
120
345
575
771
526
350
275
444
638
321
431
536
746
402
806
433
825
184
318
43
294
498
181
699
457
452
137
778
399
39
177
433
1
624
99
177
221
476
26
541
116
822
564
187
692
770
334
584
398
77
381
636
591
43
502
132
721
50
727
535
32
18
563
314
188
826
47
784
596
533
439
136
122
359
737
45
192
93
216
293
384
640
736
336
474
780
272
88
326
317
209
353
671
249
45
179
315
140
694
37
582
98
610
763
425
17
99
712
437
730
565
449
229
373
42
645
427
571
634
569
49
668
128
183
189
293
539
184
345
267
12
672
696
192
582
51
312
773
53
823
419
250
274
261
646
762
830
309
321
605
222
56
470
547
656
791
201
196
357
257
26
161
809
633
337
523
642
562
181
197
5
5
765
151
608
382
385
788
783
763
217
776
584
220
115
355
223
503
791
1
105
560
662
757
496
635
375
250
490
315
744
221
81
815
634
509
636
163
84
523
498
411
291
564
657
416
283
459
202
509
509
458
45
388
401
162
229
606
201
91
193
556
593
434
382
743
389
601
630
461
747
133
249
68
732
406
201
461
103
62
53
197
287
215
557
156
740
508
296
476
125
251
414
205
619
147
136
304
338
581
443
415
664
11
237
368
552
737
13
220
104
185
310
414
167
326
340
502
584
806
751
592
593
419
666
455
462
270
664
428
102
454
433
708
121
251
765
761
391
793
147
152
823
1
550
765
349
730
623
781
751
471
550
444
304
485
731
702
449
614
773
500
123
739
588
541
212
83
91
696
545
205
293
266
412
684
397
141
375
349
617
535
398
543
383
465
743
57
670
410
14
145
72
560
575
787
187
104
244
600
361
346
640
148
427
552
740
299
264
104
78
478
386
387
377
458
234
185
742
399
428
780
294
51
672
549
182
821
291
751
47
497
695
614
140
726
48
302
531
303
170
783
24
99
810
66
687
403
59
732
608
89
621
686
719
713
219
185
675
405
701
728
787
353
174
137
239
247
179
548
622
8
172
366
516
97
221
556
96
264
791
240
433
501
754
511
820
526
480
454
693
716
562
16
231
314
572
360
623
292
799
335
539
635
741
111
635
546
693
573
658
284
464
811
317
383
545
248
413
689
668
241
733
729
689
384
105
370
69
737
445
608
175
702
589
376
168
318
488
198
128
540
594
320
361
131
506
726
307
201
658
34
658
326
523
271
480
186
496
734
431
744
93
124
113
155
307
6
597
222
569
404
520
647
291
772
787
511
96
396
313
268
673
784
114
457
130
435
354
504
34
176
401
127
803
208
748
437
203
471
692
103
375
91
473
523
374
708
759
453
752
357
654
788
208
154
366
742
635
362
426
400
157
508
475
740
587
18
180
443
313
336
703
17
529
116
589
616
657
721
257
33
760
158
148
360
22
615
55
756
740
138
826
676
549
564
556
177
411
158
589
701
260
754
509
262
777
343
309
139
749
600
66
742
409
539
397
346
797
288
474
574
28
735
272
326
571
307
553
126
351
443
259
824
164
637
646
507
153
269
14
424
196
238
741
243
689
291
714
486
361
529
419
761
224
317
42
684
174
448
792
160
638
809
787
322
633
668
498
37
359
624
40
551
661
528
543
740
404
549
172
450
4
510
397
393
295
269
745
674
377
483
575
691
168
98
725
413
71
564
657
713
35
136
338
786
464
80
239
246
742
772
217
194
640
577
201
65
658
584
110
782
622
379
194
85
487
12
354
622
525
774
264
534
585
350
820
642
748
585
576
603
187
362
106
639
744
813
254
3
526
565
306
777
279
125
171
617
71
791
770
657
315
150
789
592
473
356
774
31
16
775
497
134
447
108
296
129
621
629
68
90
816
368
392
233
459
654
721
525
665
125
322
699
79
677
394
275
248
321
519
539
725
556
353
696
412
206
708
147
811
501
362
277
129
602
491
603
708
629
33
343
679
16
421
714
119
57
220
150
705
39
58
527
789
634
306
162
522
615
104
684
196
336
677
488
539
637
250
720
411
312
14
507
498
138
250
365
318
422
137
99
791
350
546
397
445
78
358
537
519
248
736
697
733
465
280
450
369
575
685
253
26
318
222
460
64
631
761
367
121
580
333
261
573
436
409
306
721
341
707
827
229
5
530
165
136
175
212
829
112
204
466
811
679
465
369
307
452
370
350
536
405
425
571
769
303
257
570
648
377
593
676
130
666
592
632
246
598
814
286
184
348
194
51
421
237
132
43
298
153
167
41
770
122
690
470
552
810
221
747
701
435
578
138
44
717
770
559
287
730
417
197
400
801
558
679
303
277
75
584
429
293
282
163
263
813
47
794
158
684
611
812
351
357
708
295
806
400
515
161
377
91
595
222
717
775
224
262
241
318
117
120
197
181
315
269
722
567
518
761
211
15
228
254
616
551
160
725
253
560
614
80
584
315
453
345
544
780
652
30
8
776
625
103
31
490
765
143
8
427
584
212
429
339
176
241
150
447
199
631
349
720
499
307
681
687
501
317
531
759
83
805
151
484
406
730
148
753
347
381
47
594
285
239
647
433
525
437
332
41
370
460
729
423
635
165
649
269
722
341
454
820
64
570
561
359
748
456
651
513
661
560
541
302
589
662
397
700
238
442
708
145
400
119
295
27
80
539
400
818
421
656
490
126
565
533
123
117
243
285
704
71
189
225
149
172
628
123
112
163
280
620
827
585
738
79
668
595
736
820
580
650
13
292
29
134
394
766
208
721
409
337
46
665
174
765
524
524
44
723
478
390
738
757
68
662
216
541
118
649
657
331
298
298
734
46
594
566
641
638
70
307
223
398
453
551
829
403
249
467
453
55
113
559
513
371
3
743
293
136
741
320
820
114
539
816
522
416
310
208
475
108
789
563
77
545
192
577
515
97
133
820
753
257
241
68
469
124
433
760
509
628
743
760
507
680
600
1
321
404
722
593
355
744
410
173
172
689
276
724
340
84
384
582
352
291
129
811
133
337
506
804
293
499
306
622
671
443
309
296
373
822
418
245
689
461
418
663
72
225
368
693
150
588
29
183
667
683
281
277
403
684
399
379
67
380
544
762
587
188
490
674
256
737
179
457
350
227
445
622
313
299
719
341
739
626
177
343
333
585
654
370
373
762
114
777
543
328
823
239
657
320
531
101
819
506
106
803
632
676
99
615
101
424
336
464
37
501
319
29
289
381
666
744
22
582
252
821
338
241
672
710
727
818
88
59
514
320
446
118
63
332
473
161
387
416
5
380
376
206
63
301
96
570
441
4
785
812
245
721
14
346
537
459
614
765
166
740
399
547
730
429
589
683
731
594
734
90
120
649
126
739
720
698
689
263
105
11
261
447
110
3
716
415
287
144
745
512
479
30
757
339
476
613
549
499
25
409
301
322
695
220
497
143
740
763
133
340
412
478
683
458
68
695
254
522
596
553
583
120
823
298
682
404
124
222
53
566
539
456
490
307
64
630
507
620
467
53
204
590
139
585
37
708
359
500
622
606
689
782
575
24
530
577
794
769
775
114
781
742
170
180
438
134
647
512
746
181
751
715
223
394
631
821
649
523
565
358
702
136
525
303
596
382
324
483
524
298
623
408
193
560
272
559
366
82
189
115
825
738
576
91
495
278
304
818
192
776
457
410
496
1
455
402
71
711
570
636
415
263
533
147
735
445
498
417
259
95
117
397
602
685
752
167
651
599
243
347
345
379
316
225
821
568
171
737
667
232
271
456
171
416
156
569
242
73
212
608
431
2
504
95
489
145
595
453
226
786
1
563
110
660
778
290
476
42
162
92
420
417
438
105
43
696
459
236
403
234
650
89
318
235
37
296
774
796
547
297
501
3
300
668
147
718
321
673
13
703
291
830
359
818
23
340
460
491
626
783
538
343
824
749
563
583
760
724
212
244
41
650
453
307
163
727
100
734
60
606
357
529
379
318
735
588
722
411
637
641
753
101
74
530
165
425
564
791
539
510
386
763
201
285
93
36
158
309
406
622
202
579
394
817
42
326
349
163
531
181
198
114
216
581
604
441
185
438
285
19
776
620
21
484
39
139
180
413
389
46
427
234
630
815
362
516
421
83
813
786
688
702
410
492
167
749
802
579
499
162
190
86
74
419
407
822
364
148
772
312
204
729
450
154
715
217
192
543
619
419
417
64
77
374
267
523
435
149
23
511
37
422
704
478
632
744
265
362
171
484
309
94
112
647
820
256
246
324
414
101
528
759
88
763
278
297
661
107
354
811
32
161
412
506
605
299
326
177
455
132
50
607
496
771
413
411
484
680
723
242
139
451
172
93
133
301
256
652
758
94
322
97
240
237
640
406
77
54
791
253
32
185
557
749
452
473
253
627
423
122
393
57
787
588
762
652
541
516
179
682
532
186
405
803
550
30
724
93
352
382
319
559
40
354
717
364
110
734
805
783
148
401
244
193
178
147
817
293
524
402
552
549
480
52
161
475
664
126
246
784
349
336
800
286
222
439
823
624
423
298
297
207
354
7
621
629
343
449
792
446
637
11
438
554
44
716
597
46
239
226
493
477
45
794
624
592
417
434
802
200
166
367
571
715
678
430
379
355
483
681
779
512
232
414
619
557
676
387
482
414
460
26
99
169
251
802
171
297
733
407
575
660
731
320
687
475
22
528
276
40
726
118
669
396
333
646
693
210
464
798
409
253
709
131
195
341
312
490
723
96
34
381
29
40
252
711
518
500
571
528
270
104
412
792
812
559
136
80
796
768
247
697
774
95
796
377
316
566
321
799
365
261
520
519
176
665
23
689
86
462
622
74
497
63
500
271
687
11
473
536
294
496
180
444
751
766
338
797
564
28
225
709
438
789
324
715
228
828
164
787
542
536
592
150
420
600
337
395
368
273
192
782
603
117
759
653
410
311
473
123
249
775
312
452
668
464
98
718
127
146
226
400
617
89
548
251
276
331
395
672
579
319
640
52
375
504
439
679
165
157
816
418
16
323
590
6
318
410
790
759
341
624
516
476
523
715
629
784
568
61
5
755
210
498
573
707
571
668
222
654
56
411
493
279
371
464
61
473
29
376
58
26
89
657
346
102
183
330
500
654
815
77
13
675
190
442
152
318
146
249
333
220
659
742
568
685
358
134
436
22
695
333
428
273
469
738
424
648
523
256
638
366
458
400
259
809
96
521
553
590
525
205
730
72
199
504
65
300
499
524
716
444
544
127
598
792
379
665
145
690
616
323
15
8
466
428
685
647
35
56
450
771
514
60
317
92
181
164
616
227
319
334
61
346
684
4
289
569
177
416
545
111
542
740
653
241
327
528
277
242
700
155
313
566
794
739
201
168
372
368
476
507
150
195
221
34
588
387
442
108
51
767
159
646
648
682
569
40
58
600
269
45
671
761
578
658
685
71
57
303
319
216
797
281
671
604
719
222
539
104
432
424
117
722
590
184
88
444
480
138
310
821
703
592
10
715
580
811
569
264
418
105
230
604
755
111
327
320
327
62
219
553
482
133
146
35
614
102
637
368
814
394
12
186
8
123
695
550
782
251
720
497
737
527
72
671
563
381
313
149
148
457
586
792
710
76
401
59
317
446
70
328
528
57
503
360
139
647
244
33
649
504
565
1
310
160
314
54
152
701
785
703
449
133
148
409
374
62
715
764
759
246
76
96
305
152
780
171
775
647
100
317
371
221
273
115
774
453
623
525
532
350
86
415
419
325
331
514
458
716
73
351
138
414
93
211
816
358
536
82
499
611
443
387
129
672
463
53
708
456
3
320
414
613
293
293
132
480
586
708
395
546
553
154
366
523
498
636
698
326
727
479
560
189
137
472
222
633
587
379
60
72
691
766
308
652
504
3
698
547
576
587
808
420
254
68
185
377
7
634
819
628
192
398
810
432
466
484
126
186
783
619
198
432
282
549
235
754
77
597
317
287
579
618
457
406
684
324
45
448
149
667
27
416
716
124
591
65
209
422
379
520
250
170
505
429
68
564
566
782
185
141
559
605
364
355
122
95
34
153
59
583
216
630
451
499
11
617
760
759
502
336
19
713
422
688
643
231
816
155
127
482
309
444
764
776
75
62
819
570
448
316
208
48
185
170
82
537
374
320
516
284
106
499
607
757
565
104
389
539
275
312
627
36
448
202
480
24
688
743
617
562
459
452
557
680
165
799
183
60
45
325
330
759
110
537
377
218
15
655
648
71
193
720
107
238
775
425
367
305
372
105
36
495
594
607
227
473
194
385
425
661
564
352
688
566
389
618
243
101
641
663
808
327
790
684
637
639
311
263
575
530
541
107
830
236
628
669
192
428
234
246
576
252
103
490
178
57
164
725
221
472
341
320
397
199
231
68
677
465
187
147
177
233
668
750
509
16
308
643
571
378
742
543
382
766
561
164
429
392
178
708
384
532
823
394
479
640
512
559
632
699
45
508
400
822
384
531
212
509
740
93
317
316
511
739
512
826
623
803
320
612
80
225
420
181
702
272
275
401
295
401
339
788
114
261
463
107
350
426
110
264
497
483
250
788
190
532
474
813
567
676
103
11
288
813
18
157
373
570
644
398
608
313
363
456
117
1
420
458
306
428
644
799
636
827
401
327
388
353
270
750
704
109
390
335
69
181
503
145
116
746
324
629
582
87
285
161
638
552
755
675
655
468
48
665
61
41
467
593
30
202
691
811
269
248
36
735
52
782
488
543
825
129
128
321
449
311
467
133
365
171
642
215
367
373
662
24
601
158
383
229
260
91
724
570
520
739
679
178
813
284
550
436
381
118
323
426
31
654
45
345
126
285
727
155
724
527
262
301
740
320
301
529
813
636
109
216
691
369
194
566
695
800
825
282
48
675
535
655
513
77
317
297
92
157
163
162
244
603
674
173
765
397
697
194
225
72
376
245
615
702
761
51
490
226
61
31
670
643
525
299
109
278
678
680
700
271
416
662
605
577
290
47
52
226
642
716
351
803
562
45
631
776
400
654
356
21
562
353
750
636
125
206
241
228
827
672
209
271
692
579
418
19
243
446
174
274
179
406
163
223
324
695
312
660
818
746
628
492
824
195
8
620
528
596
807
416
84
381
747
205
683
707
656
598
561
536
693
448
251
802
577
607
170
26
431
277
237
340
557
484
364
93
605
596
456
483
573
343
475
782
545
19
433
492
583
729
533
35
534
677
608
748
486
80
415
62
756
634
225
725
647
272
826
636
548
7
24
163
264
368
543
191
393
417
142
491
181
591
614
164
521
119
765
637
36
387
188
303
488
518
180
175
148
68
349
36
128
378
301
640
202
239
91
748
705
381
213
59
271
594
172
183
296
59
70
699
352
646
56
128
472
487
671
230
320
133
819
204
19
130
520
381
631
282
414
566
768
167
290
527
288
224
602
46
804
623
340
771
573
418
818
739
180
769
662
344
798
420
767
638
13
370
561
203
387
91
307
85
681
472
465
800
377
633
295
689
754
78
298
238
733
325
387
336
17
136
806
813
55
133
774
483
132
134
126
547
456
781
2
138
721
774
495
162
34
289
649
617
795
163
179
311
617
169
342
345
417
689
655
467
635
471
186
573
654
603
30
681
80
827
291
22
452
797
472
30
793
223
49
65
823
406
753
577
126
477
367
359
233
16
240
739
523
795
467
657
72
779
331
186
163
411
817
799
57
413
129
540
62
251
156
738
649
429
495
770
384
331
215
771
63
585
766
752
172
573
495
627
640
562
453
39
142
206
435
361
418
613
358
13
450
131
260
314
417
668
529
432
524
357
15
138
606
347
819
403
392
731
729
508
413
647
583
87
341
480
190
188
302
336
592
791
682
399
780
194
804
258
213
100
58
388
355
260
344
326
476
309
485
326
58
634
223
227
516
205
180
616
214
715
761
808
649
558
665
610
476
203
22
597
216
334
739
95
584
67
548
682
454
772
412
210
643
644
20
218
31
826
46
741
806
381
737
767
26
762
582
166
823
568
508
462
554
417
653
339
795
424
457
262
322
737
613
32
242
355
710
664
102
246
354
758
136
472
656
784
524
816
325
448
506
92
183
609
42
267
790
3
215
358
268
445
118
212
561
300
350
335
648
773
137
563
828
294
408
533
503
194
642
244
705
589
511
537
238
776
246
150
515
453
243
333
329
484
825
607
647
647
570
510
550
332
235
291
547
569
273
451
702
578
30
284
767
706
253
447
692
519
127
490
321
295
534
417
218
608
370
337
799
653
35
187
565
169
459
664
264
330
465
199
204
344
21
458
249
696
215
596
641
343
528
808
749
383
96
501
764
719
284
823
23
727
665
328
664
160
305
101
385
297
267
802
793
725
718
265
43
325
303
761
416
600
158
64
297
340
775
114
313
818
170
561
69
104
559
21
343
28
437
497
302
548
198
774
778
385
300
189
379
338
790
652
4
404
529
208
134
165
535
237
684
568
447
679
683
332
403
419
610
350
322
584
28
783
401
665
329
123
477
100
525
646
69
420
538
174
820
688
791
6
607
467
211
269
710
592
18
558
531
45
102
140
713
72
527
204
309
8
628
446
167
10
436
329
532
292
786
738
644
121
613
419
678
3
146
765
370
567
483
696
333
577
227
347
285
351
147
218
35
171
347
260
182
338
55
449
321
151
384
529
773
761
344
81
607
66
105
496
12
132
241
574
242
393
708
746
762
427
622
659
337
603
642
183
543
381
157
794
572
809
319
665
60
116
326
6
510
802
305
591
187
823
19
757
560
766
814
20
198
446
218
71
443
724
43
353
206
691
6
541
725
386
805
603
694
733
579
24
268
332
617
57
593
32
93
338
499
676
57
103
212
582
107
376
677
830
83
486
398
35
801
822
141
617
64
504
308
527
610
569
573
30
700
579
447
424
613
648
283
683
233
748
607
210
105
691
806
396
333
101
75
351
142
738
173
378
444
433
795
482
178
178
21
466
263
233
502
682
536
180
27
633
758
659
472
778
536
110
300
148
212
196
750
264
697
519
390
428
703
752
488
369
228
269
262
103
413
296
136
165
437
115
651
422
445
771
384
198
785
598
140
315
263
198
609
524
581
189
368
767
91
271
676
292
378
53
650
137
351
420
645
224
397
278
352
187
515
313
584
148
578
675
577
76
756
787
534
567
556
750
732
220
211
665
662
279
257
186
829
598
39
556
262
11
376
247
553
146
562
611
177
683
549
337
738
789
312
254
674
701
783
574
766
306
425
357
461
635
651
572
517
572
1
8
181
2
69
240
525
818
11
189
682
576
1
577
415
102
426
178
8
3
692
8
404
200
822
215
578
612
308
164
57
682
196
514
314
102
307
181
652
230
151
430
44
285
95
411
105
405
132
733
797
229
443
609
797
172
54
456
491
698
222
91
241
690
794
558
543
7
558
485
260
710
328
405
615
195
264
556
732
756
705
9
646
489
286
310
712
752
719
198
609
33
527
772
611
36
133
539
433
728
290
469
634
716
819
727
130
66
480
584
636
47
376
272
268
553
595
651
355
116
304
804
413
423
774
801
346
777
813
664
36
667
585
688
15
778
99
742
826
516
703
372
350
607
379
630
346
556
92
489
115
350
690
804
381
393
105
270
95
820
178
476
491
595
824
389
760
480
488
450
463
395
674
683
387
74
578
128
700
824
31
118
131
235
509
137
690
537
270
526
764
491
361
186
169
514
210
94
52
622
697
366
67
452
420
270
487
272
591
717
111
261
105
643
64
661
319
296
681
594
15
238
689
330
414
709
411
130
411
458
236
749
93
453
443
481
78
555
568
375
672
612
74
716
50
76
97
492
163
295
563
187
265
706
594
401
50
117
386
506
673
224
759
490
318
72
539
351
251
670
436
219
134
771
732
543
286
584
166
253
64
83
95
201
250
46
23
463
570
564
372
144
83
734
723
423
22
4
76
393
303
676
546
357
531
563
91
655
346
227
171
788
481
805
80
513
267
24
802
300
327
84
155
667
333
113
232
377
815
718
765
685
2
717
583
11
273
99
23
429
715
232
236
780
346
227
686
252
677
529
715
808
298
38
819
293
606
388
19
692
307
321
710
625
42
510
91
91
372
2
359
666
476
705
247
26
800
142
263
791
641
457
112
446
736
734
332
53
737
465
711
678
376
143
31
449
299
414
201
594
37
429
706
717
216
296
68
77
122
62
492
142
193
285
580
125
769
155
311
827
805
401
52
478
404
91
357
588
742
105
260
24
154
243
419
649
829
555
466
315
56
15
392
552
197
31
84
513
59
362
451
361
454
301
246
361
481
113
382
194
436
63
510
753
392
692
669
28
565
603
268
255
446
494
96
91
571
352
774
515
70
501
319
112
273
647
105
683
828
367
364
567
521
665
388
642
306
697
570
630
127
780
464
621
172
678
223
494
78
657
414
248
298
116
739
774
820
299
392
239
198
743
247
679
115
399
366
166
341
685
743
212
378
177
222
528
487
607
164
213
324
739
488
455
307
38
102
143
618
393
811
494
610
604
780
489
375
248
156
162
792
235
520
530
706
768
676
426
44
734
724
700
431
465
587
251
746
634
87
654
607
429
313
331
215
573
677
43
421
97
474
9
629
447
581
79
76
544
168
101
675
83
785
275
61
488
742
312
638
825
775
483
298
154
305
263
568
724
220
721
326
58
337
774
546
379
121
87
483
742
246
443
663
673
349
87
71
121
780
299
127
237
630
373
314
498
305
688
278
669
198
623
338
457
226
710
664
596
404
759
308
345
438
648
297
570
511
712
14
223
48
537
1
244
153
721
423
338
640
93
463
551
350
328
257
624
544
378
674
656
472
579
192
598
407
145
416
72
812
582
490
28
630
314
438
522
471
526
71
398
627
161
114
719
105
492
482
107
66
88
645
339
440
204
241
402
136
303
527
726
776
65
178
737
264
145
512
632
670
622
111
220
42
520
248
66
394
529
512
644
118
382
141
666
141
637
214
266
287
487
667
410
815
373
608
119
751
503
312
403
667
441
714
390
376
51
13
271
424
30
624
393
785
723
101
722
540
258
535
431
325
273
550
811
385
348
503
55
707
829
722
670
388
830
7
196
638
21
221
289
228
151
351
6
375
764
400
222
353
584
419
659
374
824
371
328
122
691
30
169
140
3
233
272
299
449
317
648
344
503
348
475
385
636
235
358
268
668
5
259
762
688
818
255
497
333
343
309
98
303
178
270
334
604
425
137
260
146
633
439
797
380
329
90
401
28
159
769
781
217
794
316
371
26
581
273
660
44
293
117
384
662
73
111
103
490
287
139
593
371
575
718
291
8
682
322
711
332
3
367
541
136
60
224
759
674
320
164
379
721
227
650
225
84
353
511
623
748
106
404
288
505
460
470
350
802
588
274
650
203
743
669
276
434
701
164
539
77
811
345
442
238
178
631
688
486
381
264
25
176
182
553
428
497
466
324
133
701
312
357
466
654
453
421
280
122
274
429
219
297
525
494
712
759
255
29
745
47
478
495
793
614
507
483
334
472
440
751
269
115
506
233
157
494
761
655
107
411
160
336
223
224
188
310
697
58
697
806
703
695
150
421
584
394
471
433
338
131
600
307
148
103
703
89
21
281
77
828
608
441
664
270
35
679
405
209
447
11
402
216
571
743
735
783
691
719
659
264
232
389
597
429
152
438
670
289
522
51
263
769
383
687
820
678
760
30
289
241
24
684
822
228
101
155
709
93
82
763
315
116
762
390
172
564
152
399
364
198
358
240
311
328
103
264
296
187
96
532
235
719
286
139
38
233
618
35
390
125
55
355
333
787
328
29
83
261
652
103
374
788
298
661
515
684
316
362
309
131
294
540
9
534
188
145
538
332
175
666
63
120
818
66
355
202
337
583
193
436
65
826
81
333
717
509
639
571
301
825
352
360
210
691
744
310
672
710
430
356
284
40
410
433
226
427
57
10
152
170
427
379
217
380
579
556
66
571
492
262
328
519
530
441
259
560
276
3
407
80
15
548
587
15
438
459
203
424
46
428
720
16
769
547
165
558
641
647
451
341
116
522
757
183
313
212
778
660
297
96
7
111
560
460
257
654
11
622
532
520
69
340
531
111
608
227
207
735
755
172
668
172
477
588
217
79
40
56
682
506
167
516
124
287
162
266
9
301
163
436
121
408
341
691
646
105
565
604
584
89
336
770
73
216
720
773
87
719
369
705
155
187
146
332
795
783
805
653
324
14
267
821
603
747
652
704
45
730
1
3
578
228
90
183
681
142
622
373
361
783
607
667
179
179
485
818
767
272
707
348
491
622
730
533
696
444
624
133
487
809
54
548
77
490
281
228
505
116
754
41
270
725
173
638
352
192
264
352
774
197
118
90
89
373
356
151
144
763
752
541
155
294
101
157
206
438
662
566
173
788
365
121
612
247
295
486
716
60
507
338
74
816
599
482
327
91
492
443
611
467
505
470
506
531
687
601
46
592
275
647
544
650
724
760
621
237
134
399
354
249
36
64
272
426
709
473
260
753
301
320
368
550
657
655
37
498
125
214
692
250
789
251
814
495
31
477
788
766
458
154
26
779
365
71
693
415
712
730
659
489
350
769
159
69
178
426
698
682
61
545
76
527
378
616
225
775
411
462
150
819
64
351
194
560
568
809
67
228
553
416
328
432
37
458
338
427
102
203
717
512
778
723
76
541
164
326
405
426
72
369
615
357
243
266
720
348
343
696
126
763
585
200
363
313
414
686
106
439
50
115
732
283
529
731
199
640
125
780
666
717
791
717
144
372
530
57
570
571
325
766
167
499
631
252
101
131
668
302
573
272
339
462
164
727
81
284
311
825
496
182
795
607
313
420
56
201
487
629
44
26
205
197
819
222
504
692
102
349
687
192
448
603
149
622
588
786
743
803
746
145
688
523
352
255
585
689
76
613
388
787
540
100
362
506
543
499
307
315
429
658
355
617
288
694
11
520
281
217
45
76
302
813
726
446
806
819
135
51
242
17
50
67
661
426
498
378
273
682
110
759
790
193
440
537
737
290
330
179
159
584
452
323
639
490
691
749
645
103
718
369
285
244
12
670
643
630
602
538
481
767
821
295
194
70
824
375
375
248
14
508
516
157
194
804
14
363
177
539
375
436
96
143
563
152
632
155
752
12
120
667
613
57
349
103
236
606
259
584
175
440
535
286
122
453
688
488
110
728
106
332
791
600
509
325
518
250
801
785
98
192
755
826
269
373
540
114
79
507
110
536
33
253
474
672
464
489
425
684
11
822
543
250
261
705
567
435
825
784
389
220
626
247
700
741
93
429
556
606
530
530
515
574
467
409
525
344
378
813
619
564
29
473
231
13
272
631
396
284
402
814
348
326
546
677
611
792
305
68
443
8
212
458
634
471
483
708
102
743
796
16
715
147
531
15
86
654
205
105
756
333
23
227
345
321
490
829
723
353
591
670
187
819
504
62
439
761
531
206
602
328
379
644
449
29
751
613
494
669
703
520
787
284
294
479
218
606
188
387
555
531
739
791
329
774
27
294
161
367
573
577
495
173
193
269
86
391
289
294
357
377
310
399
685
414
223
653
390
41
340
242
84
388
609
208
667
302
306
390
559
811
695
260
688
372
781
417
321
484
217
829
737
550
602
233
559
825
773
602
44
80
724
301
125
301
424
223
654
560
425
218
183
48
11
672
617
44
62
671
395
479
579
722
760
789
187
528
228
772
788
756
528
270
716
283
124
781
581
308
185
621
160
291
245
360
171
312
308
378
484
660
571
802
419
178
450
651
477
102
244
69
511
126
578
319
560
425
740
459
365
432
503
260
554
57
796
748
526
202
466
488
567
328
212
392
276
791
109
579
514
704
772
224
355
591
471
615
810
202
200
399
17
406
751
344
44
190
314
93
603
287
272
604
58
726
280
383
86
198
447
90
110
37
354
814
48
413
271
263
180
63
796
550
346
747
439
483
37
815
355
212
504
265
241
15
214
312
358
753
584
609
672
339
211
759
207
426
61
162
155
447
87
724
87
125
266
551
148
80
167
369
445
454
55
81
710
706
366
492
620
823
624
461
336
596
256
228
513
673
591
86
359
813
644
354
405
422
558
534
94
638
793
305
591
82
739
454
624
570
729
86
715
625
444
173
643
501
318
178
480
453
23
784
550
321
649
193
541
659
101
651
643
381
265
746
397
186
828
725
573
450
534
458
245
566
659
669
178
760
640
105
725
502
303
41
564
549
259
312
401
662
620
692
765
388
461
533
595
126
661
197
308
486
332
197
246
544
213
532
557
297
726
628
81
686
336
539
817
316
705
747
662
808
805
232
349
664
233
405
283
743
779
538
621
172
582
187
358
511
705
623
375
830
149
328
311
170
344
734
342
16
225
826
487
75
814
573
339
775
249
205
246
93
41
530
776
436
340
462
562
43
192
270
303
242
156
247
792
100
815
458
688
376
541
41
58
21
541
745
14
581
504
97
123
691
595
106
542
397
545
225
246
616
809
695
60
723
723
387
513
606
766
732
425
681
185
508
1
733
585
560
460
529
808
545
445
698
161
471
818
392
62
633
625
397
387
323
123
151
243
177
723
775
565
790
417
274
48
653
127
193
756
237
595
2
117
426
744
63
523
320
584
169
217
124
486
581
555
380
657
38
289
455
422
52
501
172
581
820
692
398
14
175
535
113
204
323
131
616
285
227
476
285
799
607
494
585
784
657
207
825
425
158
224
803
408
305
328
829
530
172
328
638
812
333
99
801
315
599
322
626
284
579
176
141
669
150
275
422
479
742
413
516
697
579
526
478
631
641
359
9
155
136
526
520
689
603
310
424
184
476
300
27
275
394
681
546
208
19
561
588
698
389
753
87
223
748
816
756
557
278
630
135
512
314
709
214
316
752
67
743
351
783
287
462
359
807
822
780
633
685
652
473
704
788
820
525
756
145
445
783
330
111
226
329
690
81
653
167
661
722
811
760
33
710
720
208
142
70
488
271
646
345
289
90
563
496
114
200
825
300
150
502
717
626
148
159
775
319
669
111
98
440
384
294
230
788
132
378
375
424
528
797
559
431
308
769
217
260
367
462
73
300
417
136
626
138
687
597
326
570
137
124
192
445
688
38
14
387
60
396
819
780
704
229
804
169
784
78
306
511
629
782
222
706
604
649
522
286
318
295
817
225
530
772
408
107
796
379
52
335
623
486
828
550
751
319
254
528
731
504
339
266
19
726
161
185
57
745
49
335
271
479
610
782
335
202
305
120
435
455
411
512
732
664
330
84
677
495
796
11
697
445
777
92
74
202
244
816
267
765
830
164
33
791
305
731
383
223
673
342
266
640
806
507
750
212
36
205
413
318
499
97
336
654
713
315
167
154
572
494
419
403
312
284
170
371
480
109
771
359
422
750
15
530
700
718
23
357
452
141
614
182
92
354
117
586
325
380
103
212
449
798
425
520
44
340
827
139
183
67
249
826
145
120
253
21
793
749
245
541
738
550
597
206
553
119
515
722
592
710
118
445
132
730
117
723
476
782
319
756
299
328
471
671
99
663
600
158
71
763
217
139
50
799
205
698
754
246
773
718
206
417
465
762
337
433
600
124
241
745
545
676
386
295
811
456
380
345
812
458
563
592
3
523
114
12
291
353
134
648
118
307
799
156
55
4
156
472
299
238
440
61
829
265
103
783
426
63
529
490
698
820
472
89
37
201
499
708
490
357
127
113
458
163
730
385
67
686
643
181
522
81
85
680
725
208
351
400
59
674
352
326
188
625
464
78
675
733
692
393
580
101
302
393
247
141
637
697
173
797
692
222
426
379
493
88
684
174
248
630
516
759
14
355
77
472
331
251
438
285
522
13
661
340
699
494
355
689
823
134
398
665
623
70
198
376
520
431
461
314
553
343
687
577
685
658
533
2
315
663
56
133
372
159
798
254
363
513
677
624
581
670
256
568
237
241
530
50
611
142
479
691
102
704
477
84
271
108
543
477
10
773
444
264
31
97
636
575
688
617
399
103
597
48
103
190
419
379
244
252
632
624
271
130
113
749
431
503
696
454
681
8
40
76
584
21
693
809
305
640
734
678
144
453
219
63
578
503
473
703
666
802
211
115
412
180
275
325
350
95
238
347
402
294
10
368
581
287
245
653
286
27
372
568
403
405
344
257
60
235
582
530
483
703
633
676
205
598
50
588
102
79
739
580
781
564
45
269
20
419
558
447
327
164
681
367
805
414
273
63
68
667
544
535
812
738
468
235
338
400
223
572
608
573
517
139
589
433
421
240
612
134
178
310
429
466
456
17
169
26
361
771
556
751
188
313
454
545
425
795
731
573
583
702
490
293
135
78
232
286
194
30
157
408
419
51
636
775
511
242
384
263
482
84
331
797
784
768
277
18
316
790
716
621
84
681
669
555
759
52
631
58
795
302
217
244
764
488
435
574
395
185
104
492
431
215
60
356
771
24
711
115
431
322
722
7
465
682
243
177
468
756
334
38
621
167
45
106
638
471
609
561
510
709
198
708
631
130
603
457
588
93
671
414
410
411
440
476
192
273
454
549
723
218
615
346
515
68
788
635
642
586
234
651
595
762
477
273
381
548
154
406
612
172
488
148
249
676
511
142
189
177
275
755
587
206
353
360
698
203
198
530
110
235
184
409
351
349
661
432
361
735
341
530
52
319
797
459
366
395
614
143
186
289
56
316
30
354
265
136
611
271
457
808
813
462
110
140
138
173
668
411
512
237
746
719
294
52
147
549
749
96
39
161
229
280
393
379
584
614
696
306
541
608
429
62
260
771
237
182
586
291
144
133
95
247
228
374
115
584
708
646
704
543
337
248
574
108
690
42
521
346
178
762
695
420
825
267
377
503
223
109
206
244
187
317
500
233
341
387
112
272
431
130
480
53
664
209
689
451
646
193
423
432
471
369
237
556
739
281
43
628
517
353
51
341
222
681
103
698
55
596
42
147
562
310
346
58
404
536
309
9
79
140
814
615
498
174
539
213
224
399
571
474
629
249
157
152
699
545
282
348
558
560
672
741
739
807
434
138
636
776
749
125
745
781
437
355
314
1
10
153
272
243
308
668
3
41
742
152
677
501
469
770
511
294
649
769
78
366
506
524
418
80
210
774
630
291
390
341
649
427
323
205
387
495
193
83
79
236
356
342
154
42
754
798
502
206
315
436
728
538
310
795
111
671
820
447
761
818
306
85
197
802
515
364
824
143
684
639
447
340
505
412
812
784
717
500
711
147
803
614
388
669
756
223
476
804
538
688
222
137
440
103
654
377
762
59
790
733
12
138
370
232
432
68
751
548
571
669
76
587
443
190
106
12
818
339
541
685
643
13
2
230
799
793
621
685
531
636
404
240
60
440
79
751
651
92
628
217
401
435
107
818
278
297
31
348
760
657
167
419
621
555
139
363
587
363
502
496
556
107
195
403
573
390
587
570
625
646
290
742
641
800
821
200
287
730
790
286
454
481
194
244
442
5
143
741
582
230
562
412
138
368
78
538
280
377
54
101
54
244
51
667
649
34
645
508
783
77
394
693
560
61
231
113
670
360
502
522
452
230
287
410
580
84
172
96
716
175
738
154
317
312
335
530
660
245
589
466
490
100
811
368
715
711
362
651
251
738
338
754
411
667
466
198
108
727
757
7
427
82
215
183
472
178
722
136
409
528
343
258
333
557
142
467
679
199
580
324
272
34
112
777
523
671
560
187
498
583
74
828
579
545
437
472
223
40
292
465
779
733
321
666
222
794
561
465
734
447
120
594
590
420
777
413
152
722
487
548
92
23
158
233
616
384
338
456
185
730
276
35
181
153
96
682
174
610
434
708
24
310
663
185
131
473
689
89
766
760
281
695
138
241
558
619
715
621
292
810
107
7
215
804
265
794
30
507
726
26
549
505
417
69
199
490
248
12
200
825
802
731
15
577
470
281
677
731
691
109
145
565
321
228
588
621
594
207
395
630
16
386
382
194
514
494
700
793
455
293
239
552
322
563
235
645
491
287
312
684
504
446
762
360
576
531
427
72
274
257
285
154
357
74
553
746
309
679
188
752
384
186
715
343
703
605
757
333
630
115
23
291
278
259
191
169
34
152
686
756
228
546
5
814
176
623
237
69
241
235
247
725
478
151
759
604
509
318
704
252
618
612
740
275
68
410
571
102
94
188
597
738
185
519
688
59
571
388
602
190
307
216
141
111
252
626
575
688
196
116
38
441
64
199
713
317
252
651
620
425
443
389
534
127
300
373
299
2
252
735
198
89
317
330
567
502
156
764
780
156
247
113
510
484
314
812
659
701
173
690
266
336
174
570
372
501
8
462
185
550
253
194
338
61
241
287
233
183
519
253
829
478
6
454
788
582
507
295
43
819
651
588
530
606
157
203
758
653
106
56
212
761
134
288
153
196
206
162
726
812
368
66
804
392
627
671
533
390
809
297
305
44
408
626
211
63
291
440
577
288
450
558
668
442
184
261
366
677
302
35
158
749
773
28
2
254
145
80
329
280
335
452
98
84
645
474
175
720
500
292
43
438
303
391
543
433
200
690
617
329
406
792
129
589
502
416
301
341
497
498
121
446
666
261
678
373
171
42
59
273
276
588
535
107
456
508
472
732
214
166
443
600
586
784
448
351
386
553
612
667
726
319
619
372
313
31
50
779
376
272
327
237
138
74
613
42
111
392
63
595
508
586
699
232
207
660
398
110
74
500
558
389
197
718
753
252
490
586
417
362
305
631
464
25
97
133
811
94
50
454
335
85
714
801
436
799
291
804
669
235
521
623
116
94
591
436
151
373
217
791
266
385
616
172
61
764
233
584
372
493
449
220
361
127
316
227
195
373
522
481
358
512
735
142
181
264
484
353
252
829
817
35
74
791
638
141
261
762
364
413
526
439
272
615
322
663
494
672
449
376
499
354
483
89
583
478
690
509
392
492
354
390
255
639
566
553
151
730
594
371
74
678
119
213
232
756
146
383
3
389
70
400
293
619
761
524
298
759
319
271
642
84
605
322
310
796
674
145
678
558
442
754
448
18
526
58
300
231
759
349
414
199
622
409
366
22
771
146
635
323
345
629
358
152
405
110
577
449
264
52
32
766
183
233
453
332
784
382
663
593
795
381
718
146
200
621
137
320
565
88
707
365
750
782
436
118
2
218
354
327
185
301
423
594
282
300
819
355
506
182
725
193
488
215
341
114
766
657
744
681
311
157
704
584
254
165
6
73
736
41
91
784
756
453
654
261
306
196
44
219
738
813
380
604
755
279
559
657
687
333
501
212
313
360
317
580
756
95
637
96
156
771
485
551
136
273
455
616
778
251
9
582
583
82
664
87
343
216
393
347
545
545
169
469
392
398
290
138
705
673
762
591
608
495
72
539
412
662
799
130
115
324
615
606
748
637
460
660
104
199
599
657
253
174
134
672
736
807
496
435
37
488
70
436
419
587
760
261
46
198
119
263
355
477
511
554
655
750
626
80
457
552
291
803
709
300
729
800
621
827
821
647
404
373
171
453
812
749
568
177
568
7
201
676
306
7
180
397
99
794
35
759
652
341
336
517
280
82
161
592
529
202
288
152
412
335
315
159
612
547
489
686
470
636
370
155
139
729
369
485
464
246
201
428
14
345
440
173
590
815
631
699
682
403
221
678
586
628
766
576
699
494
827
119
544
731
461
421
105
314
396
611
339
246
768
39
137
781
768
281
187
33
247
323
377
184
91
502
298
47
656
20
713
64
287
619
60
617
399
80
532
628
783
472
439
404
90
17
402
479
585
359
560
377
8
715
357
39
362
724
408
500
587
275
518
288
668
421
341
687
294
268
761
306
178
119
666
245
825
683
6
636
217
132
201
407
84
520
366
803
375
757
315
239
227
584
791
253
86
190
168
176
541
547
170
117
68
318
753
343
793
235
769
356
311
348
196
70
370
127
422
86
338
705
723
681
777
64
804
72
64
623
470
189
446
118
584
292
491
525
643
351
544
608
310
544
230
550
557
184
471
583
759
249
581
200
637
497
335
409
609
672
796
627
564
556
195
235
421
517
613
341
573
332
472
463
50
390
271
642
475
707
417
720
410
718
772
569
57
93
169
379
711
228
129
60
649
597
686
562
94
654
182
499
199
614
307
599
140
96
624
52
235
643
337
454
266
643
350
336
282
307
270
809
651
694
235
191
79
709
291
472
363
298
266
589
290
532
355
3
475
372
410
321
39
601
309
199
801
194
741
64
634
255
784
264
288
692
336
69
705
342
538
6
32
329
275
83
406
210
439
275
355
382
777
230
326
661
203
800
759
10
21
155
509
428
118
328
52
36
701
192
293
771
590
308
691
12
421
669
217
640
608
797
712
253
273
743
473
215
372
38
529
54
424
543
149
747
285
213
114
595
141
594
73
53
118
720
427
676
207
528
599
273
264
391
14
676
79
165
494
181
736
823
128
765
296
721
468
808
4
376
31
343
191
462
244
830
641
443
565
145
646
756
508
418
510
73
690
656
772
590
254
46
128
225
708
150
830
379
166
697
696
343
257
438
87
155
295
829
68
730
727
60
20
665
105
382
660
637
51
27
661
598
593
24
734
461
469
767
64
824
460
26
212
647
152
809
387
333
25
114
223
368
327
411
804
678
709
628
90
460
688
576
48
591
396
587
219
682
291
64
440
411
446
155
137
522
685
226
745
421
341
414
747
179
260
799
302
579
470
109
681
404
750
225
237
703
554
162
569
480
768
33
286
735
599
131
363
44
132
513
208
267
552
822
668
407
466
757
396
409
416
381
108
729
56
91
425
679
103
801
372
480
490
122
717
32
414
56
376
791
243
118
783
817
245
707
829
414
2
291
546
442
348
22
684
382
7
785
347
576
503
709
81
632
614
348
697
214
367
437
787
620
172
788
401
248
216
707
452
674
30
588
17
143
407
460
282
383
241
452
520
485
417
692
360
746
525
744
217
81
76
295
134
486
526
738
534
238
367
600
727
321
166
484
394
477
47
673
99
560
531
677
134
2
807
78
340
514
668
102
5
724
454
522
300
6
242
598
801
519
635
174
631
477
296
109
50
798
39
90
22
262
7
531
95
290
714
791
695
152
232
207
633
157
805
175
757
48
586
752
245
436
472
95
571
451
217
310
341
293
706
312
103
544
471
363
801
647
46
64
52
236
655
444
802
71
162
430
30
259
84
198
421
119
725
400
436
203
592
414
18
757
557
30
159
825
801
779
617
718
136
348
551
112
71
773
317
606
466
421
165
637
164
801
334
575
777
307
512
242
762
346
401
199
431
590
559
34
579
784
406
559
267
472
63
413
538
5
102
646
606
132
131
642
84
544
169
54
591
528
591
524
400
184
559
90
264
755
570
14
820
82
604
353
293
708
637
112
91
512
260
431
483
687
649
639
812
801
512
179
803
682
741
146
305
22
683
472
216
610
147
96
531
604
698
572
759
738
386
178
185
56
62
690
686
773
137
522
182
585
805
36
767
659
131
563
675
101
278
714
633
825
465
33
239
491
25
245
693
529
256
745
200
47
28
780
46
593
276
291
590
521
737
592
330
71
369
564
417
341
72
396
619
336
332
621
795
450
636
319
366
271
354
341
353
700
240
285
218
261
86
585
748
280
359
303
368
92
453
360
438
501
247
428
241
154
640
411
771
445
506
302
631
123
383
65
110
775
383
38
584
195
531
316
28
760
163
735
710
537
590
62
167
721
281
609
238
587
490
44
238
522
526
787
804
695
65
497
447
803
422
792
660
712
395
350
721
510
69
598
184
826
338
622
164
616
532
105
199
498
552
127
198
352
193
658
302
533
19
444
484
198
356
113
743
502
717
162
671
541
171
742
493
4
406
488
425
274
10
546
644
727
579
782
95
351
815
273
42
554
164
433
593
16
514
570
57
416
811
787
431
372
716
751
763
545
71
4
223
103
752
703
715
432
203
645
5
241
627
345
614
41
300
256
805
500
373
371
774
376
743
520
603
184
102
775
205
698
694
154
789
829
224
218
563
739
822
573
235
87
739
448
637
791
812
511
188
564
344
299
724
115
389
369
313
492
822
328
531
305
218
551
517
747
81
281
456
439
458
665
127
543
129
574
190
240
133
49
351
93
637
354
377
351
685
145
234
600
754
551
456
447
596
425
351
330
798
145
614
811
389
589
49
91
431
598
543
511
63
819
547
249
298
327
66
47
321
332
343
731
527
682
738
752
307
650
774
770
376
817
9
263
364
579
61
109
663
651
801
740
781
466
176
567
711
627
293
221
808
23
317
813
513
266
465
724
116
179
392
449
610
54
226
94
655
567
489
681
28
248
377
646
167
790
286
391
221
468
563
681
56
497
627
472
235
62
730
43
199
195
759
726
775
460
764
324
463
645
234
187
48
286
378
39
451
98
363
422
244
357
674
270
641
216
446
240
19
288
3
270
762
430
58
11
566
623
667
609
227
113
386
606
508
43
269
324
275
558
117
798
717
119
783
96
152
436
97
768
536
232
563
530
94
145
213
209
254
553
10
113
820
260
170
299
73
295
11
812
503
270
19
27
540
228
581
626
182
820
378
659
688
333
321
36
421
666
467
456
693
122
384
727
388
42
330
456
182
609
242
144
428
778
544
89
520
828
282
213
41
671
504
802
614
205
436
610
639
305
822
432
35
8
182
823
84
356
743
785
657
199
239
830
22
721
477
421
513
31
3
483
657
769
661
55
116
718
44
87
811
162
231
515
169
637
84
87
297
474
190
591
266
544
743
394
235
200
670
720
416
784
108
220
235
96
267
1
755
545
168
584
69
511
127
776
738
637
152
395
322
349
753
527
824
793
478
588
434
499
739
434
76
792
240
262
329
308
371
383
53
768
222
286
306
95
71
306
189
739
192
251
621
153
817
65
67
729
439
415
313
156
137
105
775
199
783
271
486
2
66
610
32
202
784
2
680
319
537
252
549
258
376
264
780
380
723
638
46
111
147
340
161
118
170
63
94
350
708
460
636
407
324
736
588
547
354
238
229
721
742
243
686
204
375
801
648
683
124
519
182
254
672
281
541
185
235
389
732
791
206
525
25
664
88
487
263
98
522
662
200
295
527
139
263
293
31
163
350
696
390
152
192
565
147
121
95
438
272
119
613
576
353
665
107
504
795
665
771
197
723
245
530
319
2
162
344
181
274
204
177
391
112
180
266
719
252
551
221
199
129
176
102
679
123
389
230
759
353
251
367
12
337
353
330
736
435
598
727
437
32
734
336
313
358
437
729
793
821
73
467
294
94
778
391
263
328
344
636
376
780
161
279
721
830
109
778
53
283
74
524
667
530
752
691
349
111
67
687
770
329
151
501
323
436
787
135
686
336
140
610
60
615
39
157
348
84
11
55
581
133
549
55
465
81
672
195
173
796
206
89
647
475
381
327
253
753
361
113
812
36
210
695
123
428
752
728
288
356
751
559
796
431
808
396
264
250
54
431
653
317
630
419
563
570
274
94
119
551
424
357
388
233
93
328
298
193
318
132
220
669
811
287
194
366
450
65
45
445
335
713
101
328
811
721
564
314
695
696
596
454
811
791
29
724
592
48
828
285
222
73
732
203
460
250
636
521
202
476
63
624
286
337
67
701
519
154
619
481
128
24
758
450
146
623
546
556
658
220
507
577
66
329
457
50
466
348
619
684
376
493
542
785
607
670
312
618
273
553
559
713
606
161
239
107
126
811
15
291
429
571
742
275
133
739
304
214
112
78
280
825
411
326
48
498
296
129
24
533
388
389
556
54
766
271
276
64
158
198
819
72
364
680
703
402
256
116
357
784
196
371
348
13
541
156
624
270
150
221
182
735
627
14
648
753
136
265
758
691
797
593
531
404
100
513
316
207
349
475
582
353
284
425
195
755
596
726
683
363
716
345
410
530
43
555
179
377
353
273
27
311
335
745
384
653
739
174
37
214
209
155
76
221
633
683
792
578
156
692
484
570
572
676
462
773
333
453
526
491
356
686
602
605
599
385
248
470
498
295
262
118
304
176
623
175
181
637
387
461
760
704
302
613
786
622
448
561
420
430
759
540
248
609
631
455
63
195
401
105
239
27
200
357
413
571
167
145
73
233
571
246
37
392
826
467
282
97
735
299
145
708
112
372
344
6
217
304
453
119
737
222
492
623
751
212
427
33
90
579
718
359
495
218
659
291
506
235
55
49
32
629
385
40
452
280
261
439
756
390
511
94
33
404
56
327
480
103
611
762
473
820
801
658
631
191
194
136
9
683
590
773
515
136
145
368
796
29
536
134
22
489
211
493
167
475
610
215
372
102
793
480
300
102
10
830
276
4
580
621
316
274
394
371
558
348
311
373
445
555
343
433
677
742
270
400
543
318
807
370
16
14
739
601
103
310
701
89
466
474
456
105
463
441
766
268
506
436
268
1
326
237
158
669
415
559
691
814
115
104
781
144
246
598
231
85
749
382
457
423
328
590
790
74
733
47
461
52
41
181
603
809
755
752
397
796
610
439
647
79
209
207
353
497
113
149
189
174
443
721
798
109
634
796
628
531
292
228
734
285
124
618
56
371
640
142
501
817
744
37
554
778
708
23
90
76
395
677
596
521
634
565
348
707
484
633
172
506
508
328
617
446
705
190
423
681
440
393
600
391
815
799
231
812
629
489
119
136
753
736
371
664
520
641
393
451
113
69
140
714
309
662
671
695
112
51
20
518
48
744
550
55
289
433
797
730
434
96
66
580
652
520
143
45
340
636
74
420
566
31
733
391
62
610
218
489
184
573
164
308
605
483
746
637
94
595
480
733
288
22
630
413
459
12
67
164
143
496
702
675
179
205
749
343
678
802
150
307
677
29
43
42
658
245
748
774
44
330
775
61
561
325
712
728
556
342
305
78
145
271
130
760
249
99
819
125
533
804
640
68
574
89
709
470
483
663
728
678
208
558
806
32
393
422
627
84
37
114
91
342
671
333
195
830
231
183
256
656
391
15
321
661
451
547
326
820
53
437
706
450
239
711
136
280
64
768
320
50
382
150
628
193
497
112
771
23
99
372
799
590
262
827
518
41
683
305
162
738
12
739
680
269
753
239
513
387
183
139
546
584
112
173
813
90
55
73
151
146
222
675
19
106
821
823
571
122
319
476
205
474
697
349
740
500
828
745
657
500
787
179
776
211
292
760
673
4
811
307
311
252
746
682
803
586
692
23
372
284
724
301
747
126
799
254
801
222
607
535
275
538
246
390
480
478
348
92
715
352
802
160
419
830
521
336
600
510
244
670
570
623
255
55
118
820
625
757
784
269
120
428
351
397
90
122
198
767
539
133
452
409
499
695
371
561
442
41
585
545
119
9
786
434
467
725
246
331
62
442
439
433
453
339
478
186
234
551
389
747
767
469
79
40
443
47
587
783
742
65
318
698
326
736
546
380
774
278
725
403
569
808
810
521
93
705
522
692
159
5
239
351
18
456
117
151
188
315
124
524
371
141
626
553
632
478
683
388
34
509
332
50
232
396
57
421
813
357
276
391
424
208
441
284
353
160
654
689
305
251
465
22
298
495
686
7
163
71
42
188
22
580
390
172
164
122
243
695
142
551
176
284
43
510
224
671
438
699
516
644
78
315
324
231
128
794
808
199
711
749
386
751
316
6
516
122
638
477
648
515
260
65
121
826
194
212
330
101
723
128
696
721
296
283
454
601
420
11
739
166
783
687
101
829
720
588
529
261
130
817
252
794
613
461
337
430
665
90
157
614
724
645
788
315
473
607
357
165
212
757
201
768
381
575
53
289
510
724
401
388
582
205
48
350
67
789
90
389
467
392
801
373
104
647
526
198
155
592
809
651
62
636
696
97
611
99
734
370
96
457
644
621
719
646
767
555
77
647
414
54
168
817
710
652
385
238
641
290
84
274
367
669
152
69
147
337
371
259
827
689
323
429
800
525
661
521
731
424
621
599
294
805
388
112
644
428
31
448
177
764
438
329
816
597
200
527
658
5
60
166
121
504
422
830
619
8
214
92
108
794
608
357
298
424
735
281
583
294
538
81
395
178
162
317
724
727
589
642
358
280
755
686
459
456
680
696
153
616
115
22
60
823
549
767
742
672
155
128
1
186
596
505
762
66
757
765
647
111
735
613
458
676
745
93
131
418
416
334
537
327
442
259
268
369
197
712
58
181
476
706
598
685
484
498
49
325
392
521
562
45
209
502
351
239
313
800
643
791
464
187
160
734
94
41
511
365
444
612
538
116
188
44
782
601
638
404
688
107
449
8
324
412
269
311
563
640
218
141
116
360
355
344
549
758
761
673
244
376
41
155
172
82
707
655
137
561
261
294
812
279
336
650
377
744
340
690
88
54
91
476
231
439
456
657
202
126
382
312
593
358
579
418
783
160
479
696
375
137
239
766
559
285
515
81
382
543
196
75
194
576
677
102
187
401
269
730
513
738
60
97
777
512
557
629
313
379
536
173
799
811
381
80
377
498
263
462
344
346
6
375
114
544
152
680
55
430
594
237
473
259
308
365
54
592
152
157
552
480
315
703
224
511
615
401
491
217
633
188
401
703
27
363
642
24
345
574
439
158
597
176
757
320
456
116
785
191
721
443
62
158
337
632
370
526
600
133
642
251
595
29
556
197
373
481
154
153
628
427
427
786
519
828
185
521
454
770
322
309
806
258
451
233
293
462
736
624
294
95
167
606
817
355
148
608
746
688
34
690
35
585
717
772
433
153
788
60
475
609
74
570
569
274
386
498
129
264
7
184
29
531
818
332
340
542
689
289
505
610
232
30
87
718
476
424
549
191
85
169
69
539
224
399
349
527
676
495
49
472
308
434
719
424
532
420
421
16
423
13
283
386
212
15
665
283
454
735
224
724
27
305
419
495
191
774
577
298
591
123
826
177
609
110
480
426
547
486
718
632
75
506
460
664
817
701
92
470
87
393
153
703
480
630
722
272
76
305
756
377
586
29
205
240
437
509
396
336
827
566
717
684
590
440
132
727
438
309
463
514
794
10
261
649
737
194
557
158
116
365
267
6
59
560
109
416
265
58
131
177
448
329
426
649
472
806
135
816
700
523
28
607
318
288
728
173
371
518
33
145
252
239
223
137
48
275
634
525
84
715
5
18
326
29
341
268
146
170
513
39
443
619
752
236
708
295
528
203
164
565
258
568
815
817
188
259
792
215
600
332
671
765
410
217
702
808
27
688
491
181
668
133
562
732
701
490
174
576
426
119
3
615
658
33
20
464
197
538
166
775
28
237
669
205
394
405
678
805
254
477
196
392
335
819
543
728
246
231
734
477
36
128
756
435
451
151
627
127
548
120
306
205
391
616
5
812
592
75
2
346
462
276
714
312
596
430
810
805
192
166
592
129
389
63
371
759
325
83
332
276
134
57
762
634
143
687
639
194
464
681
738
351
483
445
694
470
346
484
377
182
510
470
28
463
305
341
239
544
345
55
426
666
310
249
651
169
499
540
754
827
402
723
549
403
575
789
112
229
790
267
337
537
78
24
427
614
773
276
253
512
43
593
730
75
271
36
477
319
683
471
187
221
660
536
465
439
3
757
724
167
364
51
146
551
553
523
480
374
645
379
187
725
805
564
399
391
392
115
95
23
629
612
441
808
171
213
437
374
816
800
612
381
479
228
541
365
358
530
545
769
436
825
347
362
519
302
575
713
626
316
829
273
801
812
788
238
564
340
557
789
640
578
699
549
494
357
344
281
553
357
308
72
52
324
200
220
740
689
291
209
731
735
367
405
645
207
295
570
289
540
436
697
522
395
48
99
491
298
777
258
131
152
750
395
415
324
422
546
84
306
697
649
736
491
619
349
172
36
26
361
86
183
179
423
567
609
454
324
318
50
691
795
136
708
32
662
697
658
5
573
657
20
270
795
549
332
197
43
565
373
308
72
241
220
251
191
59
465
497
263
151
244
476
153
705
170
514
472
491
456
250
655
181
166
2
390
668
260
375
480
451
173
337
181
329
149
318
609
773
133
748
134
488
558
482
672
603
98
259
479
637
69
224
584
719
701
185
791
18
48
453
326
522
228
128
125
498
678
788
435
166
68
477
89
621
534
537
265
709
22
84
594
653
461
93
822
461
371
600
222
679
434
518
778
422
491
808
734
13
402
598
648
285
375
438
458
12
810
274
77
314
269
159
345
631
286
188
738
635
738
793
587
279
602
200
420
815
567
281
795
585
578
148
793
370
63
226
90
205
27
477
516
301
432
103
167
800
490
268
675
171
563
249
719
93
340
791
320
524
747
304
178
106
16
76
625
343
131
101
588
549
533
191
582
165
112
407
557
759
110
825
6
517
162
49
513
133
142
668
227
428
487
512
743
384
785
234
700
376
614
362
355
257
523
468
823
627
754
631
650
619
61
94
221
702
666
464
806
84
801
586
406
175
76
729
433
218
98
241
84
522
594
91
241
112
300
120
169
598
443
179
144
525
770
776
97
294
703
777
463
138
564
358
143
605
270
761
272
671
267
239
67
318
441
569
110
68
587
94
820
342
450
517
182
555
399
488
630
739
6
43
107
276
549
30
587
140
9
59
187
773
685
105
454
273
461
335
664
767
331
305
118
306
829
584
53
768
805
710
721
684
686
576
486
747
343
424
636
740
210
402
600
379
354
597
713
271
300
531
373
47
681
335
455
294
731
620
189
165
318
504
214
694
490
828
732
159
815
244
563
550
775
514
529
691
755
632
653
568
323
687
120
555
484
570
571
355
616
804
693
609
501
406
385
27
822
681
523
88
650
694
450
414
408
324
4
177
399
357
340
297
279
820
801
167
712
39
397
570
415
36
314
67
518
805
524
136
714
697
244
307
264
672
707
240
443
412
672
195
507
685
304
418
213
619
298
208
715
396
490
764
369
550
39
477
580
530
409
727
170
321
386
755
153
536
651
580
762
222
644
642
405
521
697
397
227
353
720
263
346
106
59
240
472
490
308
169
679
136
206
805
491
94
466
120
277
272
715
302
264
156
571
88
22
258
639
633
545
309
78
483
353
314
182
628
826
96
216
581
279
36
253
382
226
46
766
212
343
131
542
620
252
39
432
175
66
723
537
39
772
428
609
524
156
467
293
155
626
815
745
672
404
198
328
110
53
4
809
266
606
545
751
111
198
7
566
606
664
804
2
727
491
662
486
223
145
631
585
243
278
5
665
1
79
28
81
763
432
386
44
318
683
359
709
780
355
677
61
162
111
769
82
583
224
561
159
652
384
614
223
524
641
116
250
242
367
660
613
600
328
693
255
100
760
830
719
494
514
355
75
362
62
615
61
334
675
245
621
506
186
561
255
702
750
743
307
475
193
291
827
756
810
274
349
666
292
480
682
785
319
166
215
16
449
356
497
533
373
301
685
669
181
150
238
698
422
284
550
267
291
706
253
266
648
180
742
301
774
101
583
764
3
664
312
46
1
497
279
664
635
445
746
291
235
71
742
153
136
621
169
244
35
215
71
342
99
169
267
368
327
133
63
561
545
328
405
58
468
359
23
525
235
457
530
310
360
123
130
208
78
450
455
320
630
165
681
539
609
150
582
90
260
172
327
318
506
723
525
724
619
412
147
600
510
172
419
238
252
815
226
636
817
806
733
71
375
809
92
393
409
283
362
688
248
464
599
415
297
345
41
771
74
153
194
664
168
93
139
490
752
806
650
302
561
629
401
450
236
43
325
227
188
599
814
493
266
576
135
264
533
321
523
629
15
348
439
36
708
432
555
536
776
614
472
132
530
621
89
727
621
802
117
584
717
733
444
438
68
367
46
626
52
775
304
549
129
130
750
537
530
460
569
547
632
581
621
730
492
201
262
641
228
828
626
689
654
178
780
734
637
585
271
139
471
144
389
614
252
40
335
348
264
710
173
57
538
818
664
219
343
141
254
782
580
269
506
714
688
42
313
237
39
691
672
372
684
575
784
704
572
353
35
367
40
139
514
731
240
25
333
121
821
615
510
88
460
454
252
273
315
452
399
455
32
622
414
671
623
396
559
658
686
189
741
505
291
311
452
30
9
291
2
363
105
641
599
490
483
635
186
248
600
799
642
425
333
57
470
392
436
178
655
705
774
421
216
101
108
212
41
584
158
598
92
571
75
467
221
455
646
414
472
573
561
685
426
115
449
218
568
533
670
191
436
822
187
329
505
499
255
227
452
574
203
829
610
383
263
12
746
683
143
103
416
828
793
42
564
41
282
649
24
414
452
512
508
390
85
228
19
85
17
313
710
492
428
643
637
689
297
777
11
106
306
242
785
655
700
126
220
25
232
640
778
778
738
23
666
688
812
473
821
788
198
428
593
824
499
780
113
419
186
808
528
781
782
215
134
210
105
479
642
511
299
830
385
488
439
230
594
362
169
774
420
15
650
784
86
495
453
413
569
25
658
711
226
620
195
140
777
57
99
112
73
340
722
752
622
754
658
429
625
315
360
13
456
279
154
592
241
109
344
30
78
324
165
550
786
368
511
610
649
547
564
153
239
257
35
406
445
705
181
356
694
363
755
104
689
158
338
96
373
96
513
127
764
41
450
214
277
132
253
625
468
501
553
304
575
592
57
542
207
416
607
487
364
647
339
467
652
409
653
589
191
828
228
787
569
763
441
498
138
578
227
52
402
211
519
367
182
70
562
151
336
653
402
710
234
44
85
245
431
472
506
48
83
688
694
185
727
828
451
135
136
470
824
444
361
538
66
385
473
58
199
73
755
176
540
594
104
820
382
89
41
763
332
110
431
471
694
659
298
466
282
29
361
520
37
720
295
477
123
198
430
405
748
96
175
172
706
196
679
660
651
718
123
343
370
411
126
415
242
492
355
656
365
586
42
482
554
813
812
502
764
211
194
700
284
162
141
300
502
570
55
55
558
436
540
71
347
640
405
755
154
155
25
153
357
628
803
161
17
595
148
47
783
36
54
166
785
21
397
39
137
770
453
74
91
574
487
162
211
617
74
762
619
298
161
400
174
281
89
605
81
74
330
312
810
476
580
202
551
344
527
161
200
75
488
156
700
690
181
359
480
614
10
345
529
532
340
573
269
414
424
8
195
658
4
489
152
824
804
587
785
597
148
123
328
614
465
19
66
232
46
788
727
818
568
566
655
528
718
765
13
577
707
250
60
474
231
301
437
7
286
299
398
518
401
452
595
425
378
556
177
110
249
266
335
26
643
638
177
772
345
661
749
700
687
14
206
817
171
818
286
66
802
651
360
41
705
653
434
499
73
736
602
452
764
236
488
699
329
314
825
100
379
25
461
283
791
244
457
132
19
754
612
134
558
531
358
62
148
570
31
416
25
661
118
242
539
340
419
399
62
544
160
221
609
541
6
124
483
692
352
410
694
23
526
277
48
129
13
252
764
110
789
772
282
21
373
364
338
320
452
272
621
476
55
607
307
716
630
749
252
805
243
690
487
705
807
330
787
649
24
598
507
282
637
440
245
532
249
433
319
484
763
568
175
137
700
122
361
367
622
731
176
146
523
815
709
706
591
165
438
268
331
565
10
342
692
87
388
807
621
820
226
678
340
600
133
744
58
617
595
436
804
766
83
751
92
17
44
250
663
281
764
111
614
82
297
89
803
168
66
555
224
495
534
395
281
514
665
169
674
62
541
695
133
297
207
502
562
175
483
253
92
86
268
601
765
227
742
460
714
786
464
631
13
149
714
474
603
749
470
475
283
659
516
710
114
367
239
454
247
91
11
366
390
481
741
49
101
755
306
290
824
229
335
663
21
789
626
445
531
215
769
702
427
413
534
196
710
513
81
303
98
97
26
234
214
89
94
190
314
663
44
86
370
481
529
611
407
432
218
664
625
81
524
109
793
453
63
732
534
735
779
68
282
408
211
74
633
301
424
318
290
757
676
734
799
95
174
147
394
20
376
548
365
656
131
546
247
58
761
319
455
338
538
686
485
331
798
401
541
543
141
14
812
221
677
605
130
106
173
328
420
235
675
248
447
717
746
567
480
366
477
645
749
758
704
564
376
101
167
669
668
723
15
690
801
133
86
383
747
32
332
823
630
291
485
771
262
827
158
715
36
646
645
278
235
12
417
407
79
765
650
198
439
724
70
361
533
108
142
216
106
647
522
153
329
346
179
342
331
219
526
279
492
214
146
91
732
62
776
243
749
302
325
558
616
484
647
46
217
165
439
4
190
658
356
281
577
319
30
113
304
259
129
549
111
245
377
636
674
93
89
801
583
280
534
53
669
484
646
775
544
24
629
80
254
437
810
564
457
300
411
296
471
569
164
604
155
360
375
160
403
182
461
379
676
508
503
719
788
732
8
261
373
119
490
212
167
174
371
255
368
735
141
168
247
85
31
503
11
337
337
236
25
425
135
16
765
762
769
400
525
581
559
38
416
444
690
352
368
811
390
579
267
596
185
214
71
650
150
671
36
809
683
629
208
57
749
610
416
286
457
692
208
58
56
732
275
46
772
282
63
168
31
411
207
228
794
158
112
515
642
746
647
277
520
664
194
666
486
402
616
380
5
587
49
244
71
59
766
663
67
7
94
807
785
801
295
559
273
289
604
584
234
800
695
659
614
812
264
178
257
699
306
681
697
79
636
799
291
794
88
287
121
2
363
75
618
610
135
24
209
398
178
240
668
73
402
279
728
169
195
123
248
735
493
270
634
800
339
305
421
480
673
430
303
636
186
293
177
194
147
45
136
533
98
90
307
645
31
696
644
222
556
472
533
128
404
523
437
773
373
124
771
507
637
377
630
187
405
406
763
595
152
33
684
675
557
385
768
641
71
37
529
369
298
175
33
794
759
81
790
623
83
736
538
458
826
403
559
699
134
44
730
477
759
104
208
626
77
186
153
499
611
816
419
441
221
723
312
108
368
439
698
81
219
526
477
663
534
514
514
578
19
186
274
570
760
635
342
263
771
465
197
370
776
287
827
347
526
150
735
433
813
511
478
666
794
238
390
720
343
576
118
223
706
32
273
48
380
178
611
511
331
744
795
783
310
610
480
479
514
286
696
17
653
785
254
493
10
741
818
776
327
586
54
686
406
186
681
188
701
73
405
553
101
518
579
406
627
752
97
600
790
815
406
75
247
692
212
450
680
290
303
429
824
378
173
201
670
540
285
33
699
572
127
317
785
504
764
509
217
808
743
21
552
76
102
35
453
516
245
545
674
249
578
258
162
594
728
570
739
755
830
237
334
538
146
203
537
513
210
253
262
16
91
638
200
169
394
749
374
39
349
632
264
493
484
278
392
362
3
554
219
278
523
703
595
583
340
327
755
290
651
454
138
706
691
760
137
367
642
177
261
636
119
565
272
231
552
727
224
83
100
208
221
160
656
156
601
753
384
410
189
437
677
417
289
661
523
744
95
536
497
185
254
543
588
99
239
387
764
460
251
816
725
70
48
757
82
206
640
271
455
185
609
265
384
546
807
781
159
493
252
821
749
789
483
753
439
311
681
729
190
371
191
599
142
451
355
264
736
53
273
506
362
647
203
242
626
340
430
573
657
454
164
318
375
815
435
379
755
655
166
381
168
812
193
607
241
441
181
806
565
348
540
467
658
225
435
604
386
380
360
136
773
206
629
657
392
519
632
431
468
128
780
228
689
618
164
470
630
35
808
336
232
190
707
777
520
88
431
204
509
356
177
588
138
744
665
220
118
571
58
375
566
619
334
100
147
608
809
54
487
31
613
708
256
232
207
96
203
380
213
179
651
686
143
815
557
821
657
470
285
518
464
553
214
630
767
87
460
135
571
343
657
362
722
192
260
92
784
293
184
324
217
792
190
465
830
505
547
523
125
184
737
487
260
802
202
696
810
264
641
814
301
640
200
387
797
499
2
322
312
682
218
168
136
142
322
377
497
178
790
463
424
372
601
499
455
474
474
238
830
108
506
256
515
291
665
109
722
502
245
208
426
343
234
255
235
104
497
663
679
681
37
278
778
691
677
212
801
303
111
537
456
267
603
795
316
100
597
212
665
627
571
127
666
403
514
195
490
187
594
10
784
647
488
281
488
501
273
215
799
743
542
819
136
681
352
375
238
349
804
708
490
61
750
544
310
183
112
743
192
465
671
57
812
799
257
792
569
219
264
534
730
36
556
435
92
635
621
523
781
137
293
223
288
291
556
305
185
336
586
712
405
180
202
533
457
770
192
570
466
32
268
295
623
230
658
396
609
36
86
150
281
683
793
381
202
475
201
186
622
262
802
396
471
227
776
372
300
497
724
808
830
384
700
372
598
299
739
671
197
830
473
569
118
291
388
448
605
94
808
732
57
581
602
589
418
671
261
495
176
562
242
314
803
758
810
471
625
680
261
257
378
622
506
85
292
184
475
727
595
133
467
489
115
12
237
538
802
528
62
626
223
667
694
800
483
158
211
732
515
829
33
440
24
473
411
75
429
738
107
786
612
180
157
312
480
699
422
146
124
81
218
413
77
591
237
753
331
210
319
339
256
652
394
352
339
265
612
784
371
571
187
236
480
302
603
449
484
626
156
485
373
819
240
579
350
414
468
150
657
709
808
166
27
263
671
230
398
302
516
722
113
687
362
546
357
435
202
738
640
250
312
160
439
336
291
576
173
574
287
346
668
544
330
321
825
265
779
151
617
327
47
89
150
378
717
815
213
681
14
660
747
219
379
420
376
619
402
344
578
779
339
310
668
693
398
725
418
205
551
180
114
769
358
720
153
796
417
271
635
634
473
623
526
729
767
294
56
153
734
302
218
559
96
300
412
275
572
12
635
826
503
415
827
370
450
308
560
805
346
758
248
18
82
123
575
486
350
759
600
505
83
598
318
666
221
740
325
638
42
312
591
304
713
559
565
209
447
700
624
446
717
647
91
766
433
494
513
219
732
60
812
280
324
195
184
223
218
355
664
131
605
275
51
765
737
731
522
791
606
197
795
473
270
201
651
147
445
516
546
372
297
590
731
574
730
712
296
75
400
582
689
11
610
600
293
217
359
200
236
702
631
556
699
321
422
351
346
366
711
510
488
106
279
747
790
800
3
19
642
708
360
428
760
486
100
183
50
137
495
69
744
518
382
827
549
488
392
724
96
355
114
725
776
753
403
656
696
637
625
214
681
152
681
373
54
366
827
462
248
47
33
36
783
434
765
678
237
184
303
35
83
109
787
321
594
29
268
817
825
558
547
289
754
558
131
173
649
326
417
344
391
615
655
565
495
538
369
783
623
98
624
397
387
504
517
396
102
800
175
781
188
190
724
617
548
804
770
286
348
7
633
392
574
388
665
3
340
142
518
122
617
213
541
345
169
775
23
253
212
628
636
746
737
308
450
93
456
183
746
405
333
639
593
349
525
90
705
700
58
616
305
492
714
542
594
372
169
154
565
81
137
511
14
154
101
47
199
536
324
77
168
659
39
557
115
221
555
6
712
499
424
739
99
373
178
482
411
581
778
289
454
719
584
47
426
437
536
176
356
593
39
727
448
13
417
358
240
479
83
429
696
424
295
577
268
759
761
725
256
386
769
472
793
828
55
289
735
214
670
213
411
161
165
285
574
718
188
562
546
395
491
779
610
265
21
603
700
423
732
759
270
322
236
31
325
414
174
452
113
506
449
648
229
187
637
579
476
239
416
423
401
449
176
735
383
549
6
300
214
825
77
134
298
224
516
728
688
623
507
297
658
788
697
256
676
746
609
97
458
551
512
547
9
459
745
699
491
615
759
781
448
319
595
170
427
514
635
193
250
437
224
261
54
634
290
575
830
672
79
58
369
729
489
564
425
829
580
609
136
335
147
383
149
824
646
421
510
655
674
596
524
274
115
731
85
173
175
433
119
568
412
276
509
697
771
705
575
329
259
105
611
735
455
587
158
53
334
178
17
415
166
62
5
176
335
4
775
257
216
674
300
90
662
644
597
360
17
734
669
12
181
326
94
605
775
53
21
727
426
81
105
634
465
767
719
192
47
711
336
167
155
186
520
455
336
788
121
333
322
78
411
475
277
591
727
729
698
434
398
651
566
3
28
96
227
455
6
160
104
185
309
191
162
796
555
808
675
256
25
726
289
415
87
479
764
56
624
777
358
697
793
68
271
386
311
656
767
265
383
468
791
201
95
418
598
285
34
262
410
723
803
233
657
50
666
486
383
31
243
415
692
807
477
517
638
609
19
603
59
88
344
7
673
548
673
528
439
825
678
783
392
668
464
548
741
470
788
305
46
582
121
540
680
455
64
781
288
349
334
14
372
789
347
705
807
515
830
231
482
807
317
102
137
206
352
199
381
658
52
741
46
32
419
576
51
25
153
471
286
660
422
546
533
732
304
194
70
445
245
764
190
339
321
148
19
726
440
105
787
364
630
632
50
47
145
339
688
417
650
624
676
666
389
543
728
786
695
452
651
547
133
163
827
68
342
433
68
554
812
752
434
604
77
464
203
18
556
302
408
141
176
718
740
25
400
440
709
11
314
136
379
508
206
163
390
13
122
414
27
409
634
722
191
158
283
714
646
531
468
525
812
442
411
695
82
227
699
497
135
6
265
151
485
804
164
201
70
358
707
458
659
627
479
710
829
35
460
773
750
773
621
151
689
111
223
390
305
406
64
74
363
650
645
129
474
197
270
208
210
467
250
566
47
658
753
230
448
290
492
338
519
141
552
799
485
691
678
146
410
37
648
601
830
372
104
410
407
562
324
614
778
776
223
200
77
659
277
270
422
409
771
550
2
78
344
203
552
414
561
37
68
703
263
465
325
672
220
226
607
612
10
13
622
299
448
117
527
801
17
450
113
372
512
453
265
504
215
219
45
224
708
16
171
549
828
204
440
577
214
186
809
213
681
171
658
147
381
143
787
37
158
4
35
557
571
358
370
552
365
361
807
536
167
793
303
26
681
276
751
604
92
111
749
605
274
120
765
694
443
742
712
235
537
93
409
520
512
818
549
726
650
564
160
403
806
634
465
587
312
161
514
631
371
822
579
158
727
281
601
383
170
347
31
380
222
667
22
196
426
691
792
817
409
607
168
381
237
535
118
12
454
552
758
174
667
222
405
82
218
208
193
826
334
251
303
544
731
549
623
471
400
824
391
388
784
433
507
609
132
334
532
517
388
669
323
746
598
410
98
198
619
627
228
9
255
806
682
219
200
507
436
662
326
701
317
810
792
212
284
279
399
811
114
311
101
714
219
702
406
778
576
527
654
436
308
175
773
541
305
168
256
766
486
187
353
245
395
620
316
62
265
170
39
287
713
200
523
114
53
464
644
411
828
4
383
337
494
10
230
646
474
592
322
507
705
721
436
363
789
745
656
709
197
101
137
301
736
322
789
230
428
537
145
549
285
748
541
116
20
228
249
104
569
413
301
7
92
612
721
155
253
122
751
13
258
323
165
829
391
90
405
381
67
387
499
42
387
124
301
798
233
57
718
454
430
638
103
124
437
784
230
388
151
509
301
199
59
650
347
813
428
232
79
316
394
769
298
146
753
262
441
103
489
682
359
271
331
822
809
683
280
737
800
42
331
209
680
99
103
606
666
162
398
352
804
296
14
706
286
620
575
424
649
826
389
219
15
634
172
778
662
435
163
427
222
390
269
497
213
337
196
716
219
61
525
344
500
415
121
433
157
127
813
380
374
637
370
777
374
339
100
11
266
185
562
460
524
707
267
256
64
181
603
170
114
146
594
196
340
250
482
807
507
608
357
536
591
58
475
720
385
763
120
738
738
348
432
357
388
315
79
397
489
504
749
452
186
616
596
224
345
15
545
503
313
473
260
454
683
223
242
294
66
824
258
516
600
152
583
52
189
169
160
406
283
353
760
730
461
364
166
79
292
367
816
826
732
666
635
327
1
149
156
416
684
193
112
526
757
43
329
408
685
496
385
572
672
460
250
217
669
158
494
644
648
654
178
827
307
533
332
137
224
498
277
826
771
104
372
218
422
301
473
25
776
465
720
692
734
547
706
91
45
284
775
248
481
35
458
209
599
824
816
110
448
286
136
237
437
434
684
451
614
81
800
333
315
211
19
44
646
53
362
196
63
588
694
26
796
486
209
146
139
490
204
406
139
367
290
376
374
62
737
264
187
265
317
327
142
233
593
311
456
559
644
703
741
353
519
476
191
637
394
573
666
817
675
781
801
180
354
309
169
316
492
495
568
37
819
522
144
820
615
305
541
281
780
257
826
792
511
493
51
209
169
555
377
385
773
1
768
701
672
526
378
169
210
755
498
602
442
145
479
58
393
163
378
685
320
360
25
557
226
747
315
233
99
464
242
119
567
685
150
636
708
671
65
43
538
119
528
743
730
786
217
399
421
710
95
224
460
185
376
676
485
49
366
435
15
722
826
589
255
257
392
518
784
791
76
64
530
796
70
207
91
40
47
628
439
126
182
792
398
675
605
712
809
81
105
780
441
351
775
483
87
167
711
711
305
237
470
729
400
128
450
314
252
5
638
434
213
505
495
605
794
644
699
587
655
773
826
244
538
494
140
187
333
289
505
415
428
405
736
262
767
498
624
330
11
181
574
598
740
91
779
166
789
523
416
215
233
18
196
654
568
424
467
689
570
813
261
30
53
10
96
511
449
688
650
170
47
71
173
828
652
192
484
45
627
31
775
167
307
773
277
393
278
272
529
169
557
368
388
222
282
560
798
802
729
354
36
406
275
590
370
352
94
554
24
553
224
645
727
448
595
213
146
736
527
595
656
487
291
582
111
78
74
673
223
76
795
411
285
87
785
595
816
453
213
143
786
383
325
129
287
135
156
152
11
502
107
417
397
806
25
118
793
711
775
204
48
353
767
736
54
236
754
406
571
1
116
373
89
822
675
111
454
254
76
702
751
495
165
132
191
707
809
477
39
715
166
410
309
789
375
283
722
260
455
449
500
538
109
470
545
754
317
686
568
190
736
461
102
411
793
496
255
598
70
561
640
81
197
523
618
529
637
375
582
184
271
234
335
424
549
739
94
320
539
234
415
707
690
278
702
545
424
154
829
679
364
351
622
632
411
507
735
288
320
785
810
726
223
171
332
740
689
139
365
564
28
344
6
188
63
514
729
676
119
181
670
482
300
448
187
520
772
284
234
386
564
690
97
339
51
182
532
234
479
285
522
629
402
511
181
376
452
164
139
136
789
450
697
291
375
662
754
484
747
557
51
429
314
507
68
319
33
579
26
177
472
440
34
654
762
105
69
391
565
375
710
386
703
64
596
390
817
602
502
32
769
227
643
788
758
105
344
435
590
428
680
41
126
294
372
799
815
514
110
375
667
117
590
181
338
224
139
404
813
109
437
198
53
291
464
499
474
563
34
237
295
694
714
93
95
542
489
294
617
759
317
666
713
784
388
645
601
788
545
516
639
540
704
717
473
134
336
656
765
789
109
374
424
701
173
261
428
737
722
775
352
583
519
774
323
54
614
430
586
166
746
278
758
805
143
327
36
767
231
443
37
8
598
85
53
463
627
492
719
49
488
318
124
654
497
693
746
501
522
140
673
488
259
607
86
230
286
62
437
754
812
396
28
682
762
438
342
391
322
358
408
168
463
776
1
36
490
16
759
41
787
749
174
715
642
823
685
129
250
488
646
827
480
406
793
487
148
789
428
207
375
385
168
320
217
366
380
504
288
615
300
496
772
372
547
57
759
270
294
311
477
132
828
10
755
360
435
771
336
473
541
754
763
386
487
736
374
291
572
801
230
162
432
500
586
617
694
533
280
65
514
485
120
158
334
291
133
467
216
398
724
64
266
827
239
241
669
315
501
200
660
226
797
79
49
426
382
453
201
162
674
142
42
360
498
132
436
134
60
316
124
344
766
389
18
587
334
668
145
782
563
177
88
230
144
197
45
208
456
124
645
716
521
754
166
27
603
498
107
450
540
340
272
532
322
384
373
122
515
95
90
567
597
605
582
44
699
526
213
160
95
294
519
427
97
122
730
553
753
20
535
664
707
210
411
781
530
813
366
111
209
319
204
300
208
393
189
292
633
646
115
258
273
545
410
469
384
342
267
473
770
178
794
534
550
758
777
465
28
514
463
213
507
473
772
526
116
485
793
177
67
485
464
454
729
524
186
175
617
402
185
711
22
324
79
325
745
359
184
69
584
497
569
155
544
140
123
345
236
794
771
138
89
99
748
561
81
122
30
820
203
331
293
344
743
643
677
693
6
692
243
692
658
506
394
249
817
184
286
378
235
650
39
258
61
175
650
46
323
157
285
782
759
479
4
111
568
357
400
451
39
280
180
565
386
292
7
390
428
744
63
309
587
77
604
517
348
291
287
745
19
485
167
203
386
76
683
324
647
3
584
189
247
314
329
779
680
431
213
730
231
777
799
244
607
714
112
291
554
131
462
794
143
178
767
637
364
804
668
359
377
614
62
126
607
826
506
1
804
487
193
341
300
695
557
781
412
116
471
659
220
156
10
205
643
459
19
771
485
235
337
801
273
541
542
649
196
451
490
460
816
793
369
458
606
416
321
590
511
800
111
690
723
595
597
200
13
713
224
332
701
83
121
668
273
265
7
27
739
14
634
236
34
212
787
444
593
287
394
747
684
117
520
5
685
80
266
248
499
514
711
676
679
73
115
644
190
315
125
473
475
208
733
616
744
228
41
591
614
432
361
139
436
3
742
409
475
581
270
69
600
487
778
280
229
271
42
186
572
520
564
691
441
9
468
161
470
215
230
688
454
186
618
555
626
819
502
59
177
574
19
294
777
289
286
438
742
827
672
277
207
221
756
784
726
559
713
299
119
223
335
779
250
412
74
568
186
677
361
164
763
421
547
433
471
808
200
738
7
319
65
266
731
410
658
569
813
427
553
783
389
643
739
65
420
505
468
40
609
168
16
328
413
112
66
272
115
823
127
496
392
531
701
152
293
29
439
682
426
21
47
290
433
439
497
381
468
587
356
781
759
636
530
478
572
9
811
93
634
273
763
536
161
91
452
26
274
421
616
425
504
394
201
187
674
821
113
725
376
394
189
614
216
480
296
518
535
571
814
440
120
698
595
235
90
641
294
264
109
262
625
775
640
386
135
381
162
532
133
529
46
74
164
109
554
471
189
197
202
113
448
355
23
157
211
6
407
537
142
682
576
532
140
662
694
422
609
354
412
566
157
7
209
312
573
220
440
503
656
608
26
610
584
38
618
369
784
769
62
569
720
700
796
645
47
250
588
451
574
245
448
205
565
545
584
802
587
497
1
737
296
217
473
573
186
546
711
672
647
511
372
449
508
160
780
750
692
171
465
808
514
234
538
811
149
363
759
554
719
96
460
110
311
822
469
756
56
333
159
653
128
245
632
351
363
435
135
632
312
680
829
391
473
694
96
671
754
452
288
113
658
823
647
329
449
210
552
669
562
185
587
589
718
213
185
554
379
393
95
133
548
522
447
18
724
625
283
528
42
196
467
738
164
539
747
333
37
347
522
337
213
432
550
462
551
226
521
84
45
549
652
267
748
689
723
250
134
49
18
471
151
91
21
528
549
289
594
620
110
816
685
186
32
789
588
78
791
780
33
270
661
781
256
109
595
153
309
564
304
57
625
264
411
556
625
769
625
511
497
488
112
556
579
298
767
6
67
346
808
719
180
562
552
107
781
737
322
44
769
676
68
543
786
815
744
294
169
607
720
436
44
160
322
11
565
525
391
800
183
17
658
827
776
267
39
61
678
161
306
670
585
466
430
726
799
98
544
306
485
541
29
242
499
271
121
486
626
345
797
709
85
392
583
703
323
222
378
399
536
564
604
126
826
738
305
20
781
745
529
658
649
548
131
140
620
212
629
159
62
557
271
537
531
303
531
515
602
718
753
111
84
616
521
221
571
95
11
510
632
99
25
283
307
109
820
494
165
245
322
690
595
356
188
780
657
120
295
616
804
624
664
5
762
134
707
342
714
390
185
629
641
289
492
345
305
386
751
348
719
382
728
711
685
120
371
228
93
260
65
564
52
202
127
361
146
816
427
335
761
535
727
326
543
415
171
111
196
475
556
437
475
429
334
105
792
382
503
247
377
639
584
15
326
396
264
710
67
321
667
348
294
73
220
482
559
790
463
212
114
72
173
652
609
756
308
115
714
580
118
438
46
390
258
181
327
516
187
522
425
780
396
283
277
619
546
533
288
778
339
771
79
394
691
474
61
767
650
287
14
266
131
38
807
169
78
721
145
690
198
626
651
747
82
463
670
628
507
359
689
213
330
397
672
16
521
198
100
769
202
220
176
410
745
644
573
49
567
110
483
236
813
223
521
360
33
467
356
20
780
241
820
523
377
136
669
144
494
106
589
249
450
574
503
84
581
443
54
76
824
566
692
608
692
745
182
641
750
300
564
616
61
225
323
570
299
476
662
420
626
118
478
221
298
399
657
449
373
228
220
700
35
571
275
180
388
719
76
658
367
485
149
809
496
69
573
721
321
288
548
747
8
160
240
222
428
528
502
509
670
810
577
56
563
192
302
410
343
247
736
684
796
61
8
171
711
314
401
379
595
826
362
664
314
591
69
183
559
542
51
586
787
631
85
73
512
37
408
760
245
463
538
260
200
49
249
594
96
777
202
110
48
306
649
16
237
232
412
252
400
118
539
619
494
472
786
551
821
120
647
528
728
466
67
372
185
797
826
629
252
828
326
112
829
145
556
131
565
588
739
438
252
692
8
824
119
21
701
163
615
68
741
558
352
182
779
487
270
527
376
84
558
429
192
398
68
331
210
225
154
144
790
826
762
411
345
673
533
321
764
6
443
771
165
599
547
241
703
378
311
505
364
710
491
648
477
472
733
214
612
559
81
362
65
635
370
392
196
784
87
414
497
194
260
428
115
120
78
428
391
86
684
201
363
790
820
621
657
121
760
513
203
415
702
418
624
509
558
206
579
438
92
253
354
768
799
222
593
208
53
243
592
608
708
9
408
29
68
515
550
482
57
186
610
124
75
540
340
414
449
386
615
717
244
750
149
128
753
829
402
337
100
342
225
489
595
119
728
35
59
174
19
787
269
11
758
517
82
313
822
167
695
689
470
748
489
486
463
242
550
212
181
16
730
730
196
625
13
605
512
252
352
196
25
779
142
744
255
248
209
599
154
279
271
198
715
647
364
727
788
321
45
743
171
326
368
397
636
736
148
345
501
314
440
828
273
188
685
437
654
393
545
576
551
708
634
827
371
575
42
447
400
94
409
285
829
96
732
797
799
693
538
283
64
325
596
543
168
195
319
31
209
193
154
458
412
307
492
131
540
403
58
433
625
401
92
154
351
702
289
791
478
57
514
792
491
154
652
110
151
404
365
600
760
536
117
245
713
757
491
322
307
120
527
399
231
781
87
433
59
445
759
627
740
68
343
289
425
480
5
145
49
713
624
727
748
770
144
353
450
157
823
348
30
186
120
516
247
649
730
59
773
85
529
512
731
514
475
811
263
392
687
769
141
664
742
504
582
715
749
154
10
4
319
371
98
572
84
458
74
311
135
594
73
352
506
153
703
406
632
317
88
824
802
470
28
221
179
642
18
664
208
538
81
615
164
87
38
457
605
370
503
688
615
482
818
698
323
288
626
180
532
606
278
20
674
433
735
98
813
505
417
405
799
791
561
601
234
19
711
14
99
176
595
286
739
424
53
155
623
147
684
694
286
449
757
702
49
164
17
803
336
578
395
813
91
326
187
342
306
466
426
63
362
706
621
206
12
342
234
702
823
202
810
620
238
673
759
331
451
507
648
47
429
317
341
248
108
247
542
445
125
661
123
700
683
655
52
444
323
745
3
46
714
307
134
468
452
691
516
646
448
194
477
205
217
447
413
38
348
730
617
734
753
240
362
56
586
410
224
331
680
668
47
46
417
180
304
410
256
694
720
573
113
237
679
235
587
610
501
120
617
517
289
153
540
644
321
205
619
95
670
296
801
817
446
368
159
47
311
272
379
370
760
130
146
415
367
362
714
438
241
179
106
590
531
378
688
370
822
326
540
529
614
604
586
676
808
766
616
644
603
445
94
410
748
1
592
799
203
309
652
71
669
64
599
462
339
374
418
384
826
233
411
444
140
788
273
738
261
58
301
188
400
445
547
160
74
357
17
194
69
566
488
192
442
350
791
106
552
671
145
655
325
671
474
589
359
658
429
285
88
643
410
777
736
808
712
462
596
111
501
527
201
335
270
541
167
371
393
114
450
236
299
761
534
152
627
106
659
377
163
382
38
85
349
296
437
653
374
41
280
105
244
426
660
75
326
92
732
312
779
795
454
495
60
163
599
186
388
430
30
830
151
246
147
382
548
149
658
116
355
823
538
825
625
557
36
266
734
407
441
256
62
436
787
525
418
637
92
454
245
288
438
110
253
27
738
404
256
64
556
406
498
304
289
84
543
698
395
348
728
84
662
140
461
354
470
589
142
644
746
442
679
3
569
34
351
322
224
296
23
300
427
187
281
304
161
23
536
362
97
157
400
306
806
773
9
538
486
350
792
56
366
750
768
439
189
72
774
335
15
142
332
486
138
234
139
350
478
628
84
441
617
201
640
767
691
618
603
212
130
47
7
428
239
368
616
163
243
368
330
503
426
523
196
354
593
570
671
57
114
33
738
87
610
303
75
219
793
6
577
595
49
323
88
722
489
37
417
700
817
567
512
299
811
315
384
764
794
473
34
730
202
103
473
276
279
282
667
791
826
167
602
218
485
646
251
721
242
682
695
761
591
747
645
211
663
212
134
480
693
435
8
467
61
54
64
195
130
591
213
801
159
804
682
660
812
532
402
46
738
176
536
548
636
661
346
800
461
89
141
338
552
735
492
566
788
134
607
132
229
689
793
387
193
213
101
174
658
763
781
31
356
56
350
430
159
312
110
369
637
670
368
80
827
17
595
541
450
506
816
262
495
626
205
203
510
652
527
39
36
149
585
720
239
50
462
363
482
330
225
183
437
135
646
77
111
229
79
121
760
228
445
92
760
295
189
60
534
359
830
13
546
470
85
298
93
239
519
427
19
102
624
296
114
513
191
346
561
763
160
552
807
52
500
523
436
517
171
333
668
676
543
676
284
6
34
815
388
795
436
255
230
136
206
50
402
464
448
89
708
377
692
415
533
590
494
736
618
779
742
559
282
683
109
383
643
649
170
602
124
412
674
322
779
535
267
703
352
414
334
451
227
132
393
82
2
159
625
156
526
202
593
755
360
798
84
440
31
559
327
557
118
629
484
504
593
802
9
643
207
106
460
342
104
113
56
51
595
227
274
163
309
580
145
529
816
513
605
283
212
642
368
139
600
815
747
776
310
826
242
55
274
477
341
49
326
60
332
765
317
437
175
618
263
227
508
768
390
316
268
551
603
545
201
507
32
586
202
685
663
264
354
204
114
714
495
184
474
37
681
219
742
388
435
643
166
385
215
310
564
234
587
93
229
1
579
35
609
284
259
202
1
339
241
360
175
688
599
519
589
512
333
508
755
804
738
544
381
569
416
737
14
818
436
628
782
336
476
726
123
134
812
629
717
132
735
72
21
667
695
539
575
755
69
189
752
476
330
555
211
244
737
8
481
45
283
750
57
469
398
122
447
279
104
50
252
678
673
172
814
108
745
461
89
786
367
17
421
536
419
47
313
671
582
193
112
520
814
577
59
795
235
695
612
526
632
307
335
586
442
779
732
511
101
598
756
814
789
594
49
61
634
408
733
131
160
488
274
341
391
116
784
664
359
12
716
134
382
666
381
785
453
804
66
174
69
618
686
610
554
460
736
313
517
785
58
679
828
282
383
472
725
787
20
686
202
756
587
161
227
541
408
655
487
154
243
804
646
6
600
64
403
288
414
190
456
548
73
694
102
76
589
279
49
522
653
95
191
402
325
454
568
525
372
602
384
459
780
81
177
729
685
290
481
369
642
324
343
239
307
354
732
568
165
96
425
660
744
380
512
484
449
138
208
115
526
454
606
644
622
333
443
144
149
265
693
113
756
383
506
398
177
11
62
349
487
289
201
697
621
22
772
103
195
627
194
76
439
339
330
774
417
716
420
119
416
295
771
362
247
159
694
829
734
50
329
426
450
738
280
391
114
527
633
536
131
303
327
591
584
395
350
57
242
726
226
21
369
388
438
467
603
225
48
161
238
94
73
769
501
738
501
558
16
587
221
689
555
108
232
437
609
822
334
482
649
239
346
253
584
19
396
215
183
515
620
208
535
366
286
172
321
594
68
424
15
423
121
408
121
625
341
467
151
360
763
329
693
254
91
145
69
774
284
703
717
717
279
223
435
708
365
135
461
274
387
557
814
441
269
782
748
2
140
221
122
43
218
76
752
460
248
628
496
364
343
768
777
455
556
493
822
156
348
796
787
612
78
574
459
238
185
688
424
18
694
525
772
73
337
39
372
232
633
216
251
371
332
426
624
234
270
53
181
654
624
352
555
796
177
173
5
517
310
142
127
455
99
190
611
229
637
719
544
590
518
68
461
351
707
583
621
572
106
155
510
28
399
814
822
784
305
642
603
456
644
760
188
769
332
579
310
732
663
581
631
689
728
393
823
41
635
511
116
815
618
718
7
592
189
67
256
155
736
402
255
649
607
2
494
24
561
540
457
739
94
80
70
383
540
464
766
330
206
701
458
210
620
367
773
452
444
390
649
711
172
573
166
316
334
25
547
625
254
469
621
361
439
96
671
448
431
117
420
763
776
486
231
32
205
302
645
810
402
23
584
613
656
813
425
373
133
675
622
426
662
287
690
300
1
12
805
773
817
290
195
323
751
645
407
256
193
465
241
394
360
748
534
726
382
62
601
792
693
65
145
661
785
691
403
643
201
725
527
180
312
664
16
267
517
516
30
149
694
329
202
463
807
148
91
132
542
590
815
364
733
146
552
578
306
156
531
438
447
103
450
719
21
157
559
46
631
731
415
140
200
719
564
605
198
554
279
269
370
497
73
594
14
131
477
666
80
503
451
811
782
604
604
306
163
72
623
765
618
435
189
538
468
136
671
315
646
815
307
478
25
511
623
143
226
534
448
759
415
745
526
405
189
407
830
678
204
271
554
770
22
412
568
303
343
498
812
71
826
291
123
539
751
818
184
321
531
543
536
335
596
199
176
57
92
204
57
242
552
141
446
583
368
9
468
508
790
545
346
696
583
420
150
340
389
525
300
29
583
47
98
237
409
414
803
167
496
817
181
479
49
566
593
588
686
236
419
53
362
578
490
679
606
154
154
638
627
404
386
265
171
775
826
229
551
444
290
569
454
366
588
109
451
620
575
555
586
571
653
233
542
333
738
110
577
469
51
439
631
350
653
679
112
635
728
589
425
175
276
615
790
815
175
751
285
456
600
48
462
280
592
826
335
733
707
368
529
584
498
80
326
40
13
180
553
665
225
755
430
377
572
594
438
329
298
802
254
182
697
209
604
109
630
19
10
608
470
550
49
631
150
623
736
359
390
307
123
375
583
50
452
814
569
193
31
268
18
738
544
615
794
92
222
744
497
292
543
575
64
515
161
236
323
77
216
674
730
511
152
586
787
366
479
310
163
793
451
413
265
8
609
265
303
773
270
271
449
108
331
262
324
478
571
345
353
73
278
24
601
742
368
695
85
280
424
606
732
610
761
168
454
335
109
70
738
823
467
62
125
538
571
734
805
733
505
236
351
743
443
235
730
715
696
484
776
277
22
12
309
80
369
368
488
246
747
692
223
384
540
57
409
376
355
767
606
458
554
231
79
546
259
642
192
577
198
639
744
598
714
502
348
356
288
712
146
302
64
216
782
708
316
639
772
580
96
263
294
498
66
297
329
522
727
676
403
375
57
265
213
475
384
407
445
67
29
186
257
571
551
363
394
542
174
512
144
432
348
548
252
576
777
690
631
485
28
805
81
601
294
544
307
529
177
669
532
233
574
140
197
577
561
533
413
732
5
599
420
115
235
615
201
422
459
716
537
120
108
265
137
644
622
594
209
608
435
10
360
741
448
666
191
462
364
678
712
534
723
186
717
764
316
585
186
592
671
336
142
75
13
61
441
38
141
635
38
537
434
581
391
119
585
250
173
348
741
642
647
573
245
701
630
87
344
476
502
242
590
547
46
775
100
200
63
612
676
564
162
281
587
381
668
217
25
550
290
45
118
826
78
797
221
229
770
143
454
641
241
684
87
26
546
238
556
351
34
640
776
401
460
827
472
756
78
98
177
611
41
817
678
517
286
480
108
684
160
41
602
579
642
255
81
531
391
809
39
571
735
770
601
361
782
480
407
601
566
666
73
828
44
580
794
570
775
469
679
302
271
181
280
772
55
642
426
743
175
445
729
35
489
611
802
678
758
181
650
12
250
362
612
9
634
590
106
585
391
238
8
379
380
701
284
71
723
742
18
232
517
335
637
708
829
101
279
742
698
390
280
628
800
338
739
257
132
8
589
471
155
516
175
824
108
149
327
190
778
829
823
642
685
803
287
718
684
372
52
123
165
400
535
515
63
333
323
545
17
467
721
237
752
66
559
709
282
755
156
141
318
128
152
247
223
688
481
42
741
65
80
283
458
637
605
124
497
721
492
341
196
158
480
430
802
229
56
552
223
682
551
162
769
177
54
21
10
740
375
356
80
802
321
784
514
201
386
605
674
57
677
515
640
731
478
168
238
514
120
462
451
272
423
591
423
14
252
674
229
129
311
742
77
206
732
193
233
28
540
295
113
221
761
164
300
687
744
131
689
521
658
470
188
625
177
789
289
89
263
575
781
816
766
673
499
38
208
609
458
131
1
130
786
260
235
518
227
381
466
12
193
577
330
453
134
313
715
124
68
259
407
656
72
550
597
602
413
423
53
247
305
374
719
551
259
606
235
82
733
193
170
688
239
652
128
777
803
520
759
421
829
350
293
602
349
350
367
549
95
227
80
26
318
808
580
475
352
139
201
338
97
271
330
585
657
106
414
498
172
829
34
681
794
217
217
560
373
728
254
604
535
323
772
582
426
402
340
320
236
670
768
367
510
156
182
732
621
101
74
3
54
474
625
158
462
214
456
687
786
198
804
275
93
418
593
367
716
69
621
579
334
404
549
216
766
439
809
764
172
155
334
425
210
316
746
45
677
317
697
170
98
616
643
323
145
180
151
228
304
453
97
621
43
658
20
403
121
340
555
678
558
691
98
647
298
524
87
593
67
398
236
288
70
659
564
271
92
595
203
241
810
379
60
220
728
534
313
180
259
160
649
201
465
248
126
17
140
429
227
60
403
340
526
559
381
712
380
512
220
618
739
522
361
817
183
487
469
314
171
294
303
820
92
319
805
215
139
210
550
191
709
822
290
691
538
733
508
768
505
445
461
21
391
657
306
617
649
653
251
187
450
540
367
483
689
14
220
429
582
829
292
723
216
535
102
571
691
547
324
721
673
311
137
291
670
526
653
548
441
610
232
94
600
441
827
320
319
71
460
305
473
821
343
209
710
451
73
11
270
823
235
263
353
293
491
528
546
115
315
755
547
362
550
462
93
668
698
181
782
42
415
413
685
747
378
518
317
273
527
607
478
274
7
680
12
602
440
74
639
107
274
442
677
575
503
390
374
190
822
771
640
700
221
37
738
522
251
606
672
474
757
532
18
812
539
34
781
356
486
344
716
395
279
152
138
318
141
257
360
435
725
660
729
471
211
412
212
156
507
781
424
72
807
593
178
289
5
396
88
712
369
422
458
443
784
436
398
309
131
460
466
367
119
5
42
221
104
462
560
555
772
195
561
244
429
449
359
546
167
535
51
767
755
576
500
95
97
414
228
782
335
289
176
291
578
172
348
535
12
60
396
134
490
187
725
484
176
57
322
786
498
84
547
156
692
149
132
734
338
601
452
272
813
127
749
70
439
26
141
535
388
135
731
54
132
203
405
94
62
612
676
171
58
746
99
80
60
514
741
308
300
409
280
402
546
600
805
126
167
717
275
465
672
615
714
501
241
72
715
775
712
421
348
88
279
186
134
532
35
624
816
812
48
213
816
390
346
255
362
17
342
110
679
295
214
653
362
2
69
471
322
228
204
564
684
452
773
609
613
56
767
666
545
124
2
48
17
736
536
183
269
496
81
648
244
171
778
110
606
525
35
394
243
560
548
212
139
716
552
417
194
178
218
361
348
498
203
773
190
609
638
641
776
453
562
261
319
287
711
262
656
175
308
492
523
594
417
663
475
220
422
409
559
605
545
20
128
499
591
452
583
109
347
531
425
759
14
513
259
111
720
379
101
540
155
378
506
259
497
290
780
471
806
143
587
208
237
493
49
651
273
591
467
137
591
818
436
367
739
674
54
153
681
598
617
504
22
77
105
311
666
792
527
485
757
31
226
539
777
672
589
777
452
821
252
78
646
190
165
175
628
720
597
374
776
799
66
340
574
375
290
138
688
313
636
706
320
688
576
22
747
720
194
494
589
524
576
777
516
727
153
35
596
155
303
216
299
706
776
270
50
641
510
338
528
360
283
782
47
384
499
212
123
420
723
586
422
671
639
267
12
285
368
734
725
241
55
599
527
470
614
729
384
547
338
91
596
563
92
757
670
726
117
453
549
220
509
262
280
234
118
823
178
175
511
253
120
336
721
348
89
384
542
548
197
785
499
796
429
424
106
15
779
797
698
634
395
367
422
37
509
803
50
391
11
728
14
654
99
546
538
643
409
656
480
56
309
672
524
719
739
740
444
680
291
30
2
642
514
546
638
685
414
738
4
628
800
47
599
760
168
401
174
526
184
238
734
8
138
268
293
624
482
171
528
100
410
164
451
311
630
232
509
542
437
91
175
242
604
238
315
787
488
763
164
294
718
548
385
220
116
524
190
340
122
719
546
711
78
592
606
552
175
718
708
523
817
487
357
445
388
60
215
680
7
41
160
464
606
79
177
547
754
169
576
574
800
628
113
480
238
483
112
159
256
556
622
221
323
793
712
24
401
758
799
304
6
71
468
665
574
413
373
423
396
279
177
587
46
136
244
730
149
171
271
608
323
158
503
333
591
749
618
128
742
813
108
332
301
295
130
467
250
398
289
380
259
531
31
804
591
207
137
432
175
423
335
706
653
421
146
42
51
373
533
484
802
379
524
539
188
146
524
430
115
350
819
638
217
689
302
516
33
480
406
748
301
808
724
357
498
97
790
777
233
648
257
484
196
607
399
106
223
50
494
672
242
506
639
189
714
375
727
762
461
108
484
548
805
708
90
339
611
225
810
42
150
357
619
592
499
343
347
511
632
803
455
283
120
46
821
485
98
802
364
266
146
349
756
810
134
253
583
436
605
461
822
557
437
303
241
433
160
38
607
551
579
757
48
75
177
587
589
227
228
615
191
547
49
408
22
672
544
151
720
451
427
139
428
354
224
402
369
547
423
200
25
21
252
100
521
495
575
169
748
97
418
776
70
457
647
431
276
3
157
108
620
223
388
445
215
405
500
499
555
626
228
579
417
330
691
294
216
760
711
511
701
245
292
371
817
5
26
17
128
739
98
372
520
664
525
463
391
778
404
531
560
293
172
617
338
164
146
438
243
571
216
164
459
519
133
343
7
87
476
721
148
169
52
401
768
35
426
395
349
636
527
83
234
156
474
519
378
672
43
521
325
36
148
547
801
676
605
523
43
450
69
558
348
456
716
577
120
402
484
405
4
249
802
808
622
707
559
785
40
634
606
27
619
739
232
532
799
693
61
294
793
576
821
655
150
50
46
370
710
486
112
238
415
392
166
362
644
507
78
316
247
695
209
122
520
34
775
219
22
33
540
558
107
292
399
69
205
345
554
767
673
608
768
800
181
640
360
821
102
707
76
197
735
157
341
736
392
62
139
607
29
807
740
690
781
358
11
731
792
306
709
814
224
18
477
742
804
829
167
335
76
676
166
669
388
681
559
328
81
353
296
660
807
310
559
440
18
292
115
782
534
193
367
215
333
283
762
499
569
686
233
471
473
329
183
346
215
505
408
353
119
779
533
361
258
755
494
777
558
773
185
673
531
536
167
52
354
514
526
134
332
293
55
523
229
201
266
641
761
42
709
604
255
79
553
367
456
77
213
30
365
740
22
315
390
742
447
88
89
127
233
409
80
256
447
564
425
34
741
57
157
7
117
519
131
372
451
796
355
499
225
486
387
648
656
12
410
71
49
468
409
434
111
88
244
86
541
584
374
161
63
708
453
428
32
226
27
446
799
307
669
232
215
825
787
668
662
485
699
176
286
788
742
78
644
423
578
677
791
143
573
123
240
415
582
752
800
189
288
507
82
446
409
376
46
667
280
530
710
628
617
761
530
368
50
542
479
458
65
60
141
519
206
473
584
525
783
421
184
801
481
98
427
109
266
645
504
587
60
266
43
401
402
691
216
434
605
137
806
72
492
829
405
215
368
574
108
710
475
281
727
216
654
136
74
574
394
471
114
67
528
201
81
807
630
547
435
699
727
301
410
233
301
557
521
585
686
786
396
177
803
699
160
68
313
452
647
719
647
599
671
711
639
221
572
221
607
825
422
14
429
344
192
829
365
251
453
242
621
527
67
658
586
15
10
190
553
31
442
698
810
543
328
442
805
402
541
24
709
190
644
684
725
786
34
276
785
485
783
203
597
523
316
260
663
429
446
156
232
19
584
187
237
763
538
515
321
601
45
602
654
734
706
310
638
588
552
760
288
205
668
320
89
114
777
500
21
536
655
96
10
284
209
557
2
6
461
679
509
293
603
657
648
714
353
328
303
474
453
743
154
536
39
302
79
558
237
188
123
292
650
221
684
57
46
365
694
55
413
285
324
350
136
163
309
685
339
698
820
180
125
56
816
535
417
423
538
540
488
205
55
690
549
794
385
196
133
741
368
28
627
624
723
625
361
524
295
282
75
264
473
200
405
372
458
705
727
214
704
239
514
351
117
84
626
799
216
97
383
416
826
492
563
617
515
326
265
827
627
151
753
157
805
25
664
17
449
166
607
562
7
118
77
117
559
221
672
438
262
710
73
293
551
488
55
170
4
420
352
436
346
372
733
757
640
460
788
413
13
547
454
685
159
260
283
447
214
478
544
726
752
337
784
55
314
597
764
350
165
815
358
189
384
250
84
735
329
694
77
71
408
789
745
476
451
122
519
437
699
457
254
76
354
794
177
451
512
681
768
514
302
578
590
462
141
71
466
399
223
357
482
294
774
816
794
827
585
662
781
729
274
763
754
480
513
675
629
406
368
192
737
298
57
26
363
522
344
758
279
150
776
735
547
821
343
785
254
37
266
641
666
735
716
377
749
47
601
270
90
24
689
417
256
20
302
703
209
31
340
229
196
545
601
639
358
209
224
31
750
674
419
198
705
498
570
201
315
823
160
204
261
488
235
618
817
281
479
234
608
371
34
585
775
720
533
422
515
315
75
514
173
705
354
103
594
608
595
709
659
96
714
206
102
174
326
336
802
522
602
742
431
443
65
216
651
648
291
279
161
605
242
295
629
294
325
53
531
79
765
112
29
810
38
251
496
589
548
39
826
282
376
384
8
339
437
153
187
80
90
272
423
469
129
676
676
552
297
526
217
447
474
6
333
124
821
280
342
804
43
195
721
54
398
799
412
459
763
439
147
295
798
527
313
242
415
211
552
570
575
337
740
742
674
296
306
72
618
477
76
407
406
95
697
661
45
439
181
601
423
631
180
756
465
33
577
768
685
258
815
213
696
559
439
25
673
440
567
264
725
208
230
670
398
465
663
514
170
224
603
326
742
216
618
290
652
281
70
624
168
445
464
151
188
157
100
385
619
339
94
291
725
730
671
77
220
750
279
129
155
126
172
744
645
128
550
37
334
447
568
403
67
120
131
92
519
816
445
663
629
147
147
361
655
129
405
823
346
623
365
830
479
665
753
761
509
606
721
51
824
305
123
397
546
774
715
111
737
612
648
60
711
560
293
178
704
782
411
215
613
688
97
341
256
137
105
492
266
220
388
799
263
29
549
822
359
107
34
783
373
256
741
112
695
348
64
34
629
83
601
149
515
504
268
314
342
240
691
42
109
721
325
299
213
63
789
60
26
371
540
734
337
614
459
311
159
225
256
44
219
283
219
256
621
356
337
35
403
314
306
198
139
312
333
375
244
397
654
48
671
4
714
502
697
244
808
169
309
788
790
519
152
503
247
106
154
248
558
804
45
201
273
52
645
269
773
127
485
341
213
443
337
801
575
690
179
575
803
776
192
461
320
205
403
248
132
287
14
677
281
506
44
660
750
148
67
589
492
15
228
226
656
149
468
133
1
116
88
658
118
261
559
822
480
590
246
114
388
353
645
130
565
796
544
753
37
169
116
544
248
176
513
398
100
8
192
448
113
609
345
555
407
597
267
189
793
118
672
636
335
602
685
824
452
234
471
249
791
655
124
781
513
567
162
300
160
305
7
489
423
357
307
385
327
223
278
556
583
610
444
233
93
584
171
255
444
250
615
42
426
491
503
121
677
549
541
401
224
427
424
62
336
376
273
576
242
93
316
523
101
464
225
338
463
11
691
742
259
534
416
288
143
592
627
196
114
660
498
701
279
37
345
772
185
811
649
242
82
192
583
450
67
380
718
789
312
706
324
653
316
681
482
814
767
594
390
67
101
392
285
822
772
750
718
271
405
86
244
143
630
787
595
450
444
405
709
193
762
263
817
439
750
210
518
160
303
443
225
420
492
294
368
185
154
768
1
111
585
555
586
824
300
483
312
324
753
468
779
345
533
16
283
482
770
269
741
338
345
64
360
418
671
570
740
98
735
58
328
564
668
154
631
595
138
503
255
402
53
405
586
279
805
730
557
690
672
622
346
565
258
581
237
377
761
122
736
332
574
783
69
631
408
545
350
183
71
366
634
265
761
537
376
446
347
576
498
328
555
17
276
416
280
416
709
539
684
328
813
197
150
520
3
318
98
591
756
768
597
380
161
51
801
389
471
517
79
501
158
282
108
648
199
15
563
641
514
685
277
481
287
505
723
683
375
641
173
318
563
93
295
573
778
145
517
795
341
827
59
278
64
636
617
581
408
15
411
348
165
677
366
504
486
370
732
485
391
287
283
577
163
688
522
719
519
723
179
297
575
212
543
727
521
772
125
700
583
455
335
311
529
798
26
160
626
244
255
648
328
388
681
56
672
593
786
669
705
562
44
37
751
423
138
829
549
135
362
386
147
733
751
71
249
493
473
167
238
172
787
116
160
426
175
292
14
132
425
81
109
122
52
295
307
542
264
625
464
565
58
686
465
595
291
427
610
487
294
171
357
300
746
222
736
175
189
328
93
514
438
173
433
559
622
174
186
459
377
767
119
300
805
132
246
474
8
285
437
606
617
218
621
508
677
563
614
554
554
323
62
232
16
807
560
689
783
592
799
816
134
616
22
72
134
132
456
409
321
660
754
240
361
204
711
333
148
325
638
512
573
753
493
634
575
37
515
823
121
64
321
216
215
504
629
259
30
148
702
111
64
556
155
495
250
343
219
623
87
484
571
825
727
218
361
290
461
104
589
317
37
191
110
433
219
514
159
646
14
424
60
380
126
262
757
379
95
121
596
430
822
825
708
794
234
734
144
329
527
54
617
327
113
311
674
94
321
722
373
782
771
427
569
829
587
794
670
373
670
141
432
99
443
722
670
85
415
116
705
207
777
821
633
79
670
93
377
711
490
26
560
454
377
107
817
396
562
56
725
656
699
550
443
766
408
797
387
260
647
822
580
741
709
535
436
56
480
80
361
39
246
22
327
783
641
339
31
465
194
260
38
224
58
802
422
434
803
181
378
208
693
444
607
148
70
308
473
31
228
756
251
513
1
471
210
28
320
810
712
117
498
158
822
636
599
340
252
722
556
269
45
31
518
823
730
610
780
328
260
517
367
830
774
818
444
779
722
484
188
550
120
296
147
793
221
413
137
650
288
297
637
107
329
189
240
353
728
561
525
393
469
213
498
553
811
402
283
368
427
22
195
258
542
368
303
224
762
54
63
188
463
465
432
55
130
567
686
819
299
572
494
202
729
536
27
700
319
153
379
547
264
292
216
772
35
320
132
749
598
645
135
18
260
202
506
208
81
668
219
754
728
104
233
50
297
249
278
446
169
85
110
750
823
456
59
424
325
221
753
15
767
798
91
114
53
445
193
700
509
91
590
579
551
102
577
517
743
771
158
25
771
739
504
763
275
356
653
387
577
122
420
68
113
202
134
16
624
315
633
502
532
382
68
394
104
733
187
699
298
496
45
604
701
795
821
714
758
770
407
193
321
71
589
121
774
344
769
548
141
663
264
90
276
22
568
494
592
729
782
749
252
35
318
421
339
354
203
335
819
238
55
755
817
810
344
503
819
61
430
642
626
638
790
581
550
801
578
713
488
740
194
237
34
735
768
806
381
426
143
534
291
431
769
210
733
17
819
785
81
698
753
93
75
37
406
162
645
218
470
817
230
530
795
288
763
46
173
751
20
248
159
252
606
394
512
763
515
528
461
470
677
355
402
691
812
747
548
627
278
416
214
457
640
485
306
65
711
471
260
334
63
365
805
125
278
279
445
744
400
465
631
459
292
36
83
551
693
153
253
105
57
89
201
728
517
828
33
601
359
152
95
284
9
809
729
121
114
409
753
199
724
320
401
340
176
265
354
175
104
719
569
529
350
509
685
712
43
703
86
535
809
201
383
635
817
110
562
698
655
127
585
406
275
487
682
290
576
643
400
553
557
130
656
770
675
720
584
250
309
744
80
122
153
49
317
632
787
498
603
828
650
740
134
750
128
126
529
247
304
594
104
559
599
270
194
27
711
569
347
309
194
822
571
47
312
767
228
299
479
406
16
264
581
308
331
286
195
825
167
68
81
560
360
174
371
384
37
679
157
458
444
477
486
765
545
672
123
391
498
423
569
301
715
585
505
168
138
246
422
296
113
394
6
414
69
524
54
135
306
51
749
123
481
71
72
364
628
74
130
258
130
379
555
493
802
154
554
103
128
214
79
417
82
621
750
436
116
455
683
400
422
735
459
361
385
212
137
608
115
465
780
19
387
726
165
692
533
293
15
404
251
360
106
52
228
425
30
79
665
242
429
52
161
771
386
714
425
122
333
544
335
772
199
93
263
826
716
77
26
563
397
547
240
515
278
9
676
470
362
23
529
525
734
517
437
259
194
286
232
556
632
631
553
339
128
67
723
154
552
583
169
769
211
760
767
688
70
519
186
824
459
398
25
490
225
575
579
403
797
509
698
778
4
167
337
426
568
362
235
767
530
521
164
789
804
20
350
48
773
417
483
401
818
637
19
147
773
389
767
505
566
226
500
43
670
71
256
753
449
451
106
647
334
758
512
367
290
122
504
459
192
193
737
420
618
285
287
821
583
144
687
517
580
374
828
674
331
148
108
488
78
40
742
814
477
353
121
413
33
131
820
248
192
259
571
578
577
476
823
266
504
258
805
718
273
571
608
401
379
195
302
404
387
169
155
684
223
111
803
230
45
7
537
659
485
25
644
70
650
794
249
573
34
658
93
337
411
204
683
720
427
656
707
689
243
295
331
738
765
801
788
614
5
682
661
469
403
8
230
307
326
461
418
756
185
299
383
65
24
5
394
400
738
46
695
581
581
507
240
816
38
454
352
464
208
430
57
75
761
345
726
190
204
707
606
754
260
745
583
155
397
49
161
324
260
829
235
352
228
392
275
208
455
662
26
189
284
168
234
182
789
504
374
139
191
594
316
650
164
129
72
189
512
764
87
250
102
434
702
772
19
813
74
367
137
6
18
304
734
678
720
332
366
327
731
57
372
621
415
363
619
78
45
553
269
769
821
523
456
467
513
18
263
490
355
71
788
770
460
436
8
349
549
817
632
69
492
742
319
255
644
563
67
578
72
652
47
533
232
482
703
76
116
505
755
801
85
377
393
697
766
309
101
462
624
357
468
709
185
566
295
222
580
639
636
136
818
574
401
800
796
312
808
143
507
295
370
305
397
375
217
655
449
163
415
555
51
542
213
529
330
373
338
172
264
124
471
146
60
697
199
58
174
614
418
533
547
648
72
9
646
684
161
63
107
723
515
314
578
227
262
681
128
184
493
35
218
205
731
591
279
110
743
355
507
616
199
100
24
64
139
78
508
5
3
421
506
56
211
615
191
799
19
708
425
65
104
66
618
755
195
448
544
153
1
688
436
163
794
502
84
757
718
597
128
51
394
272
199
12
427
535
249
408
552
5
609
478
772
437
573
787
571
690
720
675
775
396
96
716
148
282
538
803
235
496
125
8
604
384
795
40
694
667
427
434
812
226
303
394
526
9
158
648
50
456
337
171
76
503
456
747
808
499
359
91
628
564
274
405
640
527
637
400
774
425
13
439
552
130
229
77
307
659
440
318
433
722
674
343
654
99
805
454
273
730
124
635
312
116
815
468
660
147
281
359
370
236
530
241
441
533
31
751
580
354
432
230
388
22
179
165
676
73
73
360
678
286
348
164
200
599
440
174
442
340
554
200
37
321
197
169
443
128
186
666
597
65
211
761
84
366
613
510
23
43
727
736
722
815
607
451
334
219
574
665
434
739
251
283
164
494
729
761
765
234
196
351
343
672
537
461
180
513
537
772
391
77
187
716
78
679
407
65
800
657
746
120
728
336
365
435
817
59
2
204
115
174
462
88
722
577
673
70
206
648
113
524
739
520
489
309
94
637
197
535
423
4
335
793
418
601
356
92
212
394
665
764
11
79
392
735
807
692
672
514
369
223
695
692
197
227
280
506
188
724
104
311
64
661
85
372
470
197
445
710
518
128
491
36
509
507
583
526
330
520
48
158
771
75
607
174
546
246
769
220
502
412
42
667
232
182
771
490
197
324
728
437
519
142
74
272
547
70
368
405
451
635
190
657
206
13
495
117
21
571
242
182
20
21
356
683
481
405
393
304
705
94
450
144
387
155
234
264
774
665
91
69
723
582
258
289
687
198
813
28
492
280
320
218
562
286
431
198
94
364
32
803
526
298
131
789
250
215
205
636
662
793
508
570
229
324
688
279
679
717
358
365
353
93
662
51
659
200
819
49
816
194
126
257
596
691
280
465
290
677
68
693
398
433
519
724
734
767
258
74
313
395
436
160
110
357
818
808
609
412
121
520
382
148
679
465
117
475
678
250
420
647
366
76
592
243
154
198
777
290
747
418
445
765
377
386
808
60
231
613
816
264
356
235
381
704
634
456
110
708
432
134
344
666
664
667
364
654
552
528
534
41
348
676
32
540
122
328
424
354
461
635
696
542
773
166
626
824
242
656
266
684
354
629
37
332
185
545
126
562
621
305
14
46
436
46
18
251
555
264
805
735
187
406
614
698
721
663
669
601
172
282
252
438
419
684
642
318
567
717
131
155
103
579
135
688
163
579
388
86
300
617
827
11
15
41
265
592
607
504
110
409
608
593
87
406
647
492
595
365
278
732
98
267
436
597
545
479
820
30
499
20
223
827
115
454
821
700
76
548
657
532
763
158
805
253
297
364
558
720
382
494
160
345
7
39
714
116
745
479
639
62
521
655
683
237
628
554
384
17
197
491
136
419
682
484
369
614
616
544
455
695
437
593
256
146
535
612
618
393
84
126
567
300
587
615
94
379
750
825
664
626
115
498
307
50
390
509
734
514
449
785
382
218
503
162
307
742
386
798
356
673
584
636
750
633
783
768
71
78
326
154
343
83
349
375
542
97
370
601
477
587
649
502
755
175
389
642
363
566
408
342
703
28
286
47
764
707
124
819
624
324
396
701
301
553
751
769
588
496
134
386
150
599
399
117
246
474
461
277
501
426
158
9
655
429
381
477
392
623
707
322
494
491
132
6
621
51
566
230
374
134
561
733
262
712
823
812
625
57
199
125
691
731
340
221
457
810
362
192
749
246
460
494
405
373
559
644
251
86
641
462
826
62
336
549
299
345
295
371
273
430
672
512
654
710
537
7
567
79
184
733
308
7
615
294
702
606
41
409
729
671
400
391
655
540
212
255
154
236
746
73
562
260
11
333
492
153
130
723
231
9
386
94
87
536
736
301
647
74
647
340
240
747
489
718
563
538
159
226
667
97
404
432
418
719
201
47
100
437
131
110
783
560
768
755
509
650
678
331
729
376
389
797
522
75
116
166
437
501
618
441
236
95
342
150
655
255
102
557
157
228
250
477
770
300
89
120
305
317
330
252
739
805
620
521
82
828
580
750
613
156
810
14
109
270
56
124
780
715
760
399
80
76
120
334
342
186
692
119
509
804
425
587
624
676
124
208
349
160
506
746
40
721
780
564
284
774
136
116
708
147
787
597
724
505
165
406
45
601
159
235
360
216
418
271
161
345
38
78
413
711
550
643
808
577
598
305
530
571
825
820
123
733
335
554
660
589
183
259
710
370
414
62
665
748
591
549
785
641
788
793
495
725
269
37
319
407
332
567
96
720
738
782
727
335
485
124
562
677
439
74
390
753
641
577
204
347
760
179
91
799
685
75
741
728
332
239
694
683
566
784
221
254
737
164
123
316
164
257
394
699
280
382
313
279
278
680
278
285
303
263
313
722
815
3
481
617
603
510
79
330
298
723
697
774
593
509
493
647
291
758
636
552
166
166
697
88
108
646
788
607
419
687
729
826
620
779
733
77
271
696
628
126
310
645
218
801
539
500
619
316
664
374
402
753
39
469
46
36
391
245
409
91
741
677
711
127
485
809
442
393
389
466
645
448
630
84
164
371
408
410
386
300
795
106
141
189
53
711
700
793
715
53
741
820
127
673
673
262
787
513
692
581
598
235
644
402
262
123
157
595
562
282
729
49
665
547
356
696
547
730
163
235
576
323
368
296
351
271
774
432
94
522
80
749
415
410
533
85
789
259
78
636
34
479
124
8
362
643
221
813
243
73
682
694
753
532
343
438
594
595
751
670
471
390
813
517
68
19
590
530
93
150
511
239
531
694
164
98
111
448
337
302
309
651
627
193
810
279
366
103
746
32
208
71
502
801
302
420
672
454
172
295
265
13
237
286
661
432
489
772
111
44
482
358
347
594
566
315
270
757
779
760
747
216
747
454
810
459
735
581
560
352
60
511
729
305
322
214
661
332
326
422
405
195
445
280
180
432
370
729
545
101
801
400
583
535
329
717
676
40
44
696
368
536
189
780
438
276
745
540
412
361
345
233
464
754
301
685
479
789
465
347
703
528
759
161
713
679
239
298
113
507
559
265
83
399
168
746
815
193
744
190
315
30
18
463
466
156
318
754
800
743
283
585
19
380
814
283
93
93
101
626
223
439
414
44
550
598
769
117
829
333
261
300
790
229
296
690
359
685
774
196
318
217
677
222
703
580
406
104
783
522
749
20
56
265
364
254
615
555
777
188
267
11
60
102
720
518
224
84
83
438
253
511
51
561
314
537
5
286
588
123
223
366
792
170
177
294
474
510
91
308
697
612
183
542
122
538
649
426
46
534
290
57
527
79
148
652
543
415
736
377
579
673
527
795
470
308
301
683
2
401
768
816
673
272
337
274
298
491
626
248
88
508
613
740
216
695
202
721
657
532
701
396
574
431
377
709
626
192
528
303
807
675
214
162
371
771
245
467
462
358
505
409
22
287
478
518
653
60
501
208
209
583
362
20
784
38
630
627
816
757
735
174
518
496
136
12
62
303
431
130
92
771
621
653
427
557
464
394
282
50
32
127
588
541
279
103
332
400
341
659
644
483
256
284
217
316
378
13
558
150
439
74
727
783
166
276
324
785
21
553
261
204
484
29
277
797
235
367
311
617
473
750
624
421
335
409
787
109
244
144
766
656
777
473
578
564
554
16
555
662
98
466
748
190
621
778
662
185
230
578
607
681
511
389
566
201
636
389
790
216
504
665
94
30
219
14
790
694
102
763
722
610
206
256
483
810
396
616
573
177
562
751
695
20
496
133
37
592
190
503
427
618
828
21
294
457
5
43
470
775
18
665
123
9
268
208
193
459
516
731
291
783
616
230
321
514
523
69
666
575
72
470
523
241
62
460
736
282
811
210
91
36
395
26
157
490
16
415
114
330
358
446
139
497
495
54
694
472
225
199
748
185
76
475
709
728
575
391
774
499
81
391
124
284
402
98
157
670
684
550
421
105
640
34
640
260
350
247
39
647
310
416
343
183
276
703
213
47
358
506
800
69
815
8
121
409
621
49
114
778
629
139
625
361
759
467
196
467
454
86
179
482
752
625
275
202
24
663
471
488
448
757
95
248
323
771
327
679
816
814
569
62
516
827
584
295
466
37
481
439
1
326
129
303
358
298
265
750
773
498
441
577
153
397
168
359
431
148
655
319
69
619
439
42
756
498
819
502
65
33
313
599
248
23
451
453
453
45
155
650
339
433
163
522
232
703
150
762
711
775
60
475
271
552
587
498
541
830
489
551
79
51
691
111
323
720
610
7
151
733
766
163
335
704
109
44
769
718
199
670
210
658
339
23
294
805
659
417
103
236
709
549
185
830
351
326
388
541
715
187
276
31
538
418
776
411
818
222
259
159
734
819
55
178
290
753
436
198
408
193
188
613
546
587
140
117
499
252
344
5
604
31
298
14
641
422
280
167
97
482
14
453
425
475
169
731
821
380
322
552
231
484
205
245
35
244
596
206
361
523
134
743
718
663
417
812
108
453
529
263
510
814
487
270
58
705
326
149
777
177
722
235
590
686
297
582
404
148
168
195
723
748
574
826
225
362
464
122
596
532
245
621
423
567
827
530
307
279
540
825
346
86
231
335
351
319
550
589
624
380
796
424
512
705
819
591
327
418
784
693
111
356
598
215
211
82
804
380
475
73
500
535
704
311
754
19
76
622
601
18
88
165
331
803
820
781
61
801
235
708
124
311
288
487
612
260
431
297
554
820
824
599
483
278
230
523
617
483
619
546
425
394
568
177
507
423
575
749
275
772
347
659
93
455
150
450
733
362
251
372
562
481
349
493
554
251
785
499
537
824
325
502
302
68
692
392
205
37
548
800
817
300
315
311
533
693
75
551
557
336
546
731
501
821
820
337
358
485
335
108
682
403
642
181
689
177
492
105
526
433
4
326
243
433
92
274
36
376
314
11
525
208
100
44
309
432
729
647
393
310
336
527
292
827
303
164
310
127
682
508
525
780
776
348
446
713
510
661
407
454
93
480
812
3
38
133
231
562
127
289
789
501
62
286
749
302
753
29
245
90
207
260
763
703
680
552
553
268
182
222
623
533
75
417
517
826
338
441
350
50
93
310
716
414
654
737
830
770
315
458
586
287
187
14
11
567
230
89
701
427
507
54
555
113
53
103
525
676
43
70
145
301
289
333
300
783
526
829
467
231
780
516
267
747
767
301
681
369
606
656
829
718
465
322
727
708
377
78
732
398
296
536
445
54
25
749
80
571
743
372
802
638
2
262
683
200
315
414
402
28
189
429
636
817
50
54
483
748
39
780
595
13
185
708
126
339
64
256
425
174
504
723
202
445
168
45
311
59
749
732
423
722
379
629
522
758
389
694
70
282
105
765
520
654
817
129
428
542
496
483
479
301
179
507
407
659
319
637
803
282
649
263
350
122
132
778
167
348
565
404
326
544
66
458
288
347
625
15
320
30
126
317
532
193
71
817
822
800
517
175
28
518
87
751
389
37
659
741
618
518
18
180
808
566
782
42
564
451
217
105
416
87
545
370
503
205
529
288
582
538
109
355
171
702
504
314
571
154
464
475
150
54
46
507
758
356
806
196
331
255
699
436
689
698
555
497
95
120
705
196
646
36
211
33
600
626
753
247
122
424
790
661
799
664
275
297
93
8
725
557
743
619
792
797
151
414
694
74
13
782
286
706
595
262
133
296
329
227
149
637
162
189
609
724
531
662
734
148
331
196
365
301
586
334
94
96
286
734
192
803
669
743
650
409
42
757
477
540
464
126
381
393
322
335
364
281
574
385
57
138
798
174
178
65
635
757
273
247
148
437
291
48
447
724
369
101
589
481
523
546
503
791
562
14
737
818
321
425
773
738
787
607
215
56
168
57
250
74
269
144
434
254
715
412
215
314
588
508
437
83
661
321
104
50
311
347
217
184
578
65
405
9
820
295
377
80
659
809
163
764
524
422
35
440
826
216
461
815
404
558
196
700
75
298
379
671
821
315
400
174
313
634
167
2
342
690
590
104
623
394
109
234
435
55
358
465
167
715
20
463
76
128
66
661
691
709
193
149
744
230
755
554
621
94
394
386
384
140
640
342
283
379
726
640
163
161
779
461
658
726
318
218
40
133
599
658
486
322
50
787
170
132
452
70
671
509
79
303
277
191
722
181
601
496
312
248
735
104
445
628
499
677
549
659
201
185
664
130
552
590
574
408
196
658
438
154
9
769
241
34
811
348
573
177
615
696
181
368
821
286
419
766
361
32
226
707
764
280
780
373
570
439
656
70
654
361
580
394
96
303
784
445
354
239
449
502
539
28
689
330
421
669
813
690
631
341
395
216
490
394
152
321
739
777
450
136
231
460
389
742
590
590
371
49
102
802
624
559
38
355
433
418
208
315
783
178
553
171
528
263
417
431
654
763
568
722
130
541
711
783
646
39
188
154
519
599
269
440
401
373
70
218
273
577
378
308
358
7
626
217
803
327
120
776
765
576
242
733
224
354
59
590
223
551
88
151
240
476
327
105
611
340
574
720
132
770
281
111
518
258
442
801
573
709
143
581
480
420
349
523
283
762
677
581
255
811
53
275
203
791
449
423
454
778
217
657
653
252
559
470
470
517
402
763
23
148
725
165
67
142
165
779
503
807
246
519
778
545
310
816
66
667
444
619
822
368
812
140
451
655
536
212
115
472
79
70
472
792
326
422
699
532
228
32
691
254
303
360
199
113
610
385
496
471
5
490
105
290
30
286
798
744
674
240
345
439
107
187
11
187
340
137
267
605
773
164
350
674
721
246
566
172
460
643
64
20
574
33
489
668
257
608
666
62
413
500
336
104
208
569
36
184
674
828
255
602
656
561
579
733
737
609
109
378
334
568
659
643
278
476
94
330
532
602
113
553
789
342
516
688
738
683
637
440
825
500
656
579
625
637
160
650
397
350
506
469
374
749
653
703
92
171
492
216
402
305
48
814
324
422
573
152
627
88
97
209
297
808
34
560
348
778
656
355
532
633
792
304
523
785
795
608
198
566
138
741
2
457
141
705
339
75
217
789
38
46
343
148
182
828
675
447
254
242
371
72
591
470
452
776
676
347
717
58
351
761
273
306
560
426
124
540
562
738
627
790
39
275
340
372
8
96
98
809
805
810
199
680
634
361
283
207
366
126
808
760
346
70
738
281
68
178
695
241
805
193
204
806
266
499
400
97
567
644
28
1
556
404
454
8
712
626
802
30
532
660
396
336
547
505
544
277
570
410
819
482
32
235
730
528
687
364
583
287
612
651
600
326
411
130
314
186
440
455
340
249
794
379
107
593
461
340
611
785
668
346
636
362
369
797
116
224
753
202
736
514
526
385
594
482
335
388
595
695
392
787
222
19
814
719
3
778
797
523
674
463
722
384
392
587
794
766
408
425
115
330
461
594
711
355
750
220
608
453
354
343
796
550
143
29
120
807
758
76
580
34
275
683
148
608
464
582
180
424
300
448
746
327
641
819
674
294
84
501
305
385
214
45
331
783
313
496
254
213
586
649
42
522
710
505
711
708
354
672
290
19
797
201
568
389
395
542
183
76
153
570
129
153
411
506
285
712
202
603
25
802
368
688
636
692
574
775
459
440
459
607
171
653
186
754
251
74
689
769
230
721
114
709
772
785
276
535
337
185
367
571
265
729
636
456
327
328
508
485
747
691
306
433
555
270
2
80
612
748
651
475
784
508
464
586
704
480
113
245
778
61
348
653
432
282
11
737
780
258
54
515
538
212
216
527
651
418
62
636
290
636
745
250
128
291
42
537
472
335
510
615
808
388
409
548
529
688
273
678
788
352
551
587
50
112
552
784
673
464
734
827
491
55
24
651
110
590
249
452
769
445
533
552
250
554
471
238
706
291
319
555
606
407
704
599
612
773
789
328
201
233
417
425
15
42
336
534
356
556
436
707
285
143
290
768
90
696
667
427
570
646
240
719
343
327
200
349
473
443
276
414
738
768
219
521
228
443
538
69
56
359
588
785
567
499
437
540
295
788
273
423
103
349
606
732
489
269
444
171
348
576
513
530
764
250
424
317
623
383
105
675
721
177
56
119
129
99
30
734
402
813
176
740
151
564
534
627
600
55
145
594
229
550
478
641
51
814
708
180
279
42
530
661
239
192
246
184
21
197
17
394
32
12
339
335
563
311
803
395
720
594
248
763
33
524
218
788
26
125
737
630
509
604
695
111
336
19
398
727
422
373
356
203
273
703
214
540
149
697
540
542
730
766
539
418
428
249
127
423
307
445
529
810
117
405
152
201
273
80
647
357
310
237
168
95
42
103
670
699
753
377
423
176
602
794
398
436
694
132
264
684
150
164
425
766
801
497
671
487
448
344
41
710
615
445
225
754
119
722
310
431
192
303
497
587
515
767
386
530
84
96
184
457
545
332
478
5
645
428
11
676
127
600
110
85
547
449
789
24
565
156
430
604
572
97
104
160
42
494
93
424
344
385
451
712
764
167
219
189
821
681
729
133
11
816
512
595
265
631
422
620
224
164
748
442
730
675
672
140
11
478
39
605
54
800
495
489
469
332
550
791
460
338
316
304
542
752
150
242
805
402
4
737
386
130
603
19
176
637
237
782
129
599
163
342
477
270
183
270
110
421
56
720
816
200
826
274
434
436
292
385
421
540
439
307
74
596
679
567
640
407
285
433
661
385
145
356
542
259
721
417
78
793
387
107
29
403
594
674
435
247
614
253
302
696
423
150
706
732
751
307
795
209
517
656
457
541
396
264
201
690
74
761
61
280
625
470
42
24
132
737
26
39
156
40
708
10
653
160
22
352
311
529
50
54
324
483
54
585
686
367
580
185
365
700
275
639
93
220
723
101
687
163
555
610
805
48
58
341
645
768
447
453
42
48
319
425
558
735
827
800
557
165
443
66
657
679
281
123
824
562
565
512
591
288
569
213
397
423
143
52
337
815
793
500
647
487
273
676
132
98
652
793
639
576
681
357
261
496
792
594
208
804
415
177
560
711
525
511
588
15
684
428
426
341
9
757
320
369
529
334
551
238
631
358
700
294
535
342
638
128
378
653
718
423
393
58
644
169
287
333
189
237
476
600
193
758
736
83
16
126
177
155
570
585
239
792
201
427
182
163
365
565
400
123
30
551
441
476
736
157
468
771
720
678
661
94
622
698
462
683
794
632
406
727
449
698
343
825
428
22
694
621
290
80
406
577
417
394
812
366
205
337
534
727
488
183
381
499
207
64
388
35
419
132
139
556
266
540
370
473
459
314
153
53
156
651
238
64
452
279
714
830
349
426
683
639
61
121
608
99
99
636
589
36
64
312
144
468
457
622
598
585
605
175
604
413
379
692
510
779
489
93
416
508
526
442
779
690
514
696
281
596
363
819
481
711
672
252
433
757
21
442
295
6
656
229
617
583
500
287
46
673
29
233
300
754
32
826
460
659
270
175
460
684
364
737
266
685
194
430
555
70
136
693
252
458
643
624
819
305
469
656
654
321
742
618
354
772
249
703
566
830
341
248
535
691
247
490
722
360
157
16
778
701
816
4
609
607
646
125
679
480
630
756
629
412
573
788
332
225
79
277
805
681
579
349
565
607
361
344
118
120
313
72
650
515
273
390
728
99
309
691
190
110
327
804
592
245
348
491
736
130
101
380
43
605
417
828
634
578
293
567
425
12
824
262
719
416
50
703
321
53
625
209
815
781
47
614
660
22
354
532
523
654
811
594
8
639
641
103
653
727
8
527
343
55
474
378
203
211
816
433
719
352
82
665
466
731
70
721
288
88
160
199
127
821
403
566
616
343
626
79
569
823
807
143
760
61
479
161
698
716
537
135
540
111
435
145
432
655
535
292
798
102
685
217
27
288
661
337
798
635
354
789
241
259
825
250
249
122
268
676
625
762
333
773
696
249
610
770
103
228
640
363
233
368
505
472
739
436
365
95
636
167
671
221
560
20
549
127
683
762
698
471
558
350
731
474
118
437
187
461
548
53
492
50
372
378
618
679
490
8
255
15
788
416
360
302
416
451
361
281
449
437
597
33
462
341
131
34
562
454
505
508
34
527
496
566
649
684
503
89
238
817
229
533
43
259
170
292
494
741
458
311
791
655
500
488
291
710
38
16
648
645
29
63
416
85
393
616
572
714
45
530
636
277
510
725
729
234
699
589
212
471
354
452
565
498
749
808
298
365
558
649
549
201
204
290
2
553
220
362
675
60
595
284
237
514
169
76
387
187
534
363
258
188
218
622
766
206
741
21
638
131
562
396
758
13
631
546
425
110
196
664
70
617
472
505
697
354
38
429
308
222
106
552
112
680
821
628
135
510
53
77
642
329
9
147
666
359
163
531
383
436
287
118
639
800
557
251
27
356
731
211
201
402
430
643
140
769
716
246
77
320
525
659
611
587
113
179
769
90
201
561
768
662
622
63
576
670
171
296
13
449
738
244
609
535
680
430
121
724
62
177
328
501
266
628
712
226
667
250
54
254
265
1
582
145
640
621
762
123
196
227
560
126
830
374
187
306
50
811
101
427
516
327
67
823
296
716
81
107
654
775
651
186
316
598
23
53
398
692
774
745
113
194
450
100
608
13
147
621
278
180
20
319
294
28
558
334
10
205
164
179
779
136
86
751
464
466
117
149
800
439
443
805
830
319
819
729
404
215
230
98
213
450
513
157
369
491
644
777
477
165
554
783
178
77
590
134
709
667
640
429
270
554
551
576
647
462
693
544
6
22
790
332
371
290
470
61
46
483
564
325
258
416
272
318
604
360
465
601
545
176
632
503
337
685
653
585
124
206
785
668
295
423
594
54
448
545
400
828
345
783
103
628
118
286
658
700
381
49
246
430
168
569
69
473
591
812
411
301
381
231
36
636
303
822
741
603
479
362
606
543
345
414
777
16
629
236
467
580
822
595
281
211
296
728
751
394
554
156
92
372
569
756
323
51
538
263
334
781
637
97
666
65
265
41
181
626
351
596
142
265
270
649
245
281
54
473
333
355
825
388
320
644
250
247
752
659
65
805
487
247
543
230
436
777
109
176
722
345
582
5
414
167
652
240
714
330
412
691
168
452
248
19
446
811
70
497
548
323
418
449
475
618
131
339
804
547
263
280
600
517
575
421
340
251
312
436
29
398
167
205
65
248
59
286
141
200
371
134
182
25
606
592
358
153
98
771
624
706
140
540
689
457
645
608
737
205
725
441
812
279
207
510
159
61
165
736
374
644
586
798
598
568
409
354
460
644
768
219
449
697
327
25
230
641
450
377
373
240
367
640
413
780
356
89
624
77
310
551
741
553
153
406
263
589
614
700
700
364
129
318
113
471
809
496
110
799
419
681
141
624
309
457
24
782
105
1
516
255
201
410
117
743
150
629
513
339
650
211
448
154
499
512
629
697
9
649
664
188
311
467
602
723
137
396
582
514
453
593
731
591
358
452
534
345
52
255
151
394
804
488
19
695
36
467
502
652
804
5
650
435
720
35
499
674
787
254
486
572
187
376
607
625
262
227
535
770
192
815
288
231
48
573
680
34
71
29
58
318
344
536
638
57
120
572
543
326
385
721
205
495
619
164
676
827
686
826
740
387
611
327
544
653
567
614
418
410
825
58
416
632
667
583
170
664
28
542
486
808
93
555
693
209
374
27
43
243
44
216
438
21
153
71
14
220
301
440
422
433
333
407
414
253
473
424
164
22
621
58
483
701
165
770
292
123
821
187
786
673
176
813
618
356
386
516
56
683
695
389
775
473
586
535
323
807
354
223
405
507
84
381
733
829
247
208
163
71
708
649
21
77
272
679
106
396
653
649
509
520
194
629
638
463
154
594
232
178
565
199
204
780
121
317
508
408
401
679
465
487
303
739
267
93
302
599
219
334
797
14
342
269
86
287
61
198
494
228
140
3
556
761
250
173
452
377
478
560
91
75
187
264
109
439
539
126
591
743
419
486
464
186
652
552
310
230
233
170
242
392
695
73
746
222
722
307
715
697
287
810
225
289
275
7
241
112
433
384
691
280
275
253
55
662
405
538
490
338
133
32
792
24
424
446
696
621
107
97
706
153
190
157
291
822
432
737
661
716
520
731
202
147
80
522
408
825
516
686
678
750
303
364
195
738
253
375
723
453
711
338
400
392
71
246
661
408
84
281
292
658
108
745
544
8
116
216
763
235
105
167
797
352
91
134
680
562
173
131
547
298
18
397
151
757
630
333
85
630
213
507
232
684
771
710
350
720
564
300
204
459
476
754
350
718
249
536
830
812
62
540
723
244
19
720
407
818
203
502
71
326
783
676
381
445
40
231
272
526
520
348
427
335
285
230
745
377
344
145
190
117
98
280
767
148
620
30
496
225
546
646
450
274
492
705
549
447
177
145
526
507
161
308
610
153
393
210
794
498
225
582
484
553
465
774
327
222
658
37
213
816
626
258
308
796
416
813
455
131
755
262
479
386
477
193
113
502
382
353
204
611
388
647
683
300
172
452
729
64
117
415
665
30
44
320
730
154
444
55
137
48
394
754
581
580
430
555
408
203
138
22
260
103
631
287
806
600
63
98
664
136
740
91
483
348
529
114
564
620
697
443
578
344
687
829
73
120
568
615
809
337
406
770
708
172
763
284
274
67
733
8
112
107
725
31
618
32
234
114
21
619
553
354
646
766
751
145
9
546
200
343
630
701
534
503
263
389
183
53
488
676
434
652
397
653
697
377
340
423
151
410
620
774
456
618
300
303
539
399
417
604
211
432
658
253
26
261
101
100
21
550
271
43
820
45
36
579
46
307
211
134
588
248
43
234
763
472
552
327
415
276
705
553
373
389
672
449
670
429
742
578
622
556
658
709
431
815
156
188
293
249
630
608
222
788
567
314
90
148
303
376
30
672
45
671
417
121
442
652
263
712
374
294
341
651
745
810
190
668
656
591
686
696
812
464
567
120
628
375
496
562
544
177
397
745
308
450
216
827
238
698
710
588
628
436
68
715
336
402
203
425
507
706
406
739
531
794
579
813
334
315
517
318
178
603
407
101
526
369
190
610
686
374
45
610
430
690
785
216
268
791
149
418
468
443
82
90
466
562
742
244
366
755
53
336
805
537
69
52
482
565
583
678
450
727
782
496
145
302
27
699
374
536
146
109
222
492
785
799
428
466
649
542
192
681
343
207
186
424
263
55
508
211
173
220
415
562
334
19
794
10
419
266
72
630
517
567
37
725
64
499
242
347
448
170
660
375
746
152
357
235
742
742
223
61
159
609
288
629
1
442
385
420
581
560
164
598
389
590
814
81
731
784
359
763
798
677
179
87
713
573
406
499
260
255
180
759
152
250
71
521
641
219
386
682
341
544
349
391
744
472
640
702
556
409
419
239
614
345
209
154
156
186
771
23
817
479
334
246
768
127
222
127
387
3
209
624
743
251
306
781
815
755
741
279
602
743
519
625
816
275
576
735
179
16
502
477
201
315
712
715
144
180
549
6
158
709
748
638
492
609
172
675
602
582
294
636
781
215
532
241
142
645
618
274
159
32
507
791
311
154
82
112
286
713
720
450
722
817
4
813
506
502
200
196
343
459
540
180
640
334
813
282
72
518
553
650
515
200
559
168
118
635
242
68
92
700
135
359
587
203
657
686
479
597
284
113
634
342
272
621
657
82
477
56
409
407
191
2
347
809
143
763
787
133
565
50
526
158
620
122
267
315
11
76
370
347
737
52
283
123
75
749
660
796
133
19
258
712
128
142
452
733
296
324
177
423
456
294
538
579
69
149
234
102
431
599
477
15
231
752
16
72
27
729
360
7
713
621
727
88
363
79
696
354
760
675
60
155
440
297
174
62
676
302
415
710
48
491
547
208
56
156
554
701
232
530
466
418
465
473
7
444
768
417
461
328
57
529
318
29
437
9
25
175
547
293
68
70
63
445
600
417
794
268
24
405
336
72
135
808
682
333
825
17
672
366
38
346
814
734
336
483
489
655
265
66
123
175
32
490
419
690
421
594
96
830
689
537
567
369
31
263
259
449
466
689
595
755
131
205
776
334
33
767
395
730
514
96
752
805
591
495
830
445
4
540
777
502
292
782
470
225
292
682
552
782
658
398
122
419
529
393
401
116
268
23
158
273
662
435
73
209
282
489
29
340
531
83
453
780
224
829
270
45
90
437
829
210
538
218
767
717
321
564
327
651
659
127
173
228
77
528
289
371
357
589
802
715
82
582
689
128
182
427
347
319
534
758
591
373
790
21
353
260
531
275
384
122
629
772
776
222
343
304
570
412
245
235
151
121
672
673
398
664
179
771
248
607
264
58
534
586
477
344
274
689
19
647
668
296
591
313
244
85
659
769
91
672
205
310
37
521
196
247
19
170
351
764
499
282
638
555
79
58
373
448
84
233
721
341
69
811
239
224
779
456
555
263
274
229
652
111
658
741
340
552
692
648
173
527
628
167
259
75
129
776
699
618
123
468
629
9
236
814
142
388
769
407
578
209
173
69
100
160
759
738
821
651
484
815
261
349
82
2
63
67
539
324
804
805
564
653
582
342
225
417
739
281
438
370
724
568
298
227
613
74
514
508
814
112
243
69
369
648
313
615
804
356
594
157
183
698
490
809
496
518
602
144
777
43
442
809
763
393
511
562
343
344
264
312
683
55
263
518
100
558
694
77
587
135
433
35
195
666
160
467
386
517
748
439
652
581
446
417
645
639
492
710
641
319
186
238
161
508
42
679
143
752
771
436
232
348
213
538
753
760
800
323
659
472
241
43
151
789
649
751
325
350
251
265
42
704
289
618
590
623
376
314
189
633
243
202
147
625
797
222
52
792
423
467
92
181
538
555
421
425
778
637
425
751
652
124
485
213
189
754
404
675
202
570
58
243
788
361
289
792
680
774
812
422
504
591
827
105
352
175
24
399
150
650
572
169
788
735
528
15
616
195
464
435
353
663
472
201
243
44
170
609
777
106
609
51
312
621
750
319
554
808
738
802
80
348
479
827
264
734
212
308
667
229
796
142
81
686
495
636
251
251
375
632
160
252
756
235
486
160
439
240
145
658
625
707
440
758
143
581
222
384
622
130
368
286
162
759
553
401
552
603
217
19
39
574
158
380
193
149
705
59
732
410
588
77
420
304
433
57
696
215
383
487
378
42
124
261
300
392
237
790
790
452
445
652
470
673
262
276
219
382
175
133
826
402
524
397
186
522
566
623
529
624
320
254
591
170
399
811
314
12
140
37
66
74
298
590
798
466
745
580
830
220
416
169
346
742
220
734
613
818
415
350
30
489
382
593
16
41
151
413
817
751
545
787
435
745
264
635
565
680
394
823
809
493
272
793
25
361
594
516
56
41
783
359
312
318
460
746
290
686
217
499
648
799
446
739
663
819
59
652
18
222
349
273
763
384
734
426
49
672
411
39
547
253
458
158
653
489
193
766
59
314
565
766
567
453
771
736
103
663
641
491
466
160
519
740
826
800
34
18
508
183
389
806
105
815
812
301
318
27
540
221
116
753
330
821
375
146
231
411
509
183
534
472
495
817
140
284
752
741
652
73
375
373
383
696
256
288
58
231
107
387
556
606
414
424
401
306
463
824
441
474
339
121
693
107
672
345
119
458
281
289
258
517
191
345
597
429
701
58
232
788
502
118
541
415
427
589
747
160
807
262
378
371
174
644
367
252
160
589
209
760
36
382
164
117
163
482
822
2
8
791
667
713
634
392
82
80
572
550
583
532
297
255
37
171
84
259
531
783
693
552
720
619
357
628
99
578
398
36
436
563
667
551
673
242
268
244
787
801
383
670
254
238
262
376
165
236
52
280
360
134
599
816
649
348
189
331
691
106
70
544
510
786
752
462
127
30
224
758
570
828
116
741
393
533
681
202
616
502
136
122
276
741
783
356
245
557
397
43
551
498
791
230
383
817
626
704
277
109
550
618
202
460
412
712
137
449
225
99
686
129
800
444
779
787
394
120
612
474
430
165
735
32
736
507
737
658
703
492
245
490
326
751
662
105
760
509
206
323
58
179
304
503
206
316
95
653
677
816
77
245
457
500
148
802
11
817
47
811
496
1
614
181
146
798
512
636
645
764
62
679
779
603
604
74
292
558
324
826
226
826
8
422
285
431
761
682
241
811
366
13
650
327
171
681
746
110
110
259
630
638
324
135
499
314
670
52
617
672
507
828
562
472
812
745
298
752
460
438
157
342
423
729
608
141
360
150
562
249
490
81
668
343
93
72
384
85
38
82
749
40
811
426
744
632
578
190
407
326
660
123
615
27
807
358
195
230
535
303
274
265
84
795
298
821
262
540
435
624
594
448
821
590
85
595
500
154
358
448
127
431
603
352
397
688
632
231
617
140
80
325
491
541
706
783
474
202
573
809
275
258
65
252
772
805
320
211
637
175
523
701
71
761
406
293
173
205
34
341
297
820
208
710
737
698
436
470
391
746
471
652
800
416
656
783
76
420
239
188
306
626
306
533
687
78
299
570
27
457
236
550
566
99
603
633
393
85
313
605
587
591
712
261
521
332
234
799
788
704
561
602
95
708
172
110
432
804
397
253
331
793
443
227
189
294
765
291
167
55
123
698
111
718
784
421
191
810
513
637
75
346
215
321
185
336
780
756
709
621
336
522
364
766
751
158
736
55
572
771
596
226
485
468
109
36
202
480
415
248
154
174
699
620
474
58
715
100
341
314
425
820
283
775
717
474
248
729
205
140
809
194
436
769
480
147
674
794
74
139
746
45
600
476
177
165
430
818
794
704
699
242
541
560
377
645
5
33
223
567
263
179
579
711
367
87
128
485
295
402
61
692
782
122
626
514
370
499
554
801
788
316
567
4
243
249
500
744
612
658
526
644
536
769
742
556
424
801
765
643
282
708
197
433
193
599
528
493
455
232
13
297
737
432
27
701
329
780
314
202
315
156
742
345
141
417
480
189
610
281
603
571
661
20
341
664
248
76
718
819
739
715
763
549
88
433
337
428
797
683
118
327
592
430
388
232
343
710
168
164
483
240
206
765
345
810
778
198
672
301
405
147
700
659
52
7
86
520
207
712
804
693
471
496
545
69
700
22
781
38
179
608
694
174
356
553
632
613
567
105
569
826
683
708
313
708
427
128
38
37
532
750
233
514
497
673
511
176
53
4
276
582
258
161
543
615
785
616
263
622
652
56
145
88
341
218
194
195
94
95
75
99
365
604
493
723
319
784
301
194
187
152
160
496
361
255
160
783
344
428
41
301
138
227
356
55
767
167
538
98
380
631
784
766
562
821
671
679
354
694
431
119
739
632
652
806
367
314
713
151
779
133
78
316
43
306
12
512
168
462
655
586
751
332
356
469
764
604
359
375
176
774
177
441
692
225
691
85
598
218
101
65
544
55
31
596
456
66
827
396
633
398
275
432
17
29
29
546
539
56
115
97
539
215
103
554
814
474
595
681
602
598
705
441
614
240
614
425
229
320
817
294
336
586
691
480
414
458
579
339
747
237
508
489
559
96
213
419
203
240
34
692
460
455
204
610
154
350
806
153
415
322
151
439
233
389
114
502
583
3
632
724
337
289
776
38
99
799
216
221
60
250
299
543
547
313
295
406
343
779
770
705
758
124
516
805
530
493
801
644
298
828
532
351
206
368
490
410
389
366
145
148
614
562
272
505
731
535
41
356
751
433
559
650
553
776
75
515
642
303
181
518
674
310
535
19
347
297
689
64
369
543
771
406
397
524
67
163
307
90
15
70
560
686
514
738
780
241
185
694
636
636
314
395
302
299
593
189
825
763
320
17
657
557
288
375
502
103
323
442
695
566
210
703
663
137
619
443
11
798
639
820
776
16
582
809
237
620
449
595
501
238
10
133
543
260
66
407
522
730
238
534
564
2
326
533
744
710
525
472
730
698
384
701
534
511
826
311
537
574
245
728
657
85
739
577
39
238
750
271
501
501
529
536
147
332
399
278
139
399
388
95
748
709
499
389
653
252
235
381
375
451
47
72
485
357
784
828
409
210
387
611
291
661
597
559
175
815
480
772
372
586
224
684
156
684
264
807
562
550
303
652
829
799
401
799
553
198
205
286
813
612
376
744
761
8
749
451
136
320
598
183
768
420
25
555
615
180
44
635
158
456
181
394
564
184
658
261
529
16
106
714
21
370
35
232
31
233
236
222
468
570
315
544
524
382
659
474
104
347
278
339
807
114
553
277
755
665
34
266
798
483
157
638
396
135
666
551
231
785
309
48
624
675
636
539
462
157
708
663
680
269
262
30
322
404
593
791
539
108
709
304
452
37
384
738
796
429
562
694
100
560
361
323
267
663
139
244
582
741
645
339
69
163
498
82
1
535
562
16
632
606
440
144
373
255
615
2
386
764
458
92
797
445
491
62
545
677
707
431
457
51
351
603
639
46
73
427
359
664
264
722
656
630
290
480
190
450
521
292
640
175
276
518
757
509
810
621
147
707
628
198
147
354
197
576
330
407
459
544
181
432
563
163
343
188
24
774
187
85
781
357
581
122
726
790
623
483
132
576
736
554
358
516
321
164
692
536
630
168
811
264
252
779
384
517
209
760
717
225
59
153
211
85
550
192
201
209
350
110
181
446
179
734
153
9
593
583
279
478
429
706
621
750
483
283
179
362
683
717
597
59
241
250
211
230
622
49
277
423
304
89
3
401
203
573
98
819
566
761
256
154
647
443
225
601
571
57
446
775
71
589
194
233
237
770
795
83
49
614
669
8
201
665
132
324
22
683
796
391
725
748
482
167
325
181
14
680
285
434
148
421
329
726
461
570
586
454
320
211
325
40
389
196
402
819
697
70
390
173
92
376
76
346
660
818
761
644
281
481
296
111
167
595
797
439
402
167
639
328
60
408
337
519
21
290
590
632
285
11
252
544
363
99
356
297
752
693
655
68
322
32
485
811
457
615
400
619
441
161
1
198
660
67
618
552
1
750
680
481
49
1
723
585
704
40
311
724
251
468
823
639
237
217
820
535
234
355
429
423
779
620
449
512
535
439
222
416
176
126
68
124
42
503
202
168
705
555
161
142
300
324
435
64
43
37
364
708
744
44
525
89
498
669
333
655
488
680
138
573
592
246
767
277
675
776
472
353
602
45
161
579
73
99
212
203
631
257
669
330
633
544
258
152
269
531
689
39
438
345
577
38
254
30
166
341
414
466
711
262
275
14
410
706
282
636
569
77
461
127
508
408
63
224
515
736
41
259
365
327
652
271
164
351
530
406
670
488
279
651
62
784
674
480
588
124
712
687
341
774
768
36
746
527
635
390
676
454
143
622
700
471
116
670
127
760
411
516
135
822
134
675
798
713
769
805
387
532
50
731
662
71
634
402
378
751
780
123
115
583
707
674
139
22
741
220
430
324
238
355
118
669
129
403
704
427
791
74
679
16
84
219
744
618
562
283
21
689
815
700
21
652
372
377
270
245
829
33
622
734
791
826
286
505
673
430
589
371
594
132
114
540
45
433
694
116
382
514
139
451
785
626
344
71
427
318
477
112
72
538
645
265
6
269
697
120
386
454
251
407
741
339
583
139
361
140
486
677
367
553
502
580
150
414
274
824
172
635
198
683
390
539
590
29
345
539
786
771
161
667
684
517
414
367
297
291
747
342
691
179
594
365
383
527
671
822
350
2
803
163
146
536
72
389
383
47
690
565
598
327
729
476
399
47
526
371
325
89
377
798
476
640
445
497
318
693
564
343
435
727
237
69
229
656
746
231
188
766
819
131
541
438
47
146
200
453
462
690
379
633
233
442
585
641
216
454
566
418
570
514
769
731
143
827
647
63
722
483
487
209
770
412
799
434
407
200
723
515
682
8
71
339
328
747
62
518
500
531
413
499
311
438
493
734
570
677
619
99
236
57
453
251
134
694
559
283
242
367
280
599
345
94
482
816
813
626
97
48
128
164
27
723
456
572
594
396
63
667
285
455
256
346
181
439
513
419
221
172
183
790
318
197
629
441
387
740
178
1
57
76
140
508
763
166
713
571
609
636
358
325
548
12
18
175
444
282
12
504
764
721
432
354
145
328
494
662
684
600
190
137
501
362
594
400
563
781
460
444
800
721
227
618
256
207
537
631
711
693
388
345
740
471
334
17
72
284
683
36
819
445
688
724
505
554
447
185
1
669
508
827
760
38
24
556
19
760
342
676
369
810
537
413
364
549
809
151
344
258
499
748
384
499
87
643
279
736
107
120
202
102
179
596
312
119
46
610
156
148
306
647
328
442
342
742
747
141
319
202
806
304
516
499
394
263
782
21
74
812
147
164
358
363
551
168
612
195
592
313
740
580
286
576
40
369
610
753
89
91
385
251
733
565
756
485
347
98
248
190
319
189
486
171
487
566
321
549
491
567
610
636
520
542
506
301
770
395
68
772
821
240
218
428
388
627
224
480
136
742
325
536
177
586
222
452
441
462
52
542
806
76
21
413
817
265
547
579
393
107
318
263
64
175
160
1
820
605
188
351
455
373
156
229
444
41
243
657
607
324
268
76
684
435
375
276
186
788
680
9
368
754
391
527
17
718
383
508
329
272
643
631
624
633
323
735
277
85
386
224
507
815
788
417
239
29
187
242
246
560
111
254
583
330
396
713
119
149
154
483
81
37
511
558
123
596
700
618
315
553
524
265
296
373
380
817
281
632
761
631
52
63
750
652
679
490
316
681
677
730
521
150
529
558
759
89
705
643
366
755
208
214
34
683
663
792
390
356
743
739
569
578
775
568
641
813
535
250
96
14
695
770
111
678
720
729
773
81
615
46
588
397
617
288
426
15
767
789
155
286
319
443
393
336
39
708
287
172
265
664
614
300
336
654
92
488
224
751
274
165
363
16
146
598
1
329
463
498
647
349
792
649
34
679
819
381
451
488
767
527
820
439
126
444
276
248
504
315
812
396
428
649
340
94
619
820
614
58
232
389
798
40
64
830
576
405
525
154
8
748
445
737
685
15
180
814
632
568
276
435
293
124
176
23
35
101
461
281
174
537
12
746
789
568
435
9
45
2
187
131
352
784
440
489
803
85
185
789
692
639
462
243
72
550
120
387
31
469
340
619
278
46
288
457
342
229
394
735
155
421
627
650
730
696
540
377
326
756
745
653
82
274
128
390
540
359
482
94
489
818
352
761
722
147
720
133
531
723
717
189
737
546
159
680
91
539
787
43
202
370
417
688
84
120
572
830
180
118
123
441
750
553
724
747
580
704
299
323
733
412
398
721
298
53
103
458
513
426
62
14
754
765
141
109
164
177
95
673
40
362
571
99
7
438
156
499
523
376
323
146
724
195
759
701
434
150
187
60
284
593
566
160
666
580
20
176
88
438
788
591
102
339
295
106
804
437
131
87
339
37
549
93
42
491
717
505
273
602
421
281
563
733
652
392
574
573
710
167
633
198
337
190
361
462
644
771
534
717
499
192
19
311
66
481
317
125
133
250
655
163
56
743
31
301
647
634
654
477
805
512
386
26
240
184
434
799
623
23
87
542
599
687
453
436
652
487
750
670
445
563
9
505
609
114
502
735
540
321
483
529
604
548
817
371
551
280
819
256
291
428
441
16
119
497
477
69
74
656
430
552
292
194
652
557
424
684
569
15
345
153
817
645
184
796
111
620
254
316
59
547
668
728
450
636
117
420
81
595
575
568
822
463
439
207
374
177
475
176
486
174
412
31
688
466
132
1
32
279
592
613
592
79
280
304
172
16
243
663
53
371
56
1
353
507
75
621
40
622
269
5
273
392
691
39
455
104
467
39
279
419
61
331
541
54
378
319
703
753
199
820
816
394
338
89
290
236
827
57
441
690
778
794
673
677
608
643
339
688
513
633
632
232
811
561
402
601
495
584
824
533
421
43
710
551
283
684
33
307
819
201
549
56
456
61
312
403
88
720
8
74
646
654
501
791
749
466
696
116
529
382
655
47
780
791
685
274
809
330
817
526
756
647
656
32
311
787
219
473
668
389
693
211
315
347
646
139
16
418
283
776
580
171
372
715
20
56
158
35
359
391
35
48
100
506
18
93
191
821
666
512
605
434
421
687
1
256
768
18
28
109
505
385
106
636
750
512
666
590
251
618
771
786
295
685
17
107
689
803
116
645
363
487
729
35
767
771
495
179
784
113
95
343
185
331
26
704
114
811
18
326
252
458
159
94
341
785
323
553
310
6
602
255
182
314
148
688
379
165
613
496
266
260
696
81
507
67
2
803
586
433
799
768
631
120
377
647
162
122
184
151
785
59
677
111
36
431
795
814
519
15
155
571
689
517
434
770
732
284
451
262
339
492
321
189
700
299
826
677
618
25
183
108
324
481
505
58
780
204
356
242
581
46
825
522
546
3
342
246
543
561
522
495
474
599
394
288
339
172
269
639
457
17
256
13
651
300
547
737
35
530
46
177
530
779
352
647
506
607
736
702
702
692
604
412
390
554
160
213
402
495
22
674
431
597
332
252
484
724
215
314
599
713
40
357
515
214
334
427
445
1
445
100
222
219
731
304
143
777
67
635
304
703
675
795
583
264
739
662
581
274
213
389
690
97
112
442
355
240
627
803
386
809
400
587
608
798
419
717
818
13
807
382
394
507
275
67
154
595
377
203
410
801
633
436
197
272
430
788
550
507
45
724
318
428
117
321
677
471
87
477
191
349
3
267
336
550
182
566
68
659
111
109
102
300
346
679
411
349
388
254
358
688
60
557
485
19
819
130
340
361
94
790
789
296
235
533
244
189
263
519
447
821
711
485
736
267
471
829
470
385
269
664
132
353
11
480
135
768
120
829
489
407
524
564
564
762
186
438
374
784
351
451
138
30
295
802
145
4
232
213
796
483
432
561
370
494
38
69
459
531
597
531
465
111
689
394
280
88
273
238
415
185
668
644
684
635
734
809
451
686
284
265
156
146
655
796
147
625
398
320
666
726
384
113
109
571
282
379
18
172
197
159
290
155
732
469
827
548
467
648
742
800
471
180
305
293
807
593
539
662
481
713
349
163
239
602
322
829
718
581
484
253
56
57
410
367
581
211
821
465
759
547
558
794
725
631
637
10
120
436
269
621
116
612
541
259
157
586
292
154
340
465
67
69
407
599
147
391
586
513
766
175
332
666
404
519
778
514
127
216
392
96
351
573
6
109
427
702
27
147
43
723
181
382
235
405
392
222
107
780
385
11
241
305
635
413
700
775
196
104
280
188
722
303
218
334
509
122
756
231
815
141
110
172
717
483
789
486
584
252
726
741
168
36
723
50
124
682
258
87
791
677
779
320
420
50
90
827
322
118
96
231
442
98
265
513
540
778
639
24
24
692
829
417
465
438
611
755
292
583
206
754
117
445
149
773
708
8
800
28
634
517
389
519
665
322
102
741
366
394
260
570
126
527
815
191
635
243
180
174
647
58
670
15
825
557
642
652
453
775
141
95
214
477
823
116
219
95
698
192
509
731
23
504
794
516
632
262
76
396
79
312
817
491
23
132
565
629
656
609
35
814
219
92
567
743
327
549
409
375
599
319
755
377
32
522
391
374
496
434
15
4
592
811
581
568
675
681
650
509
484
702
612
515
549
327
682
285
615
657
163
656
364
745
672
235
757
742
258
481
441
109
386
611
735
84
399
777
31
463
357
257
804
132
660
579
449
222
348
786
757
733
342
60
714
755
352
537
295
365
385
271
243
232
515
474
166
30
3
84
129
137
728
17
791
68
547
349
722
828
77
518
701
555
203
168
624
108
464
189
505
285
652
673
127
472
431
65
738
194
557
285
161
31
399
101
736
214
515
553
397
421
211
368
60
686
430
624
773
640
571
592
566
586
212
582
125
401
341
24
402
374
691
201
42
63
126
513
36
826
440
383
774
667
578
454
669
62
414
114
619
450
570
493
749
234
239
216
511
126
677
322
310
255
455
563
511
627
457
283
790
55
399
791
526
598
213
423
137
519
17
721
216
691
369
394
792
708
808
220
514
423
563
407
248
766
242
441
112
129
674
668
623
61
606
753
474
8
817
568
188
128
471
265
698
462
46
673
701
514
71
767
40
218
671
125
366
417
45
484
360
172
675
224
475
213
466
724
563
362
138
87
783
305
314
736
152
18
740
84
272
670
671
332
251
46
578
736
315
502
471
812
699
183
186
436
139
436
168
76
823
332
625
373
161
418
600
703
288
277
774
433
430
633
160
59
709
668
590
663
492
777
182
107
87
192
722
101
226
293
388
260
483
9
824
159
774
575
268
541
285
653
586
675
307
571
236
632
672
500
375
681
532
784
321
597
577
394
790
727
98
25
289
511
736
744
577
266
634
416
826
123
805
381
501
629
497
724
244
798
35
146
733
558
715
188
212
76
39
209
601
199
519
97
333
159
400
329
199
298
5
348
569
10
246
497
541
508
635
601
456
738
245
54
23
701
181
210
480
32
135
496
385
531
371
341
670
191
332
268
488
103
265
301
143
784
694
610
781
544
786
190
544
573
204
719
778
179
778
810
547
157
18
327
67
472
244
385
67
795
305
95
544
344
216
314
521
187
812
406
290
447
158
9
241
417
393
50
103
721
514
772
662
146
344
575
22
430
293
66
348
805
686
565
768
583
717
691
266
611
797
588
22
324
69
252
747
195
63
580
543
313
746
210
624
329
69
490
20
567
571
729
589
299
126
235
273
541
737
459
10
121
476
533
149
484
119
156
226
738
561
697
125
235
595
298
2
353
86
528
467
19
640
669
682
394
173
747
212
234
117
522
530
767
740
377
525
406
464
492
80
712
242
789
445
300
784
801
744
295
515
515
558
404
620
604
754
657
762
203
102
25
796
204
274
643
215
656
616
35
17
466
505
155
818
486
216
691
622
707
308
327
570
423
337
727
183
107
119
126
488
700
572
458
4
613
443
433
324
690
167
328
386
782
630
169
792
147
703
679
486
134
556
726
188
202
341
222
24
608
460
402
754
214
4
417
450
669
229
735
372
249
246
276
133
801
383
70
730
458
505
384
796
9
490
35
531
451
244
537
305
139
821
651
549
793
176
24
248
57
726
795
594
462
811
543
27
512
377
552
91
33
248
547
180
333
153
31
628
258
403
83
306
596
277
29
800
267
453
550
333
639
311
83
87
158
315
531
702
733
764
5
49
635
252
322
41
443
803
757
179
19
371
692
131
104
733
191
248
696
558
427
620
361
413
672
733
659
489
254
725
121
269
240
291
829
375
67
147
107
488
571
255
635
526
569
202
132
301
252
12
773
771
260
85
438
671
184
201
67
556
458
533
113
574
103
498
87
543
24
399
723
612
517
596
424
138
531
516
272
31
366
258
663
54
51
355
361
145
218
125
553
156
459
374
320
504
393
34
309
145
705
58
200
760
408
103
84
62
422
547
602
747
760
199
46
243
644
399
542
825
447
705
728
508
25
17
410
728
630
53
816
455
706
17
276
174
24
651
356
221
9
213
267
348
162
129
337
604
654
254
603
117
814
211
48
765
9
679
3
801
294
334
502
337
545
39
27
406
525
109
88
782
701
602
184
161
777
485
39
677
491
557
134
740
606
39
407
619
282
364
198
810
103
527
666
66
689
538
303
88
193
828
518
491
746
559
290
73
811
163
208
645
408
675
481
566
830
705
806
435
615
234
88
701
686
345
584
252
466
694
449
677
420
669
252
748
459
265
27
191
302
803
27
776
526
27
653
304
351
792
495
316
454
415
775
524
398
339
649
334
694
355
314
322
643
561
725
573
512
236
595
715
504
107
819
542
237
338
464
337
637
690
252
695
304
49
450
506
3
742
623
233
348
676
652
808
329
98
123
450
642
248
553
278
18
823
773
257
277
539
299
725
790
79
416
513
382
519
709
245
259
277
116
595
68
488
211
56
758
448
438
149
386
790
829
730
429
166
571
249
86
444
603
8
509
75
72
458
261
185
15
723
768
447
692
698
614
792
211
767
435
710
303
393
241
332
174
246
221
608
11
270
396
77
290
563
297
416
770
705
704
751
399
625
222
110
13
829
435
337
483
614
459
296
597
544
375
616
109
407
244
509
5
320
614
767
726
93
63
62
654
173
810
156
554
263
639
234
723
645
809
388
105
82
597
161
68
564
814
737
85
414
482
228
817
457
14
126
84
397
635
507
710
818
291
397
613
580
780
646
581
523
183
369
248
150
270
94
708
568
564
145
653
654
278
449
751
533
327
162
193
40
507
755
523
700
394
457
145
447
652
750
11
735
300
47
411
604
141
684
257
816
253
560
610
694
235
178
213
774
392
498
573
107
450
623
435
434
629
293
440
636
531
820
781
426
413
556
642
755
179
389
86
131
566
100
445
214
589
287
581
256
297
272
526
160
637
177
716
774
612
644
504
410
12
652
143
113
620
80
631
283
263
738
626
194
656
133
2
300
347
547
207
206
131
412
540
292
127
387
564
424
74
299
605
136
808
659
283
635
330
77
570
751
764
807
505
269
338
564
220
595
574
165
103
506
182
446
339
474
447
165
253
577
389
166
563
307
340
116
239
663
74
277
559
704
188
20
531
127
593
33
670
252
290
38
246
604
643
112
66
39
36
615
32
188
548
584
64
140
193
541
708
546
31
46
184
589
337
562
747
145
28
49
160
291
557
216
323
303
817
244
623
521
803
660
316
480
645
366
819
214
323
747
757
441
235
580
58
221
772
601
370
727
237
299
433
755
814
734
69
610
273
722
85
538
785
320
267
80
187
5
721
450
368
824
298
346
145
30
575
610
13
646
473
468
153
48
808
167
814
804
743
482
567
716
693
413
405
409
161
424
471
210
504
239
346
45
551
541
699
419
333
410
389
813
112
252
124
725
738
744
71
60
829
686
33
222
164
211
293
219
730
534
324
167
597
3
709
293
88
486
790
123
208
608
356
385
789
275
716
467
465
581
392
392
687
169
306
430
769
476
114
143
302
665
164
143
41
228
828
191
126
633
724
690
664
572
592
561
356
396
3
378
722
63
307
257
239
511
443
463
250
322
801
639
178
371
682
186
180
2
392
521
633
696
200
818
66
417
176
91
103
598
257
40
8
58
634
98
666
24
575
376
562
825
314
402
695
470
602
785
447
213
762
417
264
101
422
595
43
446
415
72
309
48
431
472
783
749
96
490
145
783
175
171
251
529
516
387
670
616
560
466
499
466
451
525
670
498
473
414
54
734
744
313
124
362
266
252
305
649
430
145
161
238
485
189
694
570
98
493
427
288
403
784
597
754
723
393
730
403
551
763
424
18
152
825
232
735
81
788
72
319
466
807
117
5
518
180
629
104
125
472
51
37
342
85
752
271
737
801
521
583
638
348
125
557
297
260
142
462
260
167
739
803
174
469
429
87
359
759
649
701
223
244
107
205
441
211
234
207
379
560
213
460
511
102
560
644
134
332
122
396
742
61
578
742
336
267
702
640
68
712
511
379
643
787
65
482
730
781
762
181
334
636
747
220
795
49
296
226
302
157
637
273
434
130
643
693
679
63
724
90
95
523
142
484
728
483
597
757
183
412
491
30
776
148
678
688
108
248
567
110
370
736
259
339
556
483
575
647
498
47
663
740
75
655
281
204
804
211
551
7
249
554
270
221
378
101
362
512
389
181
710
34
103
381
248
821
123
11
568
239
226
683
334
430
154
627
265
176
659
638
583
288
786
199
272
111
813
10
85
22
249
412
482
427
461
790
765
313
426
748
793
398
772
89
293
583
475
117
128
534
186
757
391
46
645
565
649
376
436
185
58
538
17
213
730
79
516
106
761
212
427
482
817
718
605
553
367
394
813
419
581
552
42
691
758
434
318
753
226
118
116
400
493
220
87
274
185
617
56
587
75
690
174
313
615
712
484
469
787
127
95
815
786
396
150
493
736
507
428
13
496
7
587
639
365
251
100
790
9
591
696
601
464
237
209
744
151
813
623
380
437
631
418
37
772
529
588
58
792
424
83
674
433
120
804
14
499
285
330
204
549
184
102
414
341
514
100
573
82
758
325
578
525
698
173
255
733
317
134
408
420
609
65
793
597
631
677
558
767
592
426
3
568
591
517
639
745
385
187
374
86
372
575
443
830
254
794
682
539
698
429
392
272
418
444
303
609
588
804
340
203
712
132
766
102
115
440
485
635
213
145
781
484
578
627
296
155
502
721
172
255
394
72
660
237
185
691
736
260
459
826
351
747
507
251
653
796
60
232
564
755
369
655
796
224
66
72
703
793
329
802
608
248
108
41
383
175
22
431
182
116
18
450
684
462
569
684
192
367
93
104
179
460
747
544
742
77
79
689
663
704
92
364
402
511
406
125
183
116
447
224
15
199
17
465
449
153
457
275
35
495
80
317
772
827
475
623
529
380
578
165
95
336
544
802
18
677
594
660
627
219
789
289
666
409
573
47
692
165
651
16
392
766
98
446
768
582
155
458
408
246
97
300
11
599
701
236
262
103
85
414
291
316
691
86
710
204
591
563
137
501
259
423
384
58
313
168
817
57
470
389
609
584
155
830
348
408
491
686
87
683
703
449
397
560
632
131
327
144
514
121
346
703
521
274
694
450
809
164
117
510
132
161
328
395
99
521
383
265
77
24
418
736
442
677
783
263
547
62
778
546
16
106
90
33
641
95
596
408
432
657
43
51
426
480
650
774
327
87
198
1
401
511
186
261
278
204
214
483
631
418
779
648
130
689
270
571
256
599
20
247
627
505
304
139
4
553
107
322
305
688
648
251
253
383
532
311
455
403
301
9
794
151
329
616
664
566
80
233
13
110
440
559
233
619
25
134
633
776
160
56
344
755
121
230
706
418
232
171
274
97
182
648
457
735
11
294
461
634
208
386
155
506
555
265
532
119
78
758
764
236
706
159
635
354
49
517
469
107
771
667
824
401
271
121
157
511
380
368
571
49
57
412
427
547
569
702
555
111
286
237
389
409
825
767
630
89
501
813
38
157
346
123
488
395
248
54
674
109
709
309
436
357
712
72
267
610
223
446
245
124
460
370
712
311
72
86
752
705
796
22
164
45
183
721
252
590
161
88
320
712
790
324
539
322
9
655
8
568
475
20
823
642
346
118
420
56
385
145
259
192
336
718
146
36
817
93
790
364
576
165
587
293
543
684
633
247
586
757
568
247
477
35
490
528
598
468
674
746
664
563
51
636
540
584
735
151
622
328
594
482
791
485
382
695
228
357
742
786
161
142
379
16
401
115
441
114
87
702
616
554
71
112
76
607
638
311
172
703
499
807
131
157
338
758
767
686
265
823
21
458
616
183
774
504
822
7
697
453
445
771
379
229
659
699
805
393
273
151
388
375
418
193
397
795
301
622
111
676
686
621
230
442
657
199
668
70
355
129
443
412
679
3
556
425
655
474
616
433
417
785
660
58
362
661
728
669
791
247
192
616
423
657
641
517
671
63
261
630
33
576
399
25
399
625
544
543
553
674
515
808
367
821
469
695
163
417
823
102
394
254
97
127
300
404
684
692
620
591
174
136
305
234
62
71
327
140
545
375
64
22
234
409
794
167
27
498
526
123
150
747
487
731
255
731
455
143
319
80
693
218
150
157
621
493
676
97
417
313
266
699
376
38
390
185
547
645
560
678
375
511
782
429
6
823
155
259
7
268
467
772
310
176
94
166
712
423
482
43
381
693
691
176
786
671
484
70
404
246
310
476
181
27
166
8
294
616
435
702
402
301
98
132
529
269
438
462
83
298
385
734
508
680
95
645
450
309
780
670
176
753
437
728
543
729
675
377
693
545
307
573
38
830
827
418
779
9
106
641
460
661
718
432
32
295
222
780
455
755
43
274
141
669
741
622
814
418
796
635
309
51
75
318
633
802
487
32
48
94
99
632
390
518
398
216
224
713
380
234
382
556
611
264
392
713
399
56
301
551
807
255
282
480
418
506
551
41
53
668
227
405
499
665
762
284
337
210
128
589
558
717
213
26
104
560
470
573
429
628
633
58
98
285
424
677
113
138
656
179
1
495
753
377
568
632
116
505
766
18
125
725
427
377
813
440
482
165
807
381
130
163
625
655
104
183
189
537
815
517
163
72
132
734
516
612
112
259
643
421
673
186
285
264
357
303
64
759
622
68
576
74
829
272
718
220
490
819
11
328
579
568
541
505
568
452
205
359
578
563
176
93
328
800
145
559
235
776
71
533
766
764
552
541
747
243
72
73
100
759
650
203
4
821
755
255
548
457
819
288
242
125
148
413
326
557
299
210
402
149
815
453
11
539
49
470
148
532
220
490
425
161
571
467
769
117
815
170
452
714
813
816
721
129
502
541
654
373
426
802
740
420
229
457
635
557
663
55
552
153
534
214
823
213
672
219
505
366
665
604
652
479
308
113
204
441
393
740
102
269
594
555
203
602
278
653
99
681
645
2
398
238
206
574
685
426
629
527
21
445
32
552
686
817
52
13
624
176
262
209
539
231
280
646
737
280
40
509
696
37
340
475
436
111
569
266
829
650
146
690
569
88
820
156
319
421
532
364
710
251
427
80
138
90
212
61
360
377
480
473
648
431
45
25
200
558
639
482
270
251
801
824
387
359
744
407
286
301
256
786
652
76
314
639
758
208
356
25
701
334
767
682
610
304
464
328
200
162
125
248
515
597
563
661
613
287
566
343
680
263
20
13
739
736
494
347
337
420
654
425
696
219
395
465
662
92
756
399
536
783
513
331
631
636
574
57
359
746
830
468
98
548
270
505
538
145
208
249
147
525
647
527
429
747
112
216
413
390
400
529
666
88
475
216
500
542
660
17
401
761
639
377
506
239
630
162
474
25
60
347
809
701
34
297
159
420
756
445
83
128
726
154
462
592
692
305
128
602
16
442
809
475
190
51
246
289
238
802
215
477
435
690
84
796
217
150
689
796
70
87
697
805
202
381
388
541
84
383
550
251
432
296
395
806
751
328
613
819
180
573
386
134
41
490
526
667
677
35
825
110
699
704
315
147
150
212
532
157
781
72
762
64
9
100
268
814
630
709
107
398
462
110
761
714
789
683
277
783
799
96
727
517
776
609
129
392
659
774
266
766
570
504
756
762
28
371
119
606
276
306
501
286
513
801
322
246
25
568
392
351
313
623
111
627
22
128
547
757
20
3
555
397
74
242
609
642
47
130
653
148
267
254
520
229
353
504
33
812
518
764
710
26
688
155
49
690
491
726
237
223
47
30
799
561
581
59
227
79
800
252
820
485
3
13
297
807
482
793
231
159
83
432
376
437
439
435
295
89
119
387
385
438
657
797
800
73
41
348
643
792
734
753
624
184
767
60
295
401
507
237
313
68
522
703
575
152
440
569
466
528
136
673
500
402
428
601
622
549
258
419
506
474
68
632
146
498
305
155
352
310
155
159
9
800
595
492
184
666
60
267
300
589
263
661
344
600
91
830
545
519
815
764
150
677
534
773
537
8
622
767
340
78
764
800
660
14
145
384
394
600
329
491
479
776
28
742
30
407
675
392
149
447
797
341
342
505
240
144
490
436
91
636
469
613
630
530
375
369
406
455
551
335
796
475
440
679
418
524
151
44
56
476
166
486
451
396
629
264
302
823
182
424
151
266
559
428
492
49
289
45
631
276
468
732
466
109
707
424
209
601
384
460
243
709
822
59
723
809
44
142
309
433
261
337
179
269
11
342
84
349
393
427
776
820
143
410
341
333
135
181
558
516
163
623
364
257
788
512
811
448
764
389
703
428
824
494
506
740
598
759
579
451
479
445
197
410
383
685
124
710
799
69
412
386
157
827
543
255
558
575
486
786
719
806
477
225
122
205
579
628
714
319
801
785
29
373
369
592
620
813
563
626
830
160
714
59
609
388
697
604
647
593
680
57
344
310
320
21
644
297
131
597
301
211
820
668
674
115
673
710
804
363
436
296
807
103
589
360
830
546
339
262
94
450
427
14
319
742
124
758
346
542
425
49
110
220
697
445
78
497
178
461
688
119
276
402
553
171
621
135
78
233
13
593
443
755
113
718
207
227
187
796
32
355
736
709
805
429
64
343
7
259
745
439
181
598
215
768
238
247
758
377
140
613
822
339
725
711
324
197
193
519
279
502
277
65
795
44
135
19
346
685
600
83
684
80
248
528
11
779
264
472
436
386
333
538
826
326
366
250
606
144
541
581
98
91
81
227
463
795
27
139
750
211
190
571
57
540
652
155
526
484
216
591
724
358
544
605
784
666
537
224
722
323
238
208
543
710
407
421
79
436
765
270
18
49
143
209
66
790
388
673
589
171
269
760
814
618
537
735
656
682
391
367
108
40
124
11
677
161
644
97
398
464
391
677
679
433
468
678
391
467
345
378
757
178
40
34
703
253
511
455
8
34
33
101
813
447
498
93
774
28
266
99
644
250
698
156
580
270
615
240
36
766
600
631
210
609
762
411
562
69
402
144
386
390
444
306
420
710
749
108
474
183
7
92
259
408
708
22
250
289
631
215
345
339
12
339
124
612
379
368
410
448
756
804
261
25
720
554
366
748
264
128
276
101
712
707
264
72
805
351
735
82
302
617
473
288
759
87
772
336
330
416
712
91
283
572
5
363
706
478
165
35
203
201
569
769
712
5
784
29
446
203
754
269
47
577
166
37
799
321
778
635
704
776
758
760
37
586
152
550
760
685
129
203
402
830
149
235
404
660
360
301
239
812
649
24
628
450
703
207
261
147
700
419
37
597
812
30
148
108
314
6
690
358
495
36
26
649
673
627
117
78
143
580
268
118
648
104
611
514
144
624
677
560
364
242
173
789
632
39
829
732
210
586
318
441
593
830
754
461
124
493
613
475
394
701
555
213
344
55
65
264
610
233
614
262
365
640
715
681
746
343
624
371
236
574
522
654
220
451
822
776
328
422
653
181
702
543
619
480
334
138
308
38
817
189
192
70
449
620
381
43
19
38
221
561
587
356
390
442
144
651
520
701
213
140
766
728
291
203
404
139
631
823
22
212
760
680
139
596
240
224
197
158
694
198
141
377
722
116
750
782
335
394
639
395
544
771
17
79
436
490
580
134
489
677
664
153
784
569
375
655
215
454
144
236
617
696
150
324
536
794
591
599
674
609
652
508
425
10
604
210
621
129
466
328
410
128
482
416
114
147
112
301
136
115
710
99
718
72
65
543
489
447
711
106
567
188
585
178
575
574
720
396
691
265
306
741
69
123
766
623
693
769
196
587
83
434
525
664
499
112
629
58
223
661
572
458
708
179
254
496
494
341
242
86
363
105
319
481
126
561
715
70
221
576
80
213
608
772
565
379
821
213
48
158
678
21
225
549
786
815
171
227
57
580
328
658
305
23
277
133
719
642
697
730
342
43
274
385
813
513
543
121
250
597
784
801
567
55
175
161
535
85
723
440
314
445
679
627
760
199
331
344
220
567
122
270
774
602
567
439
594
23
582
665
521
300
593
283
449
455
216
707
181
635
502
484
736
357
747
401
131
361
726
252
87
687
179
804
376
235
659
680
629
222
522
387
603
643
507
589
261
614
525
655
389
125
666
688
618
677
733
517
798
210
456
234
648
490
262
659
117
209
93
475
39
787
665
387
503
429
456
605
638
66
318
212
484
543
374
251
384
614
154
434
564
159
68
452
106
277
707
607
165
276
17
805
506
559
501
504
770
53
275
240
286
637
368
430
490
293
666
71
441
306
644
285
490
404
383
485
590
645
322
672
427
510
470
461
237
812
681
549
687
423
488
287
827
126
689
114
54
57
404
606
499
302
412
314
118
554
79
5
760
728
709
253
387
566
403
291
147
104
110
212
67
421
278
596
454
499
685
754
155
166
232
360
415
67
777
301
573
527
621
770
95
754
381
729
298
85
44
438
39
539
386
729
729
181
95
615
629
28
712
788
502
721
59
629
666
119
288
7
766
443
531
547
3
222
151
133
590
732
53
78
624
571
528
757
514
58
743
264
287
816
124
671
316
676
35
351
286
159
106
742
605
535
184
704
335
419
463
710
111
677
536
258
435
643
458
50
362
653
93
269
626
379
806
791
168
148
771
767
520
203
463
572
215
764
217
660
664
556
320
777
701
612
295
4
590
728
668
96
228
165
325
792
488
369
36
266
448
690
454
40
711
270
49
100
151
707
113
506
162
687
782
303
12
684
34
240
518
592
428
802
695
271
362
89
584
286
91
493
129
796
166
471
654
812
3
784
568
658
399
256
251
542
785
86
668
320
799
144
696
153
379
196
315
205
773
417
562
293
305
682
588
716
441
527
623
423
705
642
476
796
65
537
243
150
36
295
407
52
418
668
487
710
93
676
89
262
816
299
445
138
446
478
463
486
113
138
87
439
761
417
618
182
257
308
166
12
621
815
599
301
614
303
294
313
517
648
824
621
537
322
341
305
505
342
713
159
732
132
621
121
447
110
66
696
371
616
794
509
88
29
73
250
79
125
212
377
455
55
107
738
222
640
418
815
218
455
101
526
702
284
206
743
788
533
268
768
616
264
527
767
453
468
561
446
15
7
264
144
713
133
71
85
124
687
714
406
799
309
796
452
520
583
332
146
651
726
349
95
479
154
274
250
61
686
474
58
307
148
256
417
591
174
824
374
8
358
45
624
267
464
406
446
182
597
721
638
317
268
821
542
353
771
657
803
309
447
406
340
243
379
23
162
533
363
272
561
232
530
290
198
576
626
127
140
754
69
190
802
26
63
644
6
548
325
434
465
260
324
218
656
175
407
443
431
50
614
405
681
556
370
718
573
808
449
19
129
216
403
607
58
183
394
760
234
689
378
99
119
602
50
452
35
71
131
461
492
270
355
11
666
683
487
689
812
826
112
183
656
820
484
101
805
610
483
335
337
828
335
718
300
243
712
388
102
682
78
87
507
118
682
615
117
564
210
241
131
308
90
616
599
229
389
528
45
61
692
163
234
208
43
40
59
129
829
813
396
182
444
491
311
262
144
717
651
472
381
620
746
649
487
163
788
797
467
774
591
66
738
643
830
49
778
314
254
184
615
176
737
280
101
783
711
744
96
210
60
33
180
540
205
778
402
779
519
773
202
252
770
159
774
111
443
766
578
476
747
165
155
640
9
561
570
60
799
424
748
129
786
563
595
370
270
204
668
54
668
659
129
798
541
645
453
781
602
717
523
182
276
645
742
485
59
704
705
526
471
348
506
578
771
358
268
131
444
203
258
280
340
222
313
360
473
141
445
416
571
803
59
478
246
563
181
522
684
570
716
443
750
69
317
645
610
224
802
350
205
548
169
353
107
65
809
314
447
266
771
684
588
95
294
101
698
777
144
673
817
434
463
495
174
763
820
304
127
310
271
227
604
784
387
326
585
490
124
44
811
391
569
403
559
234
573
781
752
479
473
763
508
130
103
453
392
549
617
104
516
405
585
105
670
599
134
363
257
294
594
636
499
77
155
486
629
238
397
680
167
260
239
468
666
38
536
295
84
387
357
424
1
702
469
752
727
53
279
189
779
641
687
200
605
351
787
359
100
163
381
807
215
375
361
216
19
814
781
802
97
223
830
681
61
588
39
619
139
618
492
3
307
499
55
52
514
381
579
40
50
455
293
420
531
425
301
538
329
152
214
828
486
27
267
222
669
617
233
230
265
129
95
374
343
512
255
654
710
348
743
201
576
484
52
511
492
627
74
71
267
214
453
253
756
570
776
41
385
363
127
433
524
215
572
744
654
537
421
803
120
154
709
21
181
663
291
611
18
246
712
653
59
62
267
646
434
13
176
557
371
495
177
212
430
56
400
809
16
733
671
460
372
24
802
481
256
47
73
208
637
310
461
647
747
146
712
744
544
649
96
613
537
17
604
315
388
148
621
117
409
600
592
648
506
576
153
514
786
653
51
680
356
696
372
438
793
172
331
427
38
805
437
410
77
223
127
258
504
302
407
796
809
783
727
674
638
431
805
79
394
85
212
754
446
417
134
242
701
308
173
52
737
329
268
225
586
763
656
399
451
209
752
414
712
744
663
90
261
116
629
36
610
204
158
24
688
827
578
425
460
240
566
61
809
280
489
788
557
364
458
792
224
751
392
697
743
150
763
415
439
1
65
263
753
20
443
208
615
196
488
542
702
490
684
188
485
139
766
111
47
332
461
651
827
477
765
344
334
589
294
62
573
677
794
92
449
46
687
570
76
276
719
668
237
94
195
479
555
570
747
235
399
447
300
798
86
582
600
605
2
102
808
332
727
691
591
324
121
195
224
379
139
41
198
274
315
585
543
598
490
267
235
543
346
124
102
328
507
163
590
332
674
742
563
444
543
793
772
668
89
455
557
118
323
182
586
794
522
344
128
103
392
788
119
366
208
766
735
273
374
265
795
372
360
569
826
551
541
484
630
294
98
755
286
582
579
185
803
229
432
351
393
494
291
582
538
360
369
744
12
360
708
515
216
114
430
294
622
3
739
414
55
752
390
518
79
17
359
590
413
104
36
184
487
550
780
213
85
90
601
16
83
386
519
76
812
136
510
596
230
435
54
794
203
664
393
614
221
791
172
391
19
22
527
232
376
545
328
295
172
307
717
723
654
206
650
505
100
632
51
117
14
416
35
689
26
419
98
292
151
776
401
493
357
598
709
432
352
51
23
393
723
48
184
342
579
57
13
595
804
803
812
505
707
149
270
777
161
579
722
712
691
506
764
448
718
6
152
519
144
75
687
69
29
507
729
77
437
160
375
578
617
66
145
684
233
628
385
416
69
628
358
272
646
439
51
768
66
192
520
640
116
754
758
614
225
217
652
117
95
123
607
463
342
2
714
814
738
451
633
780
328
258
252
16
769
692
362
50
41
815
237
529
475
16
429
273
138
559
185
346
645
344
239
434
249
393
220
661
43
595
658
453
755
482
506
608
453
775
56
783
502
173
662
96
92
256
315
16
435
699
816
727
800
370
42
152
157
656
656
298
440
765
461
4
314
559
576
85
279
610
470
655
578
157
101
497
435
204
537
669
102
670
764
100
172
758
780
292
242
502
734
755
768
777
197
422
395
666
311
321
544
591
489
383
3
410
656
98
677
117
777
483
489
383
355
792
356
333
636
51
245
123
108
280
117
604
825
467
565
797
149
467
142
79
489
344
531
7
361
416
381
293
191
41
55
680
262
106
772
55
212
7
822
552
220
248
624
370
684
644
666
180
743
511
539
468
202
751
462
45
169
114
619
671
128
447
406
724
138
506
707
347
696
621
484
606
664
682
109
545
376
650
421
680
202
497
399
785
522
700
661
82
458
18
608
365
674
31
317
677
86
652
486
703
343
397
18
781
600
536
121
426
500
514
362
270
829
251
733
666
20
576
554
357
128
227
740
479
260
357
359
331
697
723
28
275
827
111
760
417
509
597
462
500
764
147
660
744
62
478
67
232
374
283
361
157
794
117
549
495
822
591
460
594
676
629
198
83
201
819
427
710
780
676
287
557
28
707
802
318
384
137
515
10
311
418
812
126
711
103
4
72
622
714
742
426
522
308
779
393
79
93
607
788
394
55
549
805
114
187
298
696
208
322
415
202
260
759
696
283
550
556
779
315
113
481
531
264
62
311
117
13
252
430
355
345
52
735
405
314
185
430
185
377
795
754
779
707
50
717
197
532
775
249
173
734
27
681
647
755
463
13
784
572
653
409
518
341
385
179
276
669
606
394
742
66
793
483
821
342
803
718
261
772
211
123
825
751
98
277
784
793
549
650
485
217
806
223
22
480
400
464
712
265
748
490
58
223
184
549
353
626
10
436
23
149
161
770
325
425
398
754
375
87
700
211
734
636
466
777
459
295
83
452
214
386
255
434
720
700
148
477
135
692
219
273
195
281
231
238
151
21
330
780
511
386
254
650
808
352
132
131
37
148
192
292
372
450
794
467
141
376
59
166
399
144
395
644
80
104
733
830
574
735
70
59
156
622
422
752
800
768
313
809
162
418
133
386
310
84
730
421
383
754
634
323
469
555
522
218
449
534
569
808
251
595
177
617
168
297
663
805
427
56
614
68
122
364
364
463
556
86
558
421
483
43
327
418
698
395
501
461
386
348
306
439
693
310
213
227
31
298
109
346
576
284
199
563
325
539
801
107
673
24
304
721
436
164
230
751
344
145
76
552
764
171
619
309
721
325
524
158
590
635
787
246
550
480
227
697
415
530
556
741
829
821
162
505
655
675
367
648
748
463
790
116
82
384
775
39
62
391
432
279
397
452
42
307
751
263
44
578
484
251
695
614
704
81
605
78
240
21
206
748
302
160
70
512
485
14
176
734
353
192
572
459
819
676
464
652
697
103
626
251
784
198
528
783
531
791
509
785
634
394
67
195
370
578
356
9
685
185
382
822
15
610
707
474
509
549
557
168
398
635
724
751
224
450
254
475
8
385
706
482
628
357
498
557
79
827
727
470
650
51
295
433
647
241
3
338
772
372
829
189
532
433
284
453
443
423
529
203
73
123
178
552
323
389
221
178
283
224
562
559
290
497
236
406
297
715
674
286
245
787
692
172
184
765
436
603
48
469
701
700
424
411
596
673
263
777
156
445
770
376
325
16
343
213
404
544
59
523
304
398
34
118
10
698
97
716
662
816
579
755
657
569
116
512
593
56
789
768
323
491
141
813
74
654
741
632
539
271
229
671
353
308
480
243
129
718
373
794
699
84
787
290
528
369
16
524
313
257
363
54
25
303
370
441
57
353
504
714
760
750
490
624
598
69
264
477
512
615
351
242
431
232
664
516
147
628
538
277
801
222
309
387
662
694
531
152
98
453
494
435
19
401
38
123
740
318
755
74
159
751
618
564
88
196
811
579
300
158
44
618
513
263
280
470
643
128
628
309
711
375
9
610
763
215
798
781
829
247
206
494
744
395
196
223
425
655
165
373
259
289
789
581
239
749
247
812
454
269
386
38
620
290
386
39
580
751
237
574
745
767
601
679
65
404
353
818
752
809
208
619
759
222
121
328
606
236
469
390
736
746
356
514
340
479
195
7
168
584
667
462
486
79
624
117
521
66
345
534
686
446
722
388
630
184
262
406
235
110
453
749
279
710
116
177
780
786
170
735
654
678
358
260
6
256
806
241
60
680
421
403
798
16
809
574
597
318
233
749
426
605
780
202
296
787
635
747
623
171
427
585
216
184
709
235
46
215
259
825
311
627
72
513
276
546
77
112
79
595
290
230
800
196
376
310
720
772
160
611
509
684
801
437
554
601
180
260
98
516
72
509
382
698
669
274
377
317
89
528
113
342
602
543
701
499
582
470
371
255
353
252
512
381
774
80
205
741
576
781
531
375
757
51
205
476
56
320
793
53
505
79
751
245
84
699
58
781
434
281
5
720
144
77
492
700
221
61
546
647
134
127
190
720
73
167
149
83
54
3
786
125
452
444
310
383
696
787
747
539
15
394
99
806
158
348
160
243
391
499
112
9
80
290
107
327
106
51
723
798
414
121
534
113
67
130
244
512
372
604
762
333
680
412
330
536
369
124
665
517
595
195
196
18
789
89
414
672
460
424
287
557
28
470
224
422
374
712
499
283
763
327
797
420
274
82
543
37
499
757
98
323
205
218
516
350
611
623
752
411
453
605
296
592
580
561
739
716
48
383
44
705
12
748
1
793
456
565
776
758
724
649
80
359
771
224
486
713
56
527
17
32
195
447
422
655
316
454
708
43
570
514
548
695
323
464
31
139
242
810
749
67
270
413
187
589
545
156
773
343
543
32
374
183
305
324
472
773
476
199
313
615
218
358
694
470
802
508
61
426
207
53
241
270
618
329
396
650
589
448
240
166
174
445
445
289
371
200
192
387
460
21
95
307
101
580
121
22
484
699
128
318
402
180
494
322
111
155
263
113
110
245
433
443
254
103
616
338
4
92
555
602
360
727
661
397
348
269
378
417
605
134
122
365
516
304
90
232
414
158
189
106
124
780
827
456
96
490
495
680
359
429
449
276
761
96
356
338
60
565
198
750
488
204
173
783
695
830
733
610
155
43
691
170
235
581
436
479
294
121
417
45
197
223
350
112
658
798
761
8
328
62
128
62
802
465
653
183
70
335
129
388
807
256
422
669
241
543
83
415
12
232
347
355
405
735
552
508
184
753
75
727
153
25
450
454
780
566
406
535
828
273
514
283
41
345
544
703
490
778
104
347
65
658
594
822
805
655
368
38
95
144
340
754
75
487
133
18
445
549
41
365
479
576
294
629
341
270
183
808
759
65
316
506
398
644
40
606
205
644
416
511
665
345
724
101
497
676
695
262
155
689
286
410
92
529
328
134
558
249
640
375
357
631
553
731
571
221
49
611
225
453
276
640
10
500
197
151
817
84
379
610
144
427
514
427
642
62
436
155
415
380
702
47
465
654
549
164
317
121
32
558
94
415
45
233
422
379
79
69
306
376
608
446
817
6
460
82
106
162
52
582
4
189
276
300
829
45
499
150
339
789
809
708
49
725
280
669
789
521
413
5
703
802
638
575
244
271
10
700
404
605
205
331
827
85
67
116
177
328
62
95
773
624
157
330
688
660
500
378
805
29
625
391
525
382
79
493
821
639
684
726
379
344
264
683
504
755
14
471
591
93
319
431
77
772
798
540
649
234
163
48
482
504
809
127
591
150
390
229
587
36
42
268
257
736
436
190
389
404
59
72
485
760
443
541
530
555
463
599
142
642
338
206
271
778
275
555
537
314
656
302
744
631
34
469
110
766
240
252
343
192
412
471
749
725
423
392
84
151
578
2
75
574
529
820
232
560
630
310
6
215
667
722
30
380
568
67
381
7
222
277
7
167
509
514
731
672
792
699
351
201
101
680
699
343
730
750
49
503
804
323
144
492
754
774
35
830
46
201
24
498
328
205
693
485
785
642
422
377
755
510
546
68
507
21
640
649
539
539
315
691
208
794
320
220
464
808
88
5
157
563
63
558
86
733
590
753
469
117
241
527
99
420
753
406
666
328
823
240
245
84
734
648
242
212
533
203
709
403
425
536
763
445
105
266
816
145
816
736
564
745
420
799
237
85
2
486
331
527
550
309
113
264
739
552
183
116
5
59
747
219
55
440
157
570
609
762
786
134
562
117
453
481
425
668
783
500
303
438
164
118
219
290
702
682
444
142
176
608
6
89
520
588
291
279
233
210
441
764
558
494
518
784
475
160
672
317
198
732
814
768
730
284
643
827
446
754
372
449
254
290
680
740
275
488
523
99
357
380
193
112
365
56
748
208
52
274
432
554
311
749
669
700
13
324
303
266
42
121
381
754
145
217
617
554
240
500
433
56
110
251
420
581
813
240
150
405
802
767
60
488
542
407
252
173
39
472
214
380
112
171
64
348
262
104
599
418
538
392
63
495
174
190
518
763
330
221
412
489
622
558
581
130
712
193
418
783
656
542
7
193
193
322
376
765
432
537
613
33
32
764
813
826
238
201
27
566
631
784
824
46
790
822
647
743
734
23
506
752
630
285
458
93
588
743
591
12
581
476
674
70
7
391
283
452
782
303
136
199
355
543
271
741
273
722
123
654
616
466
705
303
101
691
210
817
33
404
642
388
61
88
16
279
815
706
92
391
265
471
829
651
478
621
106
100
37
755
2
779
728
360
630
638
628
313
385
178
818
355
455
170
264
585
372
112
419
310
251
668
195
102
405
141
371
767
190
801
165
305
601
616
420
168
448
379
376
773
544
277
85
3
585
446
173
444
486
339
484
248
140
785
186
109
741
468
179
750
785
358
479
241
505
329
408
369
368
111
71
523
609
236
470
741
643
252
615
456
352
173
377
603
768
555
311
178
755
608
777
98
492
735
115
527
62
344
699
326
720
165
495
526
322
39
387
459
567
74
329
54
506
520
240
758
434
755
579
257
5
480
575
360
290
561
191
164
681
516
367
352
596
493
542
63
373
226
18
616
50
609
173
497
346
519
569
333
603
451
293
758
690
134
53
778
746
791
799
735
741
4
49
409
493
492
777
812
578
603
483
390
647
320
573
90
727
504
376
100
137
458
128
144
211
748
412
229
556
541
506
18
91
159
781
520
585
754
459
537
681
629
233
23
373
68
460
210
145
402
484
251
129
794
525
91
224
7
562
246
774
215
191
249
121
339
94
290
765
172
648
575
285
303
742
174
103
108
660
80
62
73
238
331
246
306
126
132
196
92
293
628
303
424
506
205
203
549
532
629
570
66
26
297
760
114
178
70
275
586
191
372
439
329
673
300
336
643
158
460
806
706
583
384
356
173
509
704
321
724
350
205
311
407
328
723
121
257
827
381
358
578
369
798
730
718
530
468
200
338
816
54
445
57
490
648
137
761
681
355
300
253
793
814
105
736
463
511
790
145
185
188
690
732
163
313
635
737
827
356
668
235
352
245
188
580
501
566
142
800
164
408
734
211
584
629
546
411
142
372
475
141
382
101
153
448
5
466
354
85
404
819
621
530
632
748
498
343
259
100
492
108
13
466
800
415
722
758
69
827
357
587
458
586
680
327
287
829
159
212
279
337
490
700
128
138
388
4
817
347
112
374
273
434
324
162
609
513
424
769
508
257
540
46
406
431
810
332
49
61
19
723
711
579
826
327
302
396
348
758
23
560
627
504
150
258
153
724
672
730
477
433
787
498
472
428
654
483
96
648
38
352
356
286
816
115
172
525
203
172
829
75
409
207
442
271
633
754
564
719
509
781
32
117
803
329
717
496
383
318
29
298
675
120
569
76
703
258
228
212
309
639
654
98
781
554
461
713
359
185
390
280
74
520
130
496
239
102
173
538
543
241
77
142
212
600
662
345
671
23
759
216
411
144
585
813
696
756
589
308
292
41
748
169
747
128
810
205
648
438
8
386
55
174
112
423
589
78
485
434
211
173
716
521
462
557
304
163
78
718
244
627
753
824
239
442
32
770
689
686
165
154
394
817
153
120
293
797
817
796
644
724
734
777
190
25
597
768
238
649
121
611
259
26
14
287
473
78
101
674
717
476
437
503
764
359
653
437
237
243
152
498
33
341
660
597
441
647
63
681
540
264
436
496
782
371
308
637
187
418
363
443
118
526
727
560
490
325
311
184
769
789
742
332
755
477
110
373
38
585
392
174
331
460
464
358
746
552
485
113
185
563
431
673
664
798
706
415
38
270
167
549
505
180
191
585
576
289
596
330
263
333
45
715
353
315
245
315
100
173
401
237
182
323
650
38
693
730
221
316
225
765
547
569
614
50
118
338
703
95
130
384
344
326
528
626
138
150
682
806
217
655
651
721
621
381
133
800
50
75
67
763
111
664
802
594
493
164
289
475
450
689
203
74
797
492
366
570
588
76
382
319
26
576
342
740
512
340
761
609
442
685
141
615
189
727
584
275
237
235
417
239
24
621
536
2
574
815
507
77
656
294
583
274
412
40
535
554
342
563
683
372
93
582
85
409
142
39
297
469
180
195
626
413
448
159
337
814
761
34
760
506
730
769
211
185
515
126
190
708
210
203
791
568
330
645
671
303
501
86
754
755
144
562
339
568
107
670
569
374
113
443
396
35
149
441
675
418
719
505
61
360
494
11
288
399
508
622
323
825
68
422
378
829
260
549
620
386
472
687
447
155
766
73
370
376
309
430
489
294
444
569
784
309
443
287
420
112
490
32
690
54
24
545
131
154
234
630
40
17
658
770
782
595
9
399
535
411
564
638
209
231
123
12
1
210
216
647
386
664
444
278
817
641
472
339
251
730
538
657
716
184
283
540
391
582
748
27
273
280
525
641
52
692
805
669
615
756
540
406
84
173
766
748
710
244
29
348
284
760
105
457
75
118
54
384
393
190
767
671
478
417
470
180
828
663
685
123
496
773
98
146
490
206
565
189
299
237
410
272
451
194
153
651
32
25
524
556
272
319
74
509
39
776
484
426
439
781
526
591
224
490
373
22
417
361
310
828
250
243
816
78
439
792
306
554
809
359
35
390
215
794
345
87
469
314
616
423
237
122
320
340
469
263
558
37
383
510
399
298
155
325
797
761
495
119
608
129
419
40
500
431
331
12
577
804
387
206
620
239
280
652
41
432
173
484
402
454
574
820
770
80
746
639
641
92
537
527
728
800
555
170
392
61
640
404
1
148
353
178
583
8
214
28
400
568
659
538
820
361
281
630
1
775
806
181
274
454
277
436
351
324
404
404
571
1
351
473
345
179
581
443
407
458
684
592
334
60
716
748
639
463
699
784
28
284
397
578
711
750
294
197
342
238
762
14
162
31
478
43
772
288
178
158
801
100
86
581
772
825
698
513
151
683
734
762
812
173
103
360
82
183
553
387
396
824
64
783
13
182
467
691
778
790
377
696
334
481
597
596
399
608
408
293
168
332
690
341
264
644
578
18
737
504
14
287
355
661
420
401
757
120
24
442
273
30
224
125
828
25
295
668
701
428
192
30
476
162
210
377
134
56
315
462
115
116
527
790
797
555
384
243
361
618
683
425
34
56
106
202
320
461
567
409
527
418
104
553
157
267
721
380
56
600
264
180
357
749
366
337
524
772
241
429
6
671
366
174
624
530
136
99
607
362
351
634
220
565
532
13
661
719
324
697
38
795
81
362
167
681
197
314
320
174
478
266
113
615
321
299
649
511
784
487
592
237
116
248
117
398
228
172
464
344
775
57
215
200
818
664
696
71
152
215
708
52
700
139
572
62
809
282
573
291
691
206
46
254
523
311
380
584
742
722
359
503
170
706
178
19
381
352
228
212
812
715
687
553
552
662
106
806
565
733
33
122
105
19
550
657
760
117
678
466
830
209
364
615
104
360
572
37
70
558
373
733
110
582
232
168
48
690
144
559
262
522
591
470
799
191
330
755
203
365
440
143
234
620
305
264
787
315
634
211
599
20
799
788
159
449
316
271
779
30
79
659
367
314
326
422
168
65
24
522
421
757
627
212
647
607
308
86
79
769
755
622
537
179
78
45
381
812
787
665
378
751
183
418
111
609
121
697
659
523
212
187
662
662
811
744
683
790
325
804
118
60
580
187
584
222
232
505
621
159
556
194
5
578
279
430
787
739
317
795
712
599
433
102
818
5
650
93
168
396
154
715
545
514
146
26
348
603
770
641
509
145
488
359
299
644
629
127
485
631
253
733
534
368
298
289
232
441
411
797
396
404
378
496
547
126
139
206
637
148
237
399
499
336
701
822
306
381
37
376
79
607
571
49
770
335
560
391
479
84
719
204
200
805
336
46
29
361
805
580
759
259
800
503
771
226
566
140
395
87
760
221
4
267
354
517
46
158
156
751
445
204
96
326
561
186
74
191
399
264
534
303
789
39
812
763
150
649
808
630
168
713
494
414
19
601
546
411
214
7
84
536
192
260
1
597
607
470
367
811
598
105
517
215
653
67
512
428
81
507
369
740
547
214
585
675
168
150
532
789
803
381
218
149
767
12
407
705
285
713
465
730
490
311
579
252
758
70
246
346
82
578
688
116
384
117
249
623
586
64
775
7
254
135
72
477
797
444
610
801
665
39
534
626
97
382
483
109
572
749
455
789
377
680
816
761
268
711
137
752
707
348
250
646
251
373
731
288
616
149
618
686
92
109
432
524
137
146
6
608
662
557
345
47
89
364
452
191
702
6
237
212
740
143
289
771
599
542
589
23
50
595
788
778
755
83
568
269
730
132
692
145
16
34
544
790
830
89
787
650
542
685
141
128
224
388
539
476
184
356
591
446
118
415
141
192
263
672
417
478
752
54
326
738
328
570
681
662
77
302
502
828
506
153
701
724
229
42
801
805
417
478
192
607
617
578
695
406
545
318
164
689
635
542
759
633
61
21
462
712
718
667
100
151
325
373
283
535
803
553
374
384
315
348
282
169
754
482
791
597
309
19
128
364
547
258
329
692
290
64
315
751
788
475
471
532
132
729
38
150
405
299
749
11
345
64
332
431
707
738
533
488
318
115
155
209
205
122
756
365
528
392
330
715
708
447
301
816
408
246
685
242
223
111
658
189
769
69
820
709
230
76
375
32
717
78
514
329
248
797
195
338
648
725
243
492
678
567
309
232
620
90
300
669
123
512
268
295
180
770
450
376
284
84
649
427
33
139
138
245
645
31
385
649
296
667
279
777
656
184
522
425
102
568
162
402
652
382
690
82
152
116
630
444
809
627
566
721
755
810
805
499
276
793
684
26
370
344
810
751
787
132
227
677
551
683
699
101
366
86
603
785
440
557
371
575
562
247
337
491
304
353
321
810
765
645
112
543
357
23
703
320
676
452
381
594
634
345
672
429
656
800
318
305
759
593
253
675
208
12
175
785
787
830
78
164
24
616
520
102
466
171
67
711
639
678
770
384
16
357
803
753
406
327
259
647
251
395
810
57
771
684
85
306
249
320
480
87
487
749
520
341
545
680
327
144
173
110
621
172
602
428
217
622
27
454
695
641
702
794
505
626
130
683
283
114
569
761
154
625
44
676
222
113
445
99
812
823
758
306
391
740
168
523
89
433
86
819
423
329
778
230
747
614
640
251
156
87
578
87
211
46
565
258
629
669
693
660
819
76
117
37
483
514
781
251
425
300
533
134
9
585
530
435
114
80
270
416
693
108
511
201
694
315
572
207
362
225
345
151
816
490
293
505
407
754
731
298
74
592
679
169
4
148
374
618
470
431
365
240
822
414
196
443
72
735
376
279
319
178
244
12
73
127
104
788
340
675
682
179
37
234
124
686
667
290
401
785
810
338
236
702
196
201
401
15
378
373
166
421
656
46
382
198
732
319
208
342
194
39
586
713
446
13
744
97
737
226
739
572
142
295
193
70
466
103
261
718
554
483
173
297
429
448
114
454
362
386
492
279
799
265
404
794
787
450
563
133
371
813
554
251
746
217
563
65
710
335
538
578
767
740
417
652
345
435
599
135
256
389
714
641
647
553
314
710
701
808
650
244
728
214
157
339
662
24
80
56
222
9
674
28
667
769
586
127
148
237
117
497
743
143
453
821
710
166
105
268
189
194
598
167
534
473
153
498
94
764
307
562
22
16
596
751
15
455
80
770
694
687
655
50
35
56
477
764
512
264
20
614
484
179
391
467
407
413
469
100
625
284
805
294
52
634
23
405
398
349
595
502
510
474
193
182
387
159
227
739
182
37
285
215
695
430
334
375
280
217
714
135
358
252
23
6
363
32
656
185
524
223
524
189
524
805
249
236
592
189
10
211
447
512
616
818
728
91
540
38
194
12
74
724
103
655
338
133
528
244
184
555
350
9
147
789
78
219
437
776
666
147
384
539
290
256
383
422
73
757
593
236
683
635
489
636
582
338
809
229
763
418
112
206
704
767
513
658
439
706
527
648
472
456
3
420
26
829
197
57
286
594
803
234
381
494
248
13
310
739
252
410
712
566
707
289
16
799
643
44
174
797
39
277
328
252
307
717
662
417
540
564
120
563
245
68
30
318
737
543
737
687
315
746
346
602
547
618
386
250
578
172
621
308
502
815
4
325
163
814
193
10
667
604
240
768
578
540
372
331
17
326
671
490
134
494
432
770
793
430
98
23
726
683
93
193
2
827
480
66
104
186
356
628
337
441
668
591
138
152
193
97
633
125
25
414
369
326
161
496
387
391
455
691
732
71
666
190
790
728
605
232
641
562
745
763
263
202
744
226
715
536
640
368
213
219
517
368
761
406
671
401
181
48
578
75
707
470
349
462
59
670
258
438
400
2
787
718
242
411
349
456
482
112
645
406
270
200
237
611
802
507
429
420
206
26
528
255
209
809
568
339
27
534
337
574
653
75
319
679
376
748
707
118
348
153
134
342
629
400
421
690
211
97
59
86
9
351
170
211
545
62
348
154
559
459
498
442
124
454
459
313
36
687
611
273
132
25
636
517
1
390
278
370
605
708
356
318
143
423
231
309
691
535
632
150
814
159
463
272
284
734
614
622
518
417
823
554
222
819
511
450
467
528
636
423
371
185
665
93
397
648
222
733
487
628
799
435
522
57
51
365
652
816
278
565
448
73
190
360
101
454
118
59
379
523
383
767
554
488
468
122
760
811
755
7
219
317
246
332
475
495
124
794
551
729
251
45
303
575
99
295
301
453
695
774
765
183
538
462
709
238
41
328
495
2
745
708
675
599
516
639
787
638
788
81
739
275
75
85
727
83
566
389
664
824
161
380
669
245
459
490
368
485
658
615
244
755
433
182
233
33
591
322
418
300
564
215
153
769
797
122
344
515
265
423
282
126
112
333
655
432
388
7
48
274
572
266
672
663
648
71
6
131
490
554
138
437
254
651
399
414
412
97
603
594
28
270
233
283
93
521
536
149
592
288
722
193
485
287
615
571
38
635
208
579
164
428
810
532
106
395
422
339
60
226
556
88
303
469
187
130
145
191
628
54
612
485
171
632
488
183
295
149
390
447
755
127
207
365
667
340
579
120
630
632
497
386
581
419
680
178
115
17
724
266
444
273
732
225
726
549
51
356
608
18
173
786
187
304
105
299
744
802
771
93
681
779
815
319
772
444
609
566
415
234
627
640
193
42
149
244
346
345
388
279
183
304
418
682
134
478
720
583
427
117
617
628
591
620
125
151
310
271
548
477
292
653
480
213
2
251
641
223
85
705
474
28
526
327
83
281
762
360
459
769
543
22
34
745
456
513
415
816
622
824
470
31
530
134
822
488
452
400
159
352
659
350
276
562
720
91
459
35
760
238
504
223
252
645
478
774
326
602
505
529
680
365
141
769
275
43
634
116
723
592
558
591
144
68
774
419
639
345
426
662
56
522
425
458
752
126
230
697
119
278
577
737
63
318
474
78
752
654
217
267
112
541
329
168
827
760
44
93
614
651
528
784
190
236
243
275
525
583
240
52
465
6
225
754
619
94
11
829
709
482
141
11
360
443
185
808
478
77
185
363
633
199
382
588
404
610
737
325
64
211
231
515
548
540
382
11
358
746
396
811
582
314
190
400
17
580
621
213
705
72
211
758
331
620
785
580
433
358
38
691
77
69
569
740
566
113
747
579
440
760
120
81
131
610
631
597
392
824
187
458
165
609
54
324
528
754
717
442
66
108
530
737
121
51
829
259
116
463
621
496
687
123
105
343
735
817
824
15
319
755
264
716
175
354
776
18
169
804
289
787
726
312
413
205
801
529
780
517
109
806
388
423
174
130
308
791
639
605
177
574
92
591
24
669
201
400
804
146
196
501
357
173
467
214
792
544
440
808
663
26
714
541
683
399
290
251
694
32
215
447
534
391
119
139
777
712
365
418
765
585
590
306
703
434
293
153
706
798
592
493
13
314
583
606
371
393
625
374
471
603
28
306
356
572
772
214
569
724
87
155
229
717
386
139
380
444
789
270
122
820
726
342
35
211
447
96
484
670
800
802
820
376
599
316
662
548
83
192
217
699
506
779
493
55
494
703
649
52
285
435
611
245
790
50
436
558
650
69
556
776
374
417
476
823
19
100
829
221
487
594
323
224
483
310
510
271
559
549
808
708
397
477
658
14
338
681
15
185
788
780
174
580
59
131
45
667
638
625
242
119
160
131
180
505
402
655
475
179
257
96
383
383
239
353
324
196
754
518
242
814
34
543
363
274
757
335
112
630
282
510
548
479
172
404
742
751
476
215
513
647
179
258
616
338
434
141
293
802
713
795
643
357
598
716
750
762
204
28
304
542
264
616
93
471
665
301
542
474
597
504
622
244
200
634
458
87
716
441
78
643
807
789
403
12
724
788
183
735
675
746
230
735
414
330
750
490
627
446
778
69
490
705
233
429
36
182
69
574
295
644
671
102
343
321
760
680
692
376
312
605
239
572
333
649
461
771
818
483
333
704
154
114
422
222
715
798
422
443
231
588
293
590
229
87
367
250
761
740
400
282
38
98
20
476
287
235
216
394
438
326
283
121
488
70
28
595
541
118
764
466
431
181
364
226
821
196
541
571
305
741
384
279
388
25
758
462
810
801
278
43
281
647
46
152
365
187
810
625
456
329
402
6
613
807
447
774
649
797
706
84
589
655
617
68
444
183
44
770
292
68
684
705
458
315
696
482
394
11
797
598
265
592
187
21
736
283
151
740
598
388
609
591
367
246
662
130
634
194
248
777
15
269
154
813
703
88
661
326
179
564
638
756
782
445
623
649
704
661
349
672
131
71
635
720
237
739
230
191
25
403
753
458
143
714
498
221
366
243
219
732
798
112
288
165
499
561
703
587
344
763
751
694
60
37
482
830
247
725
73
455
173
754
342
94
106
210
618
190
817
373
328
553
496
772
247
611
663
60
486
244
545
103
201
536
730
372
552
619
338
440
443
391
132
661
184
528
480
5
512
263
827
299
322
145
301
667
505
279
699
108
245
52
461
658
66
424
468
386
577
725
473
66
149
620
710
812
684
654
796
110
729
669
288
57
554
157
811
32
562
598
710
315
100
782
402
488
697
371
508
215
413
286
652
208
297
260
661
551
644
35
74
94
156
702
548
584
301
245
793
661
765
687
124
502
306
663
378
683
616
494
231
223
623
630
163
743
365
87
329
416
324
724
284
229
161
528
12
562
341
118
535
618
639
586
763
707
371
455
369
494
695
199
59
440
718
424
466
238
418
337
33
802
407
461
248
368
371
155
595
170
766
609
518
109
395
309
130
49
266
703
494
43
830
302
804
449
596
352
442
454
98
201
785
225
474
321
164
645
353
244
324
141
485
535
167
222
144
422
670
817
235
380
134
133
500
361
310
398
103
166
288
192
22
745
826
692
654
747
439
217
361
678
476
635
428
257
539
217
158
684
516
455
698
422
275
505
824
237
125
704
333
532
569
451
731
354
634
190
394
63
221
250
610
46
292
292
256
17
796
294
687
71
309
442
354
401
458
147
671
457
465
678
699
643
438
158
255
203
100
446
98
499
572
587
602
552
815
267
378
555
489
289
322
694
608
98
346
466
629
206
787
413
725
476
481
813
75
658
404
527
527
123
583
7
321
743
482
337
49
39
6
414
455
584
53
765
66
662
702
500
290
482
373
172
416
158
15
418
480
528
784
796
373
321
292
86
798
719
522
349
54
810
688
536
375
693
616
444
46
20
452
688
361
512
585
602
484
308
724
404
517
82
779
164
830
634
199
157
751
458
254
688
4
4
303
111
760
339
708
207
481
13
759
518
795
651
594
90
543
311
496
388
643
228
829
314
737
676
556
756
381
807
112
104
410
179
328
628
189
12
53
576
711
712
658
362
277
372
815
593
333
393
532
628
508
761
265
652
773
773
526
710
396
110
535
336
35
802
588
331
538
247
222
64
406
805
360
68
586
23
139
629
35
646
759
398
338
13
412
774
187
163
830
322
706
115
270
58
520
233
233
710
694
142
260
265
389
569
121
68
553
377
496
123
231
299
558
29
44
776
422
458
486
378
545
518
591
193
170
496
630
167
265
441
657
506
158
297
168
50
249
493
45
745
670
499
762
590
797
421
96
144
500
42
708
775
743
178
149
234
331
189
530
45
327
495
764
222
532
577
306
411
314
749
482
237
121
102
391
504
373
206
724
296
449
406
629
700
356
77
190
86
384
184
743
193
374
773
60
399
689
553
33
161
181
637
451
645
224
741
309
156
717
442
670
231
738
695
714
238
444
270
146
608
648
704
380
567
11
224
450
745
44
312
67
523
104
633
563
88
251
533
280
463
502
766
545
633
136
213
199
473
431
634
537
183
343
155
144
465
251
344
167
429
789
439
570
589
296
320
535
81
254
138
521
535
707
681
349
238
605
150
806
709
292
801
252
650
369
14
188
337
523
42
130
329
577
391
419
294
510
734
539
774
33
596
54
521
630
199
161
48
242
106
256
216
129
619
328
437
685
99
224
212
687
540
412
219
386
236
694
437
511
501
434
657
821
149
754
191
669
282
526
682
161
517
358
13
728
482
765
18
707
528
255
273
537
435
665
29
546
690
739
123
56
783
780
595
246
194
337
508
734
692
736
277
529
418
155
806
332
772
68
788
809
422
1
577
691
232
293
658
376
40
264
140
583
741
88
446
532
809
339
475
299
607
195
64
241
138
683
315
801
52
436
351
305
518
255
740
813
427
63
466
828
373
140
445
565
27
408
296
216
677
734
167
726
616
25
502
42
746
560
341
506
714
667
308
40
351
192
327
752
312
701
748
172
235
391
372
413
369
625
326
414
464
568
124
448
696
46
249
597
172
300
222
383
535
108
99
357
426
136
233
345
784
267
820
8
88
780
427
571
68
449
572
795
353
792
524
575
508
324
203
8
190
600
579
50
790
299
699
171
747
729
52
673
334
335
189
672
237
193
98
55
591
518
249
41
670
687
564
134
795
187
536
6
797
155
721
737
3
291
720
189
24
20
580
408
5
805
554
298
65
328
735
505
257
52
290
276
564
213
396
69
369
395
666
484
319
701
73
600
161
183
599
468
640
572
244
269
718
474
261
518
570
261
728
585
200
652
826
133
452
289
322
80
262
52
520
387
200
40
816
820
750
664
637
772
814
394
289
268
821
352
182
709
56
483
404
233
336
776
13
375
207
737
202
513
749
366
177
135
421
643
546
722
63
822
323
168
400
428
753
491
362
350
535
334
381
60
165
162
495
595
557
170
374
404
182
195
154
708
133
60
670
276
333
534
71
778
180
439
129
547
198
124
419
149
16
305
802
495
480
646
230
778
666
728
60
357
20
331
691
668
265
324
454
537
280
546
730
307
822
741
716
43
173
562
741
419
234
111
186
770
193
78
27
515
88
283
782
639
671
104
608
73
713
20
522
9
361
628
385
595
521
439
828
800
710
468
377
326
261
124
270
145
240
524
623
521
140
280
660
154
267
326
475
224
32
106
305
502
320
158
232
521
671
539
294
426
104
193
749
657
469
371
487
177
501
529
550
356
804
648
479
90
419
233
534
669
507
353
682
528
239
164
698
356
605
731
304
671
313
619
786
288
162
596
433
240
789
670
533
528
338
567
408
337
389
361
699
588
702
164
474
124
61
583
642
393
419
542
454
611
257
425
636
151
733
712
654
713
502
822
91
227
450
242
441
237
216
170
562
352
288
583
375
568
137
473
265
756
131
608
263
415
63
277
598
462
763
823
586
333
343
638
583
34
513
178
112
37
674
645
101
695
281
703
576
463
249
741
197
373
630
395
785
608
683
155
523
559
336
340
637
733
53
480
790
95
102
243
469
338
293
362
155
683
750
745
613
135
432
173
814
27
755
670
711
31
485
728
42
639
446
42
621
248
250
740
714
657
437
772
774
443
354
537
147
415
385
586
492
668
534
674
574
210
610
117
539
816
516
162
743
543
395
768
736
286
166
532
551
354
828
52
227
438
142
440
295
429
412
376
786
360
143
759
206
570
334
685
165
395
53
461
142
429
294
5
29
408
327
243
344
751
322
263
373
734
174
654
5
348
51
178
161
110
367
40
192
105
356
161
436
523
196
319
329
10
197
806
505
791
748
494
145
761
220
376
79
160
612
764
671
430
705
786
289
694
175
235
783
138
301
168
529
800
616
489
812
499
337
517
510
784
249
364
214
539
659
169
75
136
440
107
374
700
519
577
672
490
211
827
294
383
307
588
461
597
424
132
786
539
689
319
641
32
396
307
572
177
179
86
455
174
364
63
782
214
775
145
416
47
755
288
265
817
565
148
359
474
329
110
193
317
100
815
591
614
337
343
227
794
58
590
410
502
758
201
611
453
590
417
140
766
202
732
724
437
488
816
488
652
95
462
785
743
680
230
240
730
300
684
357
473
27
103
299
281
95
469
655
561
548
70
47
246
614
622
589
137
295
127
119
253
713
147
292
7
757
39
508
368
819
65
596
737
727
603
57
304
554
342
497
73
246
732
712
769
814
12
358
711
161
631
814
22
578
146
255
760
5
34
805
822
211
13
162
605
134
551
328
820
577
76
359
148
158
790
521
321
598
409
28
82
582
257
190
140
247
490
385
782
176
7
363
464
54
824
80
275
706
652
337
753
249
490
528
447
103
595
195
304
313
112
43
162
355
550
552
226
663
264
490
184
552
394
208
366
687
829
32
403
86
298
136
364
533
50
133
664
172
182
818
351
757
100
565
28
610
41
274
45
778
251
168
288
149
190
695
326
39
197
445
716
471
792
787
651
536
315
342
487
397
618
500
385
121
475
7
339
9
252
44
603
764
230
402
33
417
691
343
335
679
679
701
394
253
765
412
273
369
143
138
51
738
647
417
814
60
449
745
346
49
49
637
683
774
373
382
72
104
667
236
70
685
116
414
568
341
190
779
685
264
596
569
119
464
768
747
543
354
189
21
248
229
271
328
182
124
138
795
82
81
798
553
286
521
539
480
202
368
48
497
815
461
30
806
117
252
42
702
17
566
353
290
296
507
57
676
142
550
51
16
90
253
411
265
540
707
629
152
328
200
67
822
279
720
588
71
79
348
258
23
423
512
275
619
406
749
695
319
613
353
500
292
683
157
792
707
687
2
249
342
243
480
337
419
657
616
21
289
747
370
583
331
144
758
226
350
8
480
679
816
604
309
405
482
121
158
445
374
309
527
752
333
22
255
107
732
280
454
303
184
497
55
123
189
628
317
166
457
118
524
27
823
360
657
393
114
435
54
325
182
698
649
513
816
564
627
714
720
744
766
37
685
43
397
771
705
540
78
368
71
522
679
186
817
268
422
431
451
31
670
446
400
674
510
407
571
608
346
252
115
725
344
608
238
250
817
154
719
185
113
420
424
275
472
270
332
355
45
810
253
794
593
803
84
66
106
717
462
177
664
360
162
690
604
704
452
440
334
204
313
541
570
465
308
205
364
528
770
789
264
773
806
272
217
305
384
402
447
62
198
103
479
605
550
516
244
251
806
699
777
821
561
788
628
169
634
313
334
490
413
686
170
474
412
602
496
494
811
199
282
31
434
677
334
789
711
812
481
638
815
494
21
136
732
228
121
225
570
67
633
291
566
194
708
307
381
815
564
166
695
264
729
167
402
703
170
730
541
458
404
740
159
253
345
79
603
460
731
781
714
42
110
77
139
746
545
485
631
85
218
145
456
261
634
283
208
356
645
255
517
759
798
188
825
63
192
262
797
271
758
166
388
634
374
146
34
288
614
392
642
702
560
64
696
825
661
110
392
215
37
55
320
388
478
799
531
521
177
486
719
569
644
494
697
354
270
73
687
632
785
744
115
582
777
388
196
200
534
687
764
775
168
235
37
548
367
513
1
526
676
59
84
498
590
15
235
279
508
542
761
450
329
161
239
576
627
99
753
96
335
736
388
648
556
537
129
577
181
338
87
262
243
46
486
771
757
758
84
135
450
365
13
769
644
615
215
519
353
283
174
369
288
200
347
68
613
615
515
124
357
122
54
106
644
306
359
647
823
819
57
321
368
714
249
363
441
444
52
624
204
749
803
96
705
256
661
559
529
608
447
549
731
381
250
539
480
135
492
695
632
739
541
767
820
73
472
611
306
674
148
461
659
622
211
404
441
550
13
104
793
340
582
649
340
703
8
459
45
292
586
564
147
251
199
813
718
303
193
691
599
94
681
680
465
369
735
558
91
682
253
265
607
96
343
625
784
716
109
554
739
52
686
328
448
39
763
503
260
341
486
641
44
450
646
756
251
481
239
791
508
264
37
85
526
449
19
746
412
753
523
35
492
696
659
646
141
741
341
410
346
26
422
262
607
699
503
330
698
568
829
594
563
546
626
768
452
406
360
447
203
219
717
636
638
808
6
409
374
65
386
144
217
646
116
356
135
254
728
819
186
480
781
279
149
637
86
81
716
430
358
438
73
685
543
248
541
500
628
501
359
448
58
616
16
469
140
141
716
367
209
183
86
814
606
299
273
636
71
523
148
261
302
761
368
37
475
449
743
153
609
329
411
742
53
341
564
245
302
407
349
558
601
97
620
650
72
301
710
658
698
722
784
486
337
628
396
477
804
240
381
672
285
800
500
824
164
425
291
21
829
61
76
720
663
58
780
323
505
448
673
744
614
707
148
530
709
616
816
202
520
687
32
393
613
11
106
732
729
215
64
55
447
526
727
26
298
390
178
192
740
430
485
348
660
330
301
235
220
707
343
765
82
627
432
514
444
227
652
539
25
528
769
151
242
408
139
317
545
419
30
775
48
123
236
167
227
687
202
58
564
157
182
396
581
819
242
495
537
550
46
704
446
63
603
484
550
182
492
100
374
574
170
415
102
475
284
182
396
609
478
795
310
204
475
481
573
602
477
251
529
459
7
226
753
80
289
305
50
340
387
611
826
768
628
707
312
572
705
765
215
7
48
390
716
449
308
262
768
334
348
618
823
540
127
139
38
415
51
215
602
615
36
137
319
680
506
34
111
521
271
719
94
39
774
272
94
336
726
107
620
713
357
214
771
646
97
397
160
6
774
67
603
346
252
189
83
296
809
317
665
325
770
680
357
565
665
357
45
260
508
292
760
369
140
116
812
206
487
6
450
263
302
803
101
325
557
753
49
826
517
127
704
656
225
177
687
807
358
394
772
620
673
429
370
629
108
750
197
739
215
538
63
366
350
245
310
274
694
443
755
747
466
212
549
423
814
706
350
17
73
71
467
33
191
42
771
445
251
38
147
189
166
406
182
683
313
361
358
660
30
420
187
678
824
194
8
47
548
424
50
414
696
492
356
605
349
125
351
192
620
819
504
205
345
717
308
529
621
152
167
126
19
558
53
60
79
433
161
570
103
267
711
184
441
379
803
195
555
261
606
509
737
291
205
537
33
518
456
407
760
630
524
91
501
502
164
393
112
586
294
33
808
396
316
395
547
682
655
373
488
650
401
81
383
95
485
795
44
32
38
243
315
733
438
758
158
160
104
650
136
509
225
765
780
828
694
131
26
411
44
225
830
651
230
799
250
811
331
367
639
23
737
300
122
691
91
483
503
54
58
757
516
311
138
474
41
591
553
784
773
130
285
360
474
563
110
558
136
718
137
590
346
626
105
454
241
481
63
302
694
199
419
321
303
353
456
371
337
638
185
293
633
794
478
506
509
236
792
435
801
460
710
137
24
462
551
130
515
788
100
690
661
589
10
552
197
820
162
16
178
648
521
441
66
665
814
608
112
322
798
262
781
514
539
372
715
265
518
342
340
234
383
589
823
220
179
509
799
406
332
408
206
257
345
686
101
374
342
517
501
302
579
810
309
197
210
752
798
608
21
464
230
319
452
722
159
339
408
787
682
425
232
122
148
262
825
239
240
39
798
792
298
416
585
644
409
174
94
216
711
450
712
542
810
478
241
530
399
753
589
292
255
57
724
467
463
762
2
799
199
725
537
28
727
767
33
549
724
536
299
757
541
286
8
60
604
695
628
253
512
623
287
410
429
699
696
203
95
308
686
647
61
374
326
478
604
621
760
239
29
721
297
698
379
778
88
172
399
371
102
811
445
192
575
692
266
354
190
239
785
646
195
13
551
716
120
65
265
215
167
144
155
214
490
746
387
728
737
39
387
115
159
786
156
707
32
591
322
741
638
607
393
328
561
361
96
67
162
232
102
691
567
826
661
317
134
4
488
33
347
333
596
715
798
674
556
298
177
78
452
263
537
700
222
384
341
57
87
494
303
826
326
280
262
377
586
57
270
11
701
332
260
454
218
115
384
605
792
216
508
152
496
315
489
177
719
69
789
673
461
103
588
703
269
248
591
699
614
173
619
676
24
592
127
681
722
267
393
432
705
730
395
470
806
682
342
730
9
746
304
686
625
141
114
517
391
318
288
176
657
740
154
623
523
493
663
752
311
593
551
598
396
742
665
322
723
627
614
657
683
221
107
719
689
333
338
569
104
498
793
457
739
446
769
546
466
171
358
347
221
533
676
747
377
100
348
101
17
342
755
811
741
687
188
73
300
636
821
639
778
348
326
657
575
457
427
295
356
22
143
602
687
469
311
282
44
355
174
769
505
300
118
329
137
629
755
116
231
442
13
170
703
819
114
16
49
288
653
606
594
360
582
554
632
682
80
619
559
335
250
646
427
206
149
563
396
277
781
43
424
409
405
486
112
75
265
374
647
150
379
589
332
425
327
816
447
466
458
346
56
430
524
63
695
435
192
684
329
614
698
356
497
763
725
717
363
34
730
155
384
406
378
245
825
3
798
799
395
466
813
441
557
699
170
384
187
262
410
155
704
561
683
386
412
652
209
584
682
744
651
437
638
268
611
643
394
198
66
142
364
20
143
218
174
58
402
391
804
620
141
294
485
400
334
46
106
163
106
408
133
425
51
646
430
59
128
753
182
590
727
734
621
355
334
209
259
737
682
79
155
319
208
476
351
768
673
441
296
109
812
609
755
104
499
200
510
773
496
692
442
289
722
576
765
642
203
287
657
793
180
193
724
255
284
562
358
682
57
246
21
303
774
116
368
724
162
347
494
826
364
207
776
229
477
378
129
762
797
389
515
547
56
722
679
298
198
692
193
673
115
238
747
259
361
702
217
643
539
80
633
225
431
366
36
605
298
488
486
794
70
548
133
455
384
396
256
3
329
523
432
48
556
693
38
614
491
200
141
588
769
16
374
14
443
750
298
713
371
257
579
378
15
419
454
486
690
526
626
595
510
92
347
804
568
94
740
170
281
215
680
820
201
184
699
18
217
275
239
517
813
797
542
64
15
66
560
225
337
559
707
627
493
412
627
136
800
185
151
306
271
430
592
228
419
587
633
210
346
702
510
651
344
405
780
69
20
828
557
418
824
214
634
814
705
602
804
291
700
510
773
355
768
576
728
335
182
665
229
720
280
122
497
752
754
638
695
315
6
211
4
312
173
401
702
596
390
760
186
607
54
640
749
130
284
317
223
566
587
385
668
737
212
557
589
378
612
391
48
50
91
741
241
818
483
737
243
594
138
108
399
806
769
444
262
111
257
516
557
117
719
656
1
624
393
49
435
323
283
229
300
44
166
661
333
698
220
640
470
344
788
75
162
284
393
586
440
235
565
176
367
49
321
351
404
808
323
661
492
532
513
747
781
684
17
414
395
644
676
448
47
37
52
726
583
578
447
37
329
282
804
109
780
384
391
542
44
398
314
132
9
794
257
801
623
20
759
187
659
39
309
205
259
189
126
596
402
242
93
733
339
346
32
628
234
43
156
428
453
517
72
290
72
659
386
736
203
10
92
52
345
115
199
683
773
690
417
285
376
358
42
706
545
157
178
708
586
751
475
730
262
497
483
76
300
456
101
412
192
790
399
224
683
394
480
773
555
67
813
151
808
563
785
370
440
621
195
485
822
402
189
188
529
24
363
396
233
42
91
763
367
632
515
614
164
18
600
830
795
362
400
773
402
78
470
256
197
761
511
595
103
478
822
129
666
2
58
568
39
721
244
108
709
66
297
305
241
251
711
400
213
592
759
215
710
336
320
52
46
411
256
197
284
802
237
534
219
469
11
724
744
47
291
87
460
128
476
769
657
788
280
238
31
597
602
202
181
281
555
421
808
523
671
715
145
617
331
191
768
254
604
154
796
757
411
180
464
794
144
200
377
743
386
160
488
319
198
415
812
714
379
112
821
178
158
775
62
342
462
652
154
458
118
191
679
359
420
235
505
228
671
407
307
20
708
8
186
656
671
75
413
676
457
630
783
297
548
340
488
655
413
722
120
357
244
715
560
590
505
475
348
233
772
250
97
32
39
290
727
817
320
58
90
278
379
61
233
416
263
558
787
634
128
389
808
548
80
165
727
199
79
79
176
88
420
437
432
209
195
117
309
412
603
434
268
71
589
32
95
311
56
501
279
614
416
600
490
586
732
161
596
698
263
803
803
123
494
819
6
779
91
803
758
555
520
630
153
169
732
657
204
672
482
277
706
259
812
789
707
127
716
527
599
705
483
131
501
574
516
183
619
362
582
482
314
298
208
478
241
221
68
115
435
71
614
681
473
453
334
359
407
129
227
129
531
392
462
680
823
538
557
270
622
510
622
70
12
262
585
788
657
777
494
457
408
321
46
179
232
189
803
690
60
605
224
348
735
601
443
361
236
164
805
345
387
656
419
570
753
291
814
752
641
87
1
539
462
563
178
759
742
444
385
193
790
642
745
91
556
592
220
250
66
478
421
128
221
189
79
676
358
284
808
284
546
501
767
697
399
405
221
346
132
609
589
592
308
441
638
185
483
526
652
529
675
648
795
548
645
3
218
809
520
480
601
586
252
582
166
767
660
430
676
496
176
349
780
241
420
160
730
538
131
550
480
79
167
819
534
718
532
382
72
292
459
679
248
514
586
702
171
336
622
368
523
53
552
356
399
576
679
613
210
609
224
654
742
783
635
742
357
208
110
454
710
228
305
59
520
798
665
731
41
762
353
203
116
221
86
537
371
411
637
314
619
37
250
677
685
118
337
525
818
350
657
142
157
714
488
597
724
156
437
532
43
758
246
758
794
724
518
772
701
509
301
316
141
231
682
57
735
286
575
166
757
650
628
548
279
713
158
460
258
717
24
99
376
495
519
492
163
253
134
587
19
789
431
825
345
195
113
617
324
658
174
562
516
823
56
273
598
401
754
404
681
523
490
249
156
46
143
592
23
110
150
137
510
803
158
777
692
610
584
391
8
403
374
609
208
732
596
539
106
753
593
319
541
758
449
823
667
175
697
475
325
195
367
588
222
819
424
816
169
639
281
743
332
364
780
728
424
234
352
777
346
186
815
209
802
216
633
310
150
435
103
116
818
347
446
307
424
551
393
496
601
542
740
690
368
444
52
772
142
456
158
30
746
772
586
463
356
776
640
470
191
819
411
190
605
626
229
652
808
519
805
421
440
377
771
500
486
776
620
80
473
75
31
53
724
794
406
81
238
153
383
724
491
215
548
482
170
498
195
614
409
244
603
515
314
717
399
24
453
190
378
311
250
692
189
559
497
191
477
764
284
714
556
113
17
770
630
317
418
345
397
431
564
91
95
438
132
110
272
252
671
138
109
630
298
449
563
338
397
580
222
723
422
521
586
611
316
159
324
157
786
467
699
187
541
93
794
756
660
473
476
57
152
205
535
536
801
676
291
213
345
714
828
255
288
813
770
692
49
328
252
703
373
65
659
313
208
53
769
300
797
665
709
655
35
403
276
311
89
461
633
372
328
131
184
647
806
597
674
314
274
160
622
145
321
807
423
107
228
774
516
707
753
419
110
216
576
122
481
440
186
160
379
795
718
126
17
531
209
437
463
19
748
302
744
95
606
799
368
263
140
137
524
576
162
347
760
784
337
381
44
196
288
656
188
364
84
360
545
489
796
182
227
782
824
171
793
176
413
774
707
115
812
382
449
341
129
269
158
178
789
147
465
12
293
504
44
324
185
675
456
443
676
624
689
675
646
318
273
793
324
404
578
125
739
75
373
100
342
217
96
222
492
272
223
463
504
297
336
449
629
499
491
128
539
69
783
640
811
403
59
677
356
626
679
289
153
62
374
543
414
409
512
121
229
114
714
114
21
330
725
267
8
362
49
813
621
783
826
327
629
344
619
699
265
675
153
224
206
134
302
214
284
566
395
78
631
424
765
459
806
774
382
14
53
509
650
21
694
265
535
800
285
791
176
124
730
377
24
3
549
186
607
766
100
733
621
67
666
114
590
380
743
39
593
33
662
310
610
459
281
483
358
492
93
158
143
588
331
177
436
561
445
440
582
398
359
227
683
152
824
729
594
216
598
796
745
746
615
245
525
518
829
401
414
499
554
39
188
710
345
756
366
628
830
754
815
23
51
519
553
334
182
654
442
148
557
312
345
688
70
662
678
106
715
401
816
217
391
13
716
685
14
607
33
669
139
733
498
163
324
816
556
323
465
41
672
319
171
206
8
406
15
679
695
405
324
503
791
659
200
296
302
158
682
192
457
763
63
88
143
509
638
205
104
476
653
398
95
371
600
556
260
134
23
236
766
384
563
362
246
297
56
739
53
71
556
664
779
787
472
597
651
234
676
270
631
577
486
492
721
722
518
316
824
540
223
266
90
610
643
715
678
203
373
176
167
469
79
255
791
219
739
644
630
149
559
389
804
290
530
791
442
204
542
608
157
509
204
755
48
327
676
665
273
685
675
729
183
21
794
306
470
177
72
84
719
734
87
800
439
151
639
507
86
195
482
615
365
333
741
595
757
289
88
439
306
276
704
148
668
228
755
396
40
58
791
742
550
761
523
541
535
487
121
446
666
6
263
774
215
553
376
36
740
658
403
48
378
793
347
470
67
601
249
731
400
384
209
62
69
1
369
203
616
135
535
494
195
611
43
112
562
572
180
656
818
263
753
181
708
690
425
582
177
807
618
674
433
305
155
310
798
564
187
409
122
779
370
478
123
266
207
709
84
153
636
43
733
794
595
119
716
114
182
369
506
91
686
586
439
42
159
184
363
695
279
229
25
815
599
231
811
787
215
95
468
38
419
304
192
78
222
694
334
754
778
289
496
475
221
476
98
79
355
408
821
35
430
513
579
288
749
176
269
525
485
542
225
134
56
120
508
781
778
168
612
729
761
685
190
199
251
775
459
274
811
548
578
649
203
818
511
255
285
763
248
124
501
427
30
56
500
346
780
169
620
56
809
579
247
565
373
88
330
41
363
570
588
695
411
69
693
243
402
218
786
364
74
245
333
477
220
543
287
317
446
20
407
617
754
792
441
55
809
796
255
319
760
370
601
77
510
739
213
649
56
425
269
538
401
689
9
827
582
810
423
697
611
709
266
460
203
683
290
181
256
511
332
346
242
361
647
129
143
798
243
268
764
453
61
819
318
729
747
708
218
30
818
672
247
334
655
213
115
779
721
420
746
593
411
620
312
27
669
626
36
441
738
785
469
707
39
24
521
521
769
429
125
773
148
155
628
417
658
86
111
145
687
312
136
606
806
583
468
353
710
410
253
464
76
166
508
227
405
694
60
134
690
140
504
5
220
153
494
434
360
92
620
251
69
179
120
568
309
472
595
538
175
795
657
630
765
92
385
711
452
278
586
210
302
499
670
668
555
363
62
73
39
54
308
768
190
744
627
264
103
379
108
158
123
340
369
799
112
245
479
91
174
205
317
711
341
397
305
196
388
188
757
416
587
577
45
420
83
348
526
828
528
222
592
261
219
167
235
77
650
472
809
40
448
726
254
199
824
562
579
529
403
132
724
323
164
563
173
270
552
645
515
287
824
229
317
696
536
222
700
301
293
484
398
340
796
190
645
521
353
546
362
399
379
586
147
393
37
202
29
238
789
220
506
154
151
29
431
262
96
260
105
613
537
1
153
792
638
434
106
344
157
262
518
785
77
129
726
511
89
764
778
150
250
809
274
202
640
608
662
366
508
404
490
427
223
712
399
264
447
212
352
431
396
29
154
150
492
207
788
68
448
458
309
807
192
504
116
9
682
653
789
113
752
575
594
816
186
498
313
494
256
184
760
74
640
217
47
254
265
795
233
245
102
638
73
536
140
432
295
543
48
550
161
438
47
175
563
720
780
231
498
440
522
56
720
467
492
811
226
817
204
588
460
739
198
451
385
152
40
621
781
258
312
182
484
357
782
255
559
713
204
605
404
543
472
24
757
662
122
439
96
582
545
623
332
616
30
306
378
389
74
826
9
190
807
816
411
628
265
425
16
830
329
634
168
514
198
615
79
726
672
422
110
502
123
92
84
483
781
546
329
161
736
352
386
773
517
48
619
384
459
447
632
425
166
702
311
261
346
361
537
324
525
824
791
202
352
768
95
651
36
268
82
85
798
370
348
486
445
757
406
573
244
462
813
699
640
193
403
291
59
7
223
115
546
8
303
186
454
675
607
661
512
581
239
409
690
553
391
380
95
231
223
691
683
181
26
507
31
156
339
282
755
546
626
423
358
250
642
604
491
93
160
685
638
433
758
389
625
91
138
180
443
359
818
717
511
24
11
267
721
830
193
56
65
586
665
211
96
620
738
330
446
88
246
26
231
682
57
31
566
809
496
254
699
200
184
10
638
113
23
440
640
707
294
400
91
478
309
396
108
490
351
136
52
160
340
500
312
766
576
762
120
433
150
242
76
296
57
322
167
268
527
672
616
300
587
675
92
292
714
675
751
329
355
350
711
608
497
475
384
132
154
433
135
304
170
342
489
359
418
806
815
762
120
651
479
578
315
121
826
476
526
466
711
200
49
26
319
233
398
18
134
473
739
612
636
686
383
404
723
253
79
478
472
745
714
346
496
322
422
205
24
212
194
506
368
345
660
444
460
134
170
300
807
33
165
548
66
560
639
427
227
38
139
71
414
128
119
138
471
256
331
350
134
1
430
414
717
435
490
319
714
711
633
547
52
613
116
576
764
195
663
7
242
514
143
19
571
797
313
682
728
460
230
641
191
77
17
415
320
172
128
536
648
620
80
375
575
804
187
613
689
536
444
150
423
129
795
719
737
693
429
81
587
375
606
151
799
177
542
452
553
267
107
757
463
345
322
420
679
482
2
751
821
613
60
138
719
785
38
659
189
103
119
17
93
364
352
52
515
408
580
153
356
708
594
802
542
531
201
142
98
518
109
384
285
722
366
647
656
289
593
686
358
721
624
250
628
69
828
396
806
276
138
580
619
780
796
559
613
556
750
103
279
81
571
59
215
734
514
171
442
766
702
177
87
219
763
56
16
98
165
53
133
152
226
116
177
612
620
632
666
308
811
215
690
315
806
637
219
146
51
453
406
302
715
602
773
373
608
20
543
558
426
492
448
535
114
260
685
585
535
282
706
527
52
428
312
804
821
559
593
391
431
430
627
742
828
643
642
105
210
815
391
791
146
328
383
762
558
187
410
711
344
669
172
629
109
86
210
664
255
752
345
212
448
389
75
397
758
294
47
669
15
100
815
58
572
627
619
785
433
203
420
247
291
525
126
111
250
630
461
552
439
273
630
117
545
373
727
358
694
22
709
118
600
6
92
433
387
455
19
277
771
73
739
559
107
20
252
4
168
741
339
604
293
765
99
280
378
586
491
644
497
284
812
456
147
802
531
446
670
800
521
709
404
203
92
369
474
543
827
704
409
808
365
44
176
230
392
291
539
468
475
187
211
93
24
291
417
96
674
541
685
301
90
443
769
84
413
110
487
585
579
386
589
83
267
172
193
99
742
787
797
347
328
814
269
388
57
12
373
376
561
791
136
409
323
68
335
575
474
434
529
669
689
311
667
664
265
106
753
214
74
783
158
275
745
484
663
100
92
276
17
211
767
186
268
108
252
253
644
511
316
152
516
272
183
408
261
597
523
730
71
140
32
652
281
812
727
67
488
185
242
3
778
385
370
358
747
603
531
639
676
778
639
207
50
117
247
383
302
258
13
51
17
721
798
458
470
195
566
720
354
372
413
428
132
78
364
466
68
409
446
577
502
351
293
484
9
427
805
351
665
785
413
714
116
186
390
318
823
565
462
102
668
830
684
62
744
442
489
201
779
524
450
540
273
305
56
105
8
40
576
373
442
329
24
234
727
700
220
408
604
445
559
65
705
823
173
149
422
154
475
313
555
292
91
168
320
501
306
260
150
95
508
587
556
573
492
345
788
654
76
116
773
725
752
557
476
654
449
509
829
430
378
752
581
250
803
38
651
124
811
319
67
598
355
737
416
367
801
534
693
683
338
705
262
104
726
721
420
542
305
88
243
696
337
810
75
618
234
8
141
325
16
187
443
295
417
656
350
91
204
463
86
95
163
157
395
35
524
417
17
739
691
16
621
766
396
641
582
640
67
39
468
817
24
251
425
321
287
435
558
227
671
41
376
198
590
691
799
809
407
437
647
709
158
117
442
228
79
641
258
47
272
615
235
370
91
75
99
139
480
643
688
146
792
335
128
133
3
481
624
355
816
463
650
810
468
256
209
549
31
639
766
426
110
786
395
29
759
324
518
628
683
180
592
210
276
811
550
546
271
821
579
595
261
818
509
788
802
324
163
164
767
756
161
415
185
753
35
112
186
779
33
824
142
427
594
94
228
151
539
272
223
223
559
660
779
636
642
290
448
121
522
269
658
315
1
163
572
746
698
724
552
779
616
28
625
128
406
170
580
158
684
325
646
634
736
688
161
233
624
702
734
287
91
50
385
207
244
795
32
77
97
217
378
450
496
446
180
222
769
110
154
726
300
222
764
823
717
424
127
435
362
84
190
536
6
820
525
70
799
404
89
92
434
807
537
366
494
628
585
826
116
81
272
280
76
320
686
601
176
578
263
381
298
72
194
178
503
654
590
465
520
172
338
347
140
320
14
77
521
433
742
614
370
690
170
728
287
17
82
116
738
672
671
304
354
793
258
592
642
334
19
785
325
187
258
556
300
49
100
363
772
715
135
220
154
474
269
784
2
698
631
119
20
70
278
140
174
451
568
713
819
724
624
373
644
716
326
606
26
288
569
513
179
593
571
715
561
505
699
604
210
459
486
104
585
284
566
722
405
520
632
264
782
78
284
257
79
587
493
463
3
717
502
2
278
582
463
767
205
309
234
233
273
811
536
654
111
170
750
102
747
745
152
155
363
112
245
196
138
145
475
282
246
137
674
371
648
534
207
782
689
706
608
240
234
77
308
561
394
86
256
127
830
77
797
556
492
348
196
727
141
734
48
311
149
507
646
699
651
730
68
578
151
49
639
336
562
712
585
466
705
23
233
60
601
773
147
200
717
342
5
605
613
310
454
414
596
451
545
109
775
488
65
289
358
174
819
735
756
644
458
510
270
369
709
28
66
625
507
514
693
411
155
94
29
214
279
65
771
279
62
784
807
134
707
67
223
569
115
552
777
385
586
491
350
4
488
396
601
129
662
738
408
728
271
455
750
127
139
245
224
637
482
78
402
638
95
581
238
164
35
517
82
514
196
702
329
824
623
319
222
147
104
348
183
331
382
592
599
222
230
118
541
182
681
710
687
200
381
636
67
568
535
98
213
147
811
345
803
208
413
816
699
446
243
373
534
814
98
822
783
504
506
489
790
291
299
628
75
98
650
552
438
464
145
507
147
155
801
210
255
825
626
70
100
574
767
425
98
359
753
670
767
446
312
333
639
623
791
412
544
773
141
620
321
260
142
609
545
198
315
413
493
567
827
326
493
706
705
58
490
185
243
620
811
772
88
118
122
600
704
473
563
368
198
252
240
331
305
386
208
394
167
569
505
604
515
356
761
637
718
469
826
572
449
538
594
420
215
205
213
805
35
152
30
306
285
370
602
500
804
197
659
256
111
201
292
483
420
232
600
31
378
646
325
808
639
138
430
314
180
329
744
321
14
511
629
806
108
762
825
569
509
85
700
415
304
696
469
186
324
81
253
303
366
210
743
815
187
142
93
826
625
746
564
542
398
776
114
790
642
543
337
696
201
89
148
386
758
201
46
213
459
812
448
724
509
589
447
341
289
228
129
50
241
727
727
530
794
417
608
666
567
629
766
262
444
71
13
183
555
294
612
371
364
170
455
789
807
181
265
742
560
398
208
525
793
454
324
257
459
321
275
795
803
97
522
509
53
423
144
34
461
720
451
333
408
403
162
300
135
364
320
737
675
183
570
500
748
152
583
742
311
624
289
185
380
34
595
106
124
828
407
796
388
21
795
465
163
504
772
541
563
716
783
472
219
752
518
425
65
437
36
397
562
430
146
577
628
284
186
216
227
30
57
169
712
14
390
350
140
142
144
640
443
644
292
547
386
798
586
191
337
138
52
414
794
416
309
647
200
363
111
236
606
762
158
68
778
114
798
752
222
467
103
243
421
689
429
449
309
669
223
321
347
627
349
517
638
646
480
63
314
308
230
117
42
161
771
810
690
595
3
642
581
829
100
21
158
685
529
799
118
388
579
128
275
364
779
686
82
764
265
557
509
774
229
32
718
27
251
668
642
603
293
418
186
822
268
598
612
123
220
779
772
47
81
412
519
341
259
167
69
473
803
165
168
625
126
37
618
226
496
688
226
472
630
311
73
16
753
722
512
140
434
43
623
335
311
335
555
227
705
492
630
830
740
134
610
389
135
788
447
641
435
267
280
315
397
693
539
200
67
284
464
103
533
476
237
232
262
400
805
660
383
638
636
440
141
319
764
645
178
612
466
811
580
750
51
623
288
655
681
734
3
117
714
230
280
803
416
223
256
289
177
99
108
554
267
613
795
46
627
219
467
610
650
351
63
333
784
749
251
163
491
552
253
311
694
309
166
533
629
555
755
424
801
184
76
130
713
765
739
786
757
162
55
265
457
81
185
78
238
40
711
734
610
324
451
543
669
373
430
679
524
498
397
446
643
667
645
760
195
264
345
350
308
593
82
589
25
221
283
558
781
621
440
263
323
715
810
510
498
781
291
706
472
273
788
387
426
274
182
83
522
140
181
64
74
764
264
765
160
490
372
115
668
716
677
501
819
102
164
635
636
286
798
655
563
67
69
644
223
385
180
807
247
537
445
375
26
446
485
24
553
399
663
342
580
102
752
629
144
18
48
673
361
105
675
695
482
745
410
536
409
544
158
149
578
419
713
696
740
333
385
716
412
772
313
332
222
243
457
587
492
384
224
636
320
730
447
398
269
364
352
539
135
182
779
745
446
808
784
474
623
319
548
680
548
572
93
687
674
122
680
364
92
525
236
730
86
747
441
758
602
438
589
174
419
693
396
74
360
113
261
620
16
313
713
440
238
433
65
481
19
538
383
276
188
360
2
738
471
27
761
280
40
557
410
807
369
233
388
613
415
261
513
515
787
40
486
545
661
813
445
84
361
21
103
393
769
424
370
263
659
173
29
627
655
307
662
749
20
164
681
821
826
814
554
546
545
302
399
534
603
517
624
705
657
110
197
474
817
709
288
662
627
323
688
203
807
778
401
86
346
721
321
238
67
784
69
588
731
130
268
779
194
394
584
40
619
517
225
815
151
359
814
272
605
137
744
237
730
660
277
231
544
288
495
304
264
93
821
20
382
493
561
577
168
545
368
160
273
763
207
444
369
195
460
715
610
723
744
699
733
638
541
77
555
422
44
710
772
25
622
787
292
41
710
446
193
354
707
636
550
303
531
95
727
197
581
108
300
597
691
586
31
446
807
247
781
315
646
524
45
160
641
280
29
138
609
624
283
147
593
634
418
200
400
706
747
382
785
609
126
314
120
124
636
146
575
104
478
79
417
744
497
473
657
829
401
664
596
420
332
475
492
780
84
104
826
392
490
407
385
296
497
811
655
265
59
66
710
444
354
787
394
681
414
228
528
809
653
696
159
724
634
451
410
779
397
549
462
308
346
339
56
358
743
464
531
526
391
368
242
207
334
247
672
675
161
198
39
822
108
414
637
235
109
292
312
211
54
760
349
328
412
683
576
695
126
732
774
65
443
459
642
11
653
210
526
71
402
229
813
151
44
293
634
270
116
584
340
637
128
780
760
334
192
798
710
650
409
180
595
101
94
684
435
807
373
803
632
625
794
764
86
803
148
12
424
6
475
494
422
559
393
193
287
802
253
725
575
463
498
706
201
21
338
145
809
687
495
718
690
674
706
731
373
369
580
401
716
22
718
470
492
830
231
537
295
376
179
442
315
827
361
703
379
154
330
689
584
804
79
152
451
275
435
83
739
170
341
232
562
300
765
280
54
342
639
434
414
786
53
408
349
318
637
543
174
436
68
271
52
759
784
416
150
290
88
729
300
731
289
484
820
44
333
40
426
611
129
370
115
70
710
237
776
678
245
396
337
715
535
33
708
284
506
161
374
532
198
548
811
759
461
713
278
400
575
264
524
427
8
220
234
305
167
647
296
328
504
459
465
263
389
448
577
523
290
474
664
695
792
15
749
574
4
210
485
342
22
538
58
409
514
230
173
246
50
348
8
734
62
489
454
358
591
662
599
593
107
85
22
773
319
401
610
561
778
789
676
330
47
798
716
507
37
654
807
502
718
496
266
794
48
747
304
691
320
662
323
76
672
544
804
94
226
53
318
766
227
117
547
35
618
301
241
488
290
37
380
520
527
180
64
539
183
684
203
162
612
462
483
556
76
667
509
698
373
191
737
346
765
323
178
823
635
57
393
522
661
318
559
298
697
53
382
387
597
391
331
140
164
643
231
101
46
647
375
449
320
716
258
534
240
657
560
540
166
29
108
264
387
695
568
113
196
4
546
747
461
722
458
607
576
488
611
763
151
109
780
118
750
547
151
468
114
669
217
775
297
92
242
257
358
703
332
774
538
359
207
91
719
216
771
704
526
552
166
631
361
290
616
794
612
477
807
594
677
557
97
477
745
530
658
60
467
824
747
532
301
18
749
673
258
670
421
200
300
357
387
204
3
648
574
246
55
774
192
129
496
491
549
492
754
366
824
119
28
112
620
173
428
609
210
22
45
748
424
735
118
33
348
42
507
353
226
619
32
644
592
743
574
33
287
764
83
457
735
760
724
583
260
197
35
494
698
146
566
231
640
113
321
9
296
288
810
764
675
248
580
186
27
539
674
376
642
534
282
800
313
799
695
607
433
718
665
291
207
178
718
39
725
50
718
797
634
748
799
130
455
276
197
708
538
726
265
237
754
235
305
490
177
31
562
122
432
362
790
476
188
525
332
62
430
3
154
551
783
685
251
233
178
454
199
470
682
107
338
177
272
484
728
671
421
825
652
825
270
466
357
772
144
422
713
497
55
182
614
247
393
705
745
744
46
533
695
743
446
255
785
40
6
111
788
138
518
326
535
594
801
524
557
259
571
823
191
338
710
3
22
703
53
373
453
50
773
598
481
613
722
312
342
573
748
657
232
120
548
174
597
118
403
334
251
62
105
525
542
271
165
75
604
630
382
635
792
647
14
718
237
544
705
6
560
148
701
142
576
427
732
760
787
749
777
73
34
327
805
694
193
588
457
749
476
344
590
45
638
694
242
825
830
310
784
819
146
574
157
53
776
151
713
429
385
358
815
809
198
308
30
644
300
32
763
490
232
562
48
359
486
653
820
322
625
702
789
771
717
173
550
90
163
347
807
113
235
747
55
97
471
782
406
500
789
775
128
533
498
62
755
743
4
226
650
817
107
78
777
702
813
495
91
720
434
169
151
632
512
86
336
809
693
399
780
814
605
59
575
211
608
325
53
432
756
435
128
640
303
520
609
351
382
216
235
1
784
360
566
330
263
552
446
698
774
340
830
126
654
116
69
694
594
547
229
393
319
497
259
791
626
38
722
599
75
570
626
1
128
109
75
218
251
495
109
17
188
539
686
531
37
301
284
401
276
636
364
646
756
729
743
608
621
323
664
722
364
686
218
561
795
46
817
266
117
314
631
68
522
647
50
484
397
724
28
415
462
351
277
419
309
523
223
794
665
197
340
129
227
368
575
588
113
245
279
171
133
422
696
193
753
331
105
309
303
56
258
787
829
134
633
450
272
748
722
585
309
557
287
45
684
362
498
732
607
770
709
671
265
315
442
283
661
219
442
292
476
409
652
528
271
715
216
470
636
32
7
343
526
286
433
233
712
22
355
504
21
660
112
8
731
811
404
60
482
350
395
713
732
415
390
254
35
786
708
40
661
665
620
293
724
693
780
542
487
52
3
762
791
323
617
374
354
205
217
401
575
766
175
1
100
614
768
538
592
577
59
499
705
410
23
522
165
54
415
675
813
756
696
161
122
547
367
213
173
290
535
331
344
791
658
684
399
49
441
149
765
360
495
493
57
110
181
104
375
419
425
9
124
393
529
186
655
620
665
780
33
754
743
166
761
98
459
141
461
462
99
672
378
484
187
83
660
568
806
766
430
570
330
547
319
442
433
377
813
358
722
417
227
587
244
405
229
613
527
464
543
823
449
475
163
280
505
481
110
174
105
203
457
39
624
195
825
154
361
34
585
323
57
687
40
505
442
248
165
404
687
302
772
92
327
145
814
468
280
275
84
588
671
692
208
814
38
272
789
601
457
432
350
767
262
701
665
137
408
201
597
485
792
490
757
189
106
746
239
64
481
811
469
145
554
585
516
367
404
573
190
615
235
19
199
144
331
401
161
345
424
42
189
510
436
68
143
795
622
509
127
220
500
534
556
321
670
155
286
369
41
33
126
484
652
758
501
649
166
121
536
818
716
546
693
448
524
61
370
462
655
239
264
34
748
688
106
502
766
716
140
777
802
708
736
750
811
67
386
142
578
15
515
234
376
124
730
152
716
772
147
824
722
38
257
474
617
783
323
711
436
790
70
516
344
725
341
87
355
531
77
586
556
36
88
484
175
232
547
546
756
568
209
277
32
581
123
134
681
300
181
614
345
568
207
111
128
129
112
676
540
275
565
589
86
190
278
121
305
659
673
278
617
769
555
756
709
765
2
93
559
490
588
540
679
830
190
595
142
556
617
344
216
373
473
198
549
598
74
544
677
214
398
294
539
205
278
520
34
83
407
45
487
476
415
829
220
684
591
756
720
580
92
752
563
437
317
781
239
270
770
298
194
212
652
730
659
276
85
275
363
167
189
441
467
64
656
280
218
552
474
202
787
107
557
650
729
744
656
576
677
582
304
122
725
695
539
148
568
579
325
808
742
595
11
464
547
53
654
747
825
68
347
496
437
445
644
638
275
604
341
504
606
70
409
671
541
533
178
644
209
616
597
117
447
540
128
372
307
311
159
703
116
126
457
580
660
569
228
108
95
53
728
504
454
325
170
570
789
314
461
653
749
578
33
91
280
256
403
289
714
136
273
681
148
461
224
461
348
397
640
264
61
386
155
800
47
21
693
82
207
571
527
747
49
580
734
34
411
51
451
164
532
648
746
382
487
196
179
219
725
129
180
374
635
299
514
97
47
575
811
149
601
746
329
6
823
345
647
310
779
202
50
582
217
420
803
331
410
497
395
365
242
702
159
138
369
241
188
88
445
566
161
804
502
333
184
366
109
505
232
322
32
407
683
221
708
305
769
129
528
354
804
752
168
171
159
470
358
129
367
583
259
329
778
283
663
808
643
776
274
628
48
739
526
486
487
398
9
446
776
493
829
706
426
538
24
772
601
611
768
572
86
219
570
648
640
364
339
818
564
619
209
188
612
433
94
180
102
111
802
373
103
149
766
208
532
173
508
724
477
197
820
523
53
424
589
355
746
706
277
715
159
754
198
702
62
631
700
105
550
386
468
658
164
627
695
631
731
234
340
746
254
221
566
505
291
195
544
275
257
488
404
31
391
502
609
171
494
21
308
569
555
354
162
64
295
528
135
154
220
635
105
536
571
382
327
630
805
762
502
665
709
46
504
309
554
204
48
768
782
218
511
741
390
437
333
187
418
307
532
508
526
397
705
15
2
684
236
4
624
415
728
553
434
84
537
268
215
656
187
733
793
361
771
627
312
298
125
701
99
85
526
656
551
115
223
679
90
124
302
820
160
412
342
543
223
413
54
58
657
226
659
767
262
137
553
483
423
431
562
106
618
127
212
603
260
238
581
62
636
22
584
512
353
88
22
35
495
305
354
549
713
284
344
556
743
465
234
598
499
181
608
204
829
601
233
343
452
641
281
242
811
723
780
795
98
533
156
755
335
113
433
421
189
67
302
607
747
544
534
138
121
50
434
66
531
167
405
282
534
86
151
317
182
669
439
163
677
661
662
153
550
92
273
241
436
420
272
393
642
826
506
143
647
140
24
691
45
154
558
721
714
346
793
808
110
385
175
178
209
500
553
646
693
570
151
397
565
718
815
638
441
697
357
561
17
39
354
220
320
665
204
280
373
58
176
272
736
593
712
332
157
136
198
55
2
507
776
740
97
761
409
140
400
69
337
516
96
514
237
560
80
278
473
761
162
184
179
474
785
252
702
806
734
495
18
544
310
153
293
561
41
402
702
562
547
550
332
500
344
56
479
500
628
630
403
777
108
547
421
810
640
135
176
268
65
683
812
281
577
125
789
463
290
526
256
60
385
79
213
778
522
79
794
650
467
640
245
675
788
285
229
123
62
699
799
567
207
78
725
60
626
442
428
571
662
654
782
618
303
806
533
113
66
241
787
776
59
150
170
98
305
173
192
120
380
579
306
64
100
297
764
658
475
357
109
177
244
285
68
168
154
316
656
86
777
105
126
33
605
579
100
287
782
423
249
692
492
53
657
372
828
734
594
135
342
348
399
450
326
45
239
557
91
670
581
391
333
463
258
617
497
324
778
279
93
613
228
815
506
750
697
63
451
454
191
581
396
160
44
106
38
728
790
509
349
212
814
772
44
465
609
691
82
253
801
579
293
828
55
195
728
574
164
792
356
749
765
502
809
784
614
495
768
805
805
80
215
110
57
809
260
503
130
803
50
282
362
623
813
757
618
397
85
337
123
711
722
691
678
577
820
36
577
401
774
80
724
614
291
244
95
284
739
802
219
802
146
541
259
343
34
332
454
28
463
133
361
752
501
375
33
435
151
614
302
41
780
571
317
55
157
516
777
126
221
192
131
678
205
697
261
620
469
417
789
712
654
777
106
72
44
788
400
392
787
502
793
368
766
359
242
96
269
116
131
251
69
397
434
771
703
250
221
312
349
164
104
387
403
55
503
399
687
244
627
49
513
321
823
131
534
288
599
202
648
534
191
100
392
159
738
812
730
786
58
566
195
513
732
648
430
327
638
296
32
779
53
766
649
736
402
451
745
349
403
792
56
323
710
646
621
230
527
57
738
6
296
250
203
732
369
527
666
585
634
63
553
573
301
25
284
819
575
644
247
469
260
509
411
246
739
705
578
320
93
567
656
399
446
502
558
619
733
424
608
499
610
157
89
798
44
476
559
696
360
615
109
469
531
228
773
319
33
415
44
379
532
495
208
492
372
165
820
151
627
614
463
827
568
340
617
157
181
556
516
734
654
775
336
76
564
309
811
295
500
565
638
325
477
121
19
600
714
555
775
23
514
286
87
118
233
56
371
706
771
757
40
703
360
67
368
279
263
754
225
802
155
37
453
288
401
165
633
176
733
269
179
45
479
363
156
727
20
696
808
23
131
82
549
261
675
188
662
27
287
719
415
216
758
21
494
140
670
134
249
137
776
420
286
712
207
307
55
254
801
306
383
478
569
322
400
42
812
777
70
555
693
630
214
482
190
594
418
280
391
434
158
54
368
316
591
826
166
249
125
244
350
576
348
516
70
349
649
607
201
785
290
416
413
629
805
478
791
690
496
625
649
85
211
750
536
420
501
246
381
678
468
118
829
329
298
277
749
86
483
464
546
692
252
528
342
646
224
787
653
197
671
604
157
741
72
625
72
277
575
216
63
37
36
455
586
404
773
576
794
376
135
624
220
704
490
214
668
247
43
763
739
70
447
199
316
238
37
463
459
33
125
153
691
715
370
794
81
1
804
159
445
725
50
614
257
222
477
610
189
626
50
11
656
464
516
763
754
598
93
678
93
526
645
364
307
249
174
665
279
312
91
808
619
791
700
430
627
164
355
262
463
574
326
579
569
451
366
793
453
278
700
406
417
100
43
822
363
267
277
474
499
671
677
413
2
634
361
260
291
75
62
460
638
321
747
369
652
46
626
749
808
778
394
515
749
232
177
316
40
186
600
629
535
440
203
420
375
446
255
419
397
103
737
15
488
186
614
813
726
397
699
667
462
420
21
671
400
237
637
160
539
292
24
31
534
295
152
182
573
778
710
786
520
459
668
203
556
517
499
712
447
216
646
99
787
679
151
288
231
649
588
282
811
704
431
23
327
162
566
181
417
263
7
726
43
694
113
32
493
174
788
337
328
288
430
112
551
186
191
61
785
591
149
314
452
81
18
177
324
566
431
257
113
626
355
78
593
727
792
170
165
130
736
418
35
311
709
443
739
472
120
220
81
444
646
4
712
179
388
802
415
422
727
276
27
793
471
363
427
793
820
246
135
367
687
282
160
826
529
763
486
244
21
282
250
308
405
202
489
149
491
61
37
315
463
121
395
110
161
283
20
235
316
353
40
695
403
28
604
610
197
45
226
44
287
354
403
245
463
803
568
802
44
34
64
290
232
59
99
678
496
246
131
472
357
648
172
496
782
212
502
260
561
347
500
310
124
3
187
284
805
588
121
227
587
700
726
14
237
610
430
541
467
171
312
245
418
376
88
290
583
512
504
602
657
391
110
696
675
786
255
813
358
441
201
152
381
181
762
571
344
816
258
520
180
656
66
120
381
580
208
174
226
466
342
230
72
507
86
804
190
343
591
646
364
447
661
450
825
148
292
515
214
384
827
599
789
732
36
777
161
718
24
544
712
665
235
41
443
675
693
234
259
540
89
655
55
152
203
110
760
466
588
312
29
504
694
646
772
243
301
612
309
759
210
534
257
246
470
629
378
342
283
801
138
489
163
709
287
411
598
690
192
627
56
36
673
659
365
14
93
125
418
407
327
630
325
491
524
296
42
816
279
463
89
474
78
423
690
691
820
380
749
771
403
281
226
369
660
661
542
100
435
130
610
287
548
661
6
357
392
96
505
808
256
143
176
433
576
169
315
119
361
424
708
117
294
584
131
98
136
485
600
254
754
824
603
675
816
715
827
826
418
800
614
378
386
313
506
37
731
324
604
138
711
345
41
360
364
587
278
91
796
540
543
437
556
732
95
404
449
711
730
658
314
649
829
658
239
242
292
638
652
764
660
299
12
429
104
216
537
227
407
770
206
756
93
332
222
527
551
326
18
244
311
269
254
342
360
802
806
407
815
609
620
514
163
454
133
370
106
210
506
57
264
132
239
356
527
233
251
293
33
766
153
295
786
22
257
444
319
125
750
88
469
471
799
396
618
657
356
293
300
214
533
408
495
493
215
759
287
274
58
600
688
224
241
118
507
580
263
337
825
411
224
404
747
496
536
604
158
789
725
295
408
548
187
714
586
526
412
146
681
280
516
173
371
475
286
172
35
147
13
431
514
486
829
798
412
281
564
346
330
658
217
118
701
434
762
737
675
144
125
318
383
245
291
629
43
274
806
634
535
271
555
461
159
549
448
681
796
84
76
452
20
593
737
9
803
105
677
270
328
720
801
563
71
119
780
800
734
300
685
364
242
424
724
306
261
235
70
763
217
470
704
263
171
163
6
124
268
117
203
624
329
582
500
440
187
701
633
568
72
560
238
45
568
66
560
187
398
353
215
583
96
737
528
584
757
191
24
436
18
536
206
380
764
738
195
136
70
491
618
483
573
452
356
410
124
483
659
81
517
693
386
19
67
368
59
139
482
743
655
367
309
166
480
226
776
480
40
26
769
157
89
448
672
657
540
56
706
750
6
628
87
822
578
658
293
766
228
466
78
229
808
803
365
634
175
374
504
738
273
229
581
74
306
632
648
177
739
292
465
534
354
500
227
502
547
743
372
100
559
616
490
377
420
577
438
543
550
575
105
723
71
467
682
292
94
799
449
746
254
682
727
19
714
711
169
736
138
493
194
467
245
95
450
534
156
35
545
119
127
77
397
673
165
146
641
46
390
385
154
755
537
518
794
373
242
302
6
810
400
579
587
775
159
776
233
460
467
589
229
268
360
746
734
317
262
442
805
678
265
527
471
410
636
749
787
474
770
583
117
496
394
788
145
712
92
499
277
214
617
557
426
314
75
150
254
386
330
680
576
466
660
82
297
437
57
606
824
191
250
677
356
545
501
445
754
325
554
818
426
793
234
59
118
700
242
295
829
477
50
493
314
651
401
418
591
209
396
520
232
453
250
550
462
122
441
390
501
395
506
16
240
165
451
121
116
266
289
166
246
636
632
281
165
422
762
408
216
317
689
727
591
49
83
637
12
592
298
308
762
129
198
307
583
276
546
646
720
319
3
298
242
97
372
406
486
271
59
500
794
775
222
241
397
5
100
326
313
326
773
807
257
298
624
204
9
487
264
191
463
231
523
736
707
59
677
316
739
206
552
350
113
134
457
288
244
387
107
642
202
825
527
712
660
786
774
86
546
714
145
589
523
12
308
823
710
695
158
487
713
714
568
248
51
155
29
346
290
510
268
541
489
575
543
664
761
367
46
263
301
603
767
225
788
171
453
518
682
574
559
488
305
673
50
196
560
556
597
302
614
434
748
412
552
306
330
587
573
462
150
273
580
818
704
328
553
823
348
277
458
25
11
16
570
561
313
349
43
777
106
254
143
59
47
505
141
682
76
300
597
105
694
684
597
467
481
517
479
562
664
225
476
303
658
274
591
343
255
802
325
736
31
722
384
120
20
49
282
592
315
716
146
93
507
135
523
98
655
421
462
718
717
346
816
205
41
704
278
391
564
160
211
824
190
621
276
716
450
425
450
266
129
508
576
396
36
672
361
753
60
419
483
454
521
296
156
613
507
808
313
34
115
562
69
321
447
570
203
678
313
64
598
4
642
590
535
339
711
707
250
52
63
319
153
263
765
288
788
579
571
530
489
120
156
652
302
92
552
242
528
796
584
12
387
623
792
649
632
659
266
87
705
449
639
603
367
300
228
354
432
363
402
652
112
741
101
114
88
138
2
140
187
458
242
375
748
306
796
393
187
807
73
66
302
532
320
40
186
557
100
350
404
744
427
693
108
568
350
379
373
72
339
76
777
47
67
340
374
416
181
517
470
246
332
212
779
390
60
278
206
21
396
344
699
28
107
744
389
178
285
695
181
458
271
136
2
318
266
95
379
588
378
440
42
434
568
699
207
130
451
792
548
191
537
424
21
661
456
730
363
242
293
363
722
84
675
409
221
114
790
650
164
2
512
513
652
134
417
827
197
375
721
520
250
810
28
479
768
685
210
231
343
309
229
536
123
465
457
373
424
334
383
564
646
744
742
270
738
589
518
4
73
819
160
709
269
710
202
722
191
511
474
314
517
260
117
168
830
233
551
54
721
304
568
508
8
575
267
342
431
577
473
453
389
44
584
490
631
87
645
556
637
544
229
37
602
733
521
274
250
279
484
280
97
95
5
55
92
9
283
726
187
127
681
761
164
810
216
439
816
553
213
597
683
420
817
213
211
82
764
13
223
721
154
60
10
1
573
687
172
367
50
413
207
636
155
65
174
433
33
260
97
505
112
405
356
128
33
493
536
702
126
732
694
624
534
532
677
783
99
545
412
184
779
168
92
39
143
132
350
113
43
703
276
634
39
23
426
127
631
739
711
727
382
55
609
210
377
146
300
264
588
476
523
636
316
825
368
507
452
331
829
652
788
538
461
769
806
800
339
348
592
617
286
359
478
539
441
674
104
74
278
590
655
244
611
105
652
644
2
16
648
537
711
746
820
145
448
598
553
357
260
67
817
461
827
633
685
728
529
570
669
345
583
719
211
643
819
438
422
726
659
354
127
806
21
433
641
316
326
716
438
296
67
545
767
270
189
487
767
439
811
543
188
313
291
513
442
136
827
722
240
400
723
274
807
687
164
710
532
731
488
652
668
459
572
662
164
747
783
349
367
453
522
408
79
713
583
34
630
539
665
808
782
713
375
559
382
717
345
674
682
743
356
317
385
44
67
647
64
376
323
261
127
468
339
779
199
375
128
370
791
312
389
759
404
171
153
799
788
382
489
209
755
575
320
47
116
825
819
760
263
111
359
324
584
305
686
7
185
522
250
437
216
384
811
275
73
489
270
828
212
626
173
36
195
127
130
797
442
537
464
429
181
378
497
311
138
825
771
418
597
545
20
634
113
544
824
341
592
508
529
493
88
357
560
419
406
497
49
48
550
210
350
638
810
305
448
262
135
140
57
570
176
127
506
218
143
537
270
444
541
564
10
265
464
449
302
779
606
150
622
139
24
145
830
419
404
690
127
207
519
717
424
48
128
346
466
451
770
585
663
75
85
173
47
132
663
298
133
686
420
469
79
555
623
609
309
182
251
561
64
704
599
612
789
660
819
53
572
72
435
293
533
657
689
685
141
82
278
788
774
540
476
517
500
476
159
103
523
520
149
252
42
493
649
798
773
178
562
232
439
507
449
111
716
755
265
125
32
46
391
114
18
226
129
640
540
599
185
151
288
394
538
357
84
349
584
261
190
573
266
79
44
294
299
125
215
631
730
43
716
400
361
237
809
287
298
476
47
486
816
611
200
498
821
227
454
86
581
103
58
331
442
319
659
227
138
629
620
44
551
110
751
744
478
308
620
594
200
123
90
547
551
300
459
796
722
696
334
729
19
822
216
500
698
824
294
639
280
281
250
402
249
275
460
399
774
601
40
395
216
310
761
23
49
743
593
524
812
543
94
553
698
730
631
764
190
598
708
731
150
262
691
716
171
667
762
127
563
113
611
727
243
478
799
553
174
130
365
546
257
679
177
198
312
116
50
387
100
417
423
124
412
573
779
142
171
64
96
14
375
34
705
565
173
580
339
779
279
51
123
13
125
312
196
86
525
790
139
57
294
317
340
535
401
300
410
562
670
629
108
545
18
703
360
314
400
664
81
535
557
687
145
353
237
92
540
243
408
259
147
390
667
517
151
370
139
1
361
157
340
494
83
341
492
725
6
624
599
10
91
135
154
258
734
652
187
641
40
51
673
376
320
198
166
678
682
479
289
620
733
553
610
801
594
543
775
747
771
806
613
818
469
292
530
709
280
421
419
439
634
195
820
634
463
302
518
33
291
827
7
542
692
407
222
128
356
12
78
227
745
448
428
239
474
106
343
681
462
334
313
418
125
437
712
456
224
486
373
12
376
702
616
610
273
741
165
100
422
236
561
390
436
601
35
551
722
753
483
267
254
58
804
825
18
244
554
337
13
216
45
624
586
431
324
540
191
39
304
75
342
526
250
682
175
490
362
140
454
309
605
268
275
750
200
257
18
699
549
658
602
35
226
341
483
357
323
127
618
632
743
539
522
161
549
305
138
728
290
230
87
516
134
730
708
632
227
242
583
214
502
16
563
215
68
622
95
153
241
528
694
700
261
163
17
730
392
258
40
10
425
403
685
325
150
700
595
38
259
372
807
695
236
455
552
828
179
211
350
587
570
127
521
118
581
673
618
823
5
39
87
111
280
818
108
664
273
400
388
568
144
556
55
574
172
791
38
210
643
127
457
796
789
160
703
712
662
604
489
613
34
492
791
542
351
462
321
539
325
330
775
655
208
783
350
668
178
603
92
356
167
97
139
600
51
408
7
171
725
222
580
203
433
697
527
522
290
675
255
350
303
652
153
293
238
182
543
39
805
235
315
262
651
252
332
639
369
765
671
585
351
485
789
456
166
200
647
513
351
317
566
374
409
342
382
350
368
353
436
682
578
314
771
139
281
46
530
262
646
809
468
65
21
192
547
412
76
613
204
338
68
172
640
451
105
183
786
539
16
214
646
514
465
496
774
200
155
621
404
569
85
187
312
808
100
70
330
449
589
663
288
311
462
133
346
659
684
648
447
633
782
90
581
245
642
830
339
108
778
679
608
262
627
541
48
20
602
637
764
596
87
556
395
172
541
789
773
173
122
314
188
326
361
124
436
256
352
454
728
407
357
201
432
503
815
10
499
114
647
154
748
340
601
623
319
783
16
664
200
210
355
228
681
417
290
101
530
34
536
826
329
101
721
12
686
558
47
248
233
211
760
474
127
89
117
53
85
637
768
586
397
677
372
12
616
497
347
330
527
751
113
95
13
767
276
751
430
26
475
595
773
305
677
273
824
593
354
810
626
363
303
445
458
661
464
185
675
743
561
598
618
114
650
422
431
544
66
675
418
49
464
605
448
728
778
493
65
541
742
690
176
789
285
475
792
594
610
341
101
81
367
316
486
572
638
256
332
493
796
255
495
750
724
185
631
89
474
814
724
648
754
560
75
739
510
118
15
216
626
684
199
474
762
177
45
677
208
241
106
378
481
800
123
360
335
756
330
194
483
53
505
231
286
78
157
572
149
412
110
787
312
173
488
818
676
134
612
577
550
625
822
267
729
723
535
763
480
109
496
571
318
448
298
157
802
110
50
308
219
282
410
155
204
215
501
194
763
816
490
162
238
587
304
720
220
183
24
115
782
754
376
225
406
416
765
207
505
693
711
750
363
614
153
397
436
399
391
21
414
130
413
192
780
69
804
260
391
185
599
536
74
473
40
800
257
142
189
547
296
586
426
678
85
468
452
557
572
273
559
479
187
819
508
405
26
8
787
309
764
653
42
784
830
424
154
130
828
657
173
594
532
454
758
546
385
60
339
646
711
334
549
340
714
454
796
476
97
452
109
289
56
56
162
773
211
780
193
369
634
781
775
725
778
222
391
764
348
92
234
209
245
579
621
491
484
75
445
744
23
519
816
568
77
77
532
614
822
365
478
45
355
356
47
657
805
452
77
116
329
366
457
388
592
619
397
29
407
554
731
183
742
29
144
146
264
43
208
723
382
479
322
117
290
35
405
750
165
297
380
684
216
231
487
516
651
725
68
103
163
763
434
368
359
389
381
113
267
715
373
528
340
484
757
94
682
194
690
446
499
249
636
92
542
175
534
562
454
90
671
681
314
590
371
536
89
815
256
180
146
49
35
206
463
458
274
361
75
606
724
540
599
468
817
480
748
678
687
476
545
258
388
163
45
295
418
595
652
362
81
272
272
471
339
55
659
119
289
462
235
649
420
479
203
536
30
387
431
245
538
67
163
591
476
41
632
439
782
309
568
802
63
600
471
468
782
743
537
776
168
66
556
376
330
759
609
93
482
435
604
372
721
826
478
614
710
176
371
208
406
130
195
673
713
415
311
151
37
296
376
581
281
715
330
819
45
11
285
354
171
696
556
632
562
249
305
731
495
722
292
18
478
228
520
478
675
165
325
249
608
518
683
350
368
407
66
55
344
370
128
128
626
511
540
514
585
607
671
433
28
31
772
81
513
142
288
461
712
353
733
347
246
39
555
18
210
83
449
697
174
342
690
546
830
18
193
568
24
209
806
788
73
762
776
311
199
27
36
440
331
98
469
393
578
810
134
580
612
299
207
553
179
721
429
424
143
205
669
430
756
423
593
107
71
671
76
41
677
193
178
115
133
429
621
58
529
513
601
131
629
39
507
156
171
819
312
714
228
156
684
755
325
413
452
742
568
137
144
456
668
270
301
428
818
737
542
547
380
220
16
362
431
104
348
203
723
280
98
134
397
649
404
665
86
466
774
622
562
797
461
469
155
817
780
94
772
434
47
84
133
700
47
42
22
312
536
114
247
81
331
660
562
827
794
135
96
513
597
306
348
115
391
70
583
52
618
713
619
206
782
432
802
653
89
199
549
776
26
105
722
315
732
116
710
497
570
690
768
742
420
435
735
648
237
761
767
577
265
562
460
325
384
751
107
736
594
191
47
489
381
165
383
221
50
104
227
713
258
329
719
124
642
655
289
378
681
341
445
770
346
105
713
710
784
181
87
389
166
13
793
212
374
229
576
34
635
469
417
788
414
464
513
526
153
526
147
148
258
311
272
755
385
119
75
223
619
776
605
650
390
38
657
561
791
437
251
602
211
802
444
445
783
340
779
714
266
279
661
584
701
48
649
315
152
699
288
823
805
121
408
702
762
433
596
293
715
627
80
309
56
87
42
580
145
384
567
380
152
535
75
169
605
603
104
207
723
593
708
627
61
311
585
25
677
223
266
727
530
144
686
354
213
175
621
102
277
433
185
420
701
599
224
514
582
361
513
252
232
54
686
510
66
184
772
819
143
751
563
301
476
219
193
240
270
576
614
573
518
481
818
21
259
297
7
302
576
480
164
125
757
218
417
186
576
474
338
167
627
661
780
702
796
716
596
363
688
568
171
603
249
428
648
37
282
27
548
820
590
731
593
222
473
682
190
712
364
111
757
471
652
519
495
53
149
312
177
639
613
817
151
421
607
71
423
516
217
801
143
258
298
811
192
557
97
495
20
445
127
130
258
363
356
252
819
497
289
642
3
482
179
481
228
648
186
570
35
168
67
333
230
91
508
614
787
753
654
109
786
631
37
579
144
415
317
626
499
487
127
418
625
235
410
74
631
616
575
777
362
116
635
237
589
814
634
80
330
704
103
282
541
543
416
620
57
548
193
624
129
121
245
173
419
77
138
576
457
784
585
494
568
98
327
383
14
679
27
226
729
575
206
781
688
384
206
246
93
317
284
750
88
389
302
653
559
34
684
427
138
453
552
435
48
389
300
607
663
36
346
745
525
97
629
762
781
631
382
48
739
184
593
701
828
208
66
234
340
735
484
710
455
70
341
211
241
347
649
669
3
537
414
66
390
97
670
701
228
802
8
236
770
194
76
471
276
476
568
150
620
260
493
262
450
632
102
441
500
455
234
678
508
195
817
583
526
375
150
484
718
556
650
64
17
439
636
588
313
595
359
151
585
446
239
660
458
608
674
106
408
426
37
588
453
116
622
809
75
680
482
267
687
743
710
652
124
515
829
426
681
127
4
482
1
751
26
133
166
615
700
782
744
364
470
284
448
740
31
278
595
132
272
26
659
495
453
740
804
795
606
397
373
97
303
560
436
464
141
635
421
742
660
117
187
707
371
619
311
26
504
747
706
141
258
264
637
109
206
645
404
91
399
331
494
385
584
476
120
359
573
805
820
108
789
517
293
182
335
643
637
222
499
584
650
365
490
64
552
311
616
49
601
148
282
653
476
482
110
577
596
186
561
812
814
773
258
620
397
341
434
787
502
700
473
398
660
181
500
191
493
29
308
231
672
313
4
490
133
266
756
634
229
223
30
389
403
584
470
339
580
144
528
821
656
481
77
514
188
651
141
192
527
737
169
131
334
161
464
52
785
527
148
368
414
403
684
126
82
418
410
360
269
177
195
647
784
344
137
161
154
758
98
335
461
294
256
235
818
770
520
542
797
68
123
825
371
434
729
541
410
715
810
169
581
456
330
555
433
229
90
641
573
358
371
341
463
297
324
635
466
323
414
551
427
226
666
293
579
388
380
755
639
156
558
128
594
138
473
772
704
822
521
479
618
42
30
511
292
720
545
371
634
119
569
213
628
801
63
303
368
668
345
444
519
342
128
570
56
362
528
768
165
163
100
110
787
128
313
778
43
507
366
600
741
703
724
423
94
131
658
218
289
382
808
823
528
29
130
263
93
540
436
123
480
419
298
805
752
223
759
788
800
373
547
753
547
463
786
542
240
331
351
449
307
425
551
588
626
499
689
93
72
179
27
410
493
609
371
599
580
507
136
470
438
643
113
637
154
167
92
295
155
646
506
161
636
589
362
667
243
56
806
632
153
774
544
344
374
777
509
253
617
241
453
623
313
99
436
206
264
278
185
59
411
713
277
718
748
164
9
224
154
611
509
159
685
780
259
692
105
658
110
419
83
577
86
332
207
652
305
569
362
135
474
251
411
574
787
286
298
470
688
162
459
370
373
631
179
62
715
378
43
586
453
405
358
627
22
764
43
504
37
379
760
729
90
634
425
173
759
531
86
763
198
748
16
161
498
587
194
523
685
127
741
739
106
372
713
74
784
3
378
662
297
225
9
717
64
258
489
357
828
758
586
815
762
584
86
800
233
181
333
296
695
257
421
518
95
791
72
30
666
565
273
41
816
602
86
274
827
712
681
584
260
635
45
690
829
314
548
487
269
5
304
539
292
36
173
52
692
729
155
179
21
377
718
537
615
418
350
5
815
133
1
499
64
300
274
738
345
483
583
127
127
477
570
210
601
660
252
33
176
567
71
551
340
59
669
154
435
9
636
467
545
179
615
520
633
685
700
259
439
722
717
567
300
331
243
680
793
579
712
654
816
420
526
627
567
124
230
446
32
258
198
725
242
725
790
754
640
52
548
787
542
532
613
147
147
525
84
290
235
346
673
724
308
239
188
309
228
162
771
728
204
439
242
188
587
509
130
169
193
468
286
476
577
813
167
808
243
108
165
201
285
713
288
330
646
242
94
771
410
828
233
409
457
282
764
375
690
66
774
69
660
630
201
353
820
523
498
569
207
42
592
588
242
422
103
777
243
105
706
484
98
791
680
405
811
297
798
795
534
545
297
451
623
415
363
302
113
537
797
98
202
724
461
382
354
116
124
418
281
596
55
20
51
656
419
689
144
755
131
672
645
333
454
768
356
301
443
374
332
393
259
42
59
206
666
237
52
691
460
778
29
332
780
262
762
134
225
46
791
68
830
184
418
733
275
553
412
312
485
346
430
663
463
294
366
744
332
29
155
432
67
596
215
263
752
185
369
19
118
312
638
766
90
652
156
452
752
771
524
409
622
204
140
794
424
214
597
203
361
513
394
324
667
233
188
625
282
540
780
117
727
17
119
433
762
80
211
534
40
377
406
394
266
203
725
249
610
288
345
345
810
506
391
780
469
126
402
334
527
211
680
715
192
264
343
530
552
229
677
439
475
759
687
81
267
677
549
387
331
308
322
573
523
401
575
413
175
445
478
524
460
813
777
708
325
111
692
286
651
504
727
293
793
829
136
267
388
362
565
424
580
339
708
474
328
236
591
538
770
395
136
712
498
128
439
109
348
339
636
299
792
364
666
353
284
4
144
134
497
680
621
815
93
408
471
328
684
6
321
129
128
443
62
46
323
412
802
722
785
122
653
721
364
397
511
518
461
746
774
126
795
378
315
586
769
828
618
257
306
147
339
538
136
443
642
466
462
295
600
752
83
71
342
75
493
450
291
208
573
160
229
136
653
219
92
441
110
774
691
677
311
80
56
109
610
432
135
785
127
776
799
186
331
469
175
511
668
813
375
19
105
614
687
145
577
34
724
702
502
750
396
829
99
271
798
771
812
211
219
345
291
495
378
176
69
522
412
197
578
38
655
420
432
131
512
48
815
308
260
98
397
655
641
153
339
546
564
698
764
696
44
613
3
590
216
168
782
649
156
152
74
584
449
499
695
444
651
663
161
770
514
488
357
255
603
295
770
588
538
318
454
527
651
424
282
39
536
54
240
729
734
658
815
443
756
799
715
521
244
755
93
732
749
413
655
511
377
274
206
462
573
226
747
121
636
538
143
715
395
636
705
326
458
93
117
398
235
21
224
662
439
389
307
338
105
808
787
225
458
457
607
162
789
378
527
114
442
505
258
435
692
402
481
320
502
691
552
579
265
502
502
536
336
186
186
609
584
584
638
809
237
241
623
331
746
178
537
369
153
316
625
603
302
618
787
551
135
524
412
89
96
306
466
7
399
179
96
247
154
305
750
225
676
33
144
440
386
107
141
52
655
648
191
469
788
70
423
419
464
13
123
326
573
107
498
189
723
572
652
804
760
93
274
353
625
113
658
358
638
227
433
623
664
341
547
733
68
642
551
594
194
173
342
469
664
277
318
681
566
739
64
344
157
584
398
232
781
156
16
690
314
767
523
328
308
93
358
191
251
647
546
793
399
368
471
358
545
244
521
34
395
491
587
503
28
52
660
725
409
792
721
682
288
269
7
262
660
455
759
258
232
576
299
742
9
517
732
526
355
681
779
315
797
427
322
551
549
401
23
283
25
480
759
519
111
575
435
691
275
541
323
697
142
220
181
821
422
149
53
565
197
712
201
16
207
488
333
772
494
462
408
504
599
752
757
547
255
263
703
150
592
358
445
118
99
652
400
498
578
558
81
710
280
38
630
717
211
222
432
288
732
36
625
363
333
546
509
454
175
10
695
132
182
557
436
152
49
689
565
426
313
223
561
413
377
435
688
652
216
480
311
410
10
528
110
752
799
291
668
167
585
495
468
450
709
560
7
476
556
784
524
619
213
67
787
126
433
320
192
69
554
356
508
374
688
760
150
764
656
454
203
14
616
165
820
220
598
684
378
110
307
256
677
748
716
477
541
257
363
360
705
797
309
433
638
811
678
687
134
265
688
758
233
204
811
642
688
555
405
316
460
140
397
233
228
749
796
552
443
704
725
35
165
355
95
238
188
830
350
294
421
594
599
343
421
331
629
611
595
621
246
228
135
585
31
717
52
595
294
724
634
824
475
76
104
190
159
284
310
775
69
28
456
732
114
540
349
545
575
677
490
438
84
502
49
145
537
369
31
499
339
314
540
621
781
465
146
146
728
601
667
664
570
208
401
612
392
609
514
639
737
666
91
548
277
262
732
708
516
800
543
443
755
727
88
346
449
202
115
70
125
134
330
465
85
154
594
532
553
283
807
571
594
550
537
204
827
550
146
559
755
133
516
210
345
673
795
644
624
358
605
794
283
48
631
443
499
573
548
362
368
346
481
557
718
298
289
91
166
48
106
250
577
548
315
728
559
325
378
789
771
558
189
678
330
811
28
803
644
730
289
756
193
405
245
561
231
605
488
137
746
392
672
311
158
642
742
776
567
431
284
655
585
548
601
340
683
533
422
367
394
685
211
688
628
106
607
754
207
81
248
710
15
120
8
3
49
266
198
625
222
826
242
299
681
813
61
98
294
39
327
479
360
330
302
251
42
136
124
182
19
117
540
517
542
15
48
137
249
521
819
737
696
348
572
124
357
665
207
626
633
19
306
797
556
605
208
654
461
662
4
618
574
515
711
572
451
830
787
141
607
441
541
553
188
680
470
251
134
291
216
210
419
415
622
229
364
155
492
125
430
698
244
739
395
432
273
268
243
400
62
588
644
508
505
562
378
310
522
77
705
298
138
168
163
292
126
371
590
806
73
140
701
4
220
18
164
452
80
418
475
809
420
798
651
377
216
159
612
462
458
321
801
79
390
582
29
153
70
406
135
751
236
515
29
455
265
565
420
426
567
365
794
228
792
722
446
647
385
348
451
543
530
2
108
743
143
316
92
69
823
674
731
27
131
14
520
202
730
727
381
116
455
31
616
700
291
638
830
820
218
795
76
78
799
43
198
547
799
132
443
211
475
225
650
119
228
442
53
602
762
716
809
578
592
295
80
633
631
502
546
107
100
88
324
773
571
96
204
426
111
24
173
456
371
801
759
714
15
20
32
747
210
383
94
402
611
73
641
825
99
157
177
22
85
276
427
201
242
567
813
284
253
466
230
744
424
151
333
26
348
497
638
552
243
647
800
557
664
172
652
442
412
161
750
582
497
826
826
278
504
570
513
739
688
472
710
274
328
19
205
562
730
474
483
826
228
751
396
326
513
471
740
177
155
265
1
206
732
433
476
552
749
704
652
685
790
96
534
752
23
328
748
310
748
33
22
578
797
230
248
565
457
14
177
118
474
629
802
750
23
358
692
405
643
276
828
634
545
322
419
442
533
87
367
330
717
26
172
377
820
43
171
483
283
88
410
142
23
553
526
44
340
599
634
244
746
20
644
658
543
556
544
23
37
239
339
384
342
308
244
365
788
546
144
539
808
150
221
293
322
713
580
568
66
707
765
798
306
126
747
562
230
96
330
511
368
772
515
202
503
313
523
151
436
772
724
465
674
487
716
579
334
814
728
462
692
270
390
765
72
297
418
104
56
147
121
663
194
112
458
245
66
3
322
62
167
392
190
829
335
358
214
488
584
365
524
408
810
562
779
55
283
473
544
44
187
604
383
437
204
241
17
293
185
95
735
820
93
804
504
56
649
827
130
524
702
64
168
11
371
466
346
416
122
196
320
397
255
492
808
702
307
656
827
405
17
107
420
286
662
688
190
441
579
817
776
563
568
188
668
60
511
809
802
703
529
636
168
743
458
414
433
103
777
29
329
792
455
570
765
476
166
348
564
16
88
828
607
523
180
391
97
736
662
457
697
795
241
16
796
431
555
581
434
815
323
209
694
313
216
255
420
176
83
387
805
503
357
361
821
617
522
212
442
743
437
226
611
314
385
778
179
196
667
544
738
3
499
560
741
422
342
7
336
583
459
360
640
373
552
91
528
163
185
586
264
464
590
320
617
496
473
301
466
398
739
698
41
290
301
365
774
488
391
814
724
246
261
180
74
666
668
277
245
33
580
350
584
679
160
724
343
19
758
819
625
252
564
799
237
718
412
709
785
385
407
366
260
173
351
685
737
292
273
522
104
40
87
780
759
438
1
154
652
592
25
786
90
610
562
807
626
121
150
10
283
285
520
69
686
13
152
547
312
244
488
331
376
396
218
109
493
357
774
86
567
719
147
23
601
456
240
702
135
499
601
188
420
695
422
413
576
790
87
296
762
557
162
170
67
511
201
528
679
560
690
388
591
611
771
551
112
158
59
217
217
736
220
491
816
84
758
673
238
434
767
478
337
30
380
240
660
749
214
793
80
347
658
536
580
28
340
188
244
295
769
160
45
772
788
241
288
408
610
34
334
413
653
384
319
317
316
235
396
230
553
741
666
720
354
170
545
793
769
745
446
332
437
329
414
498
498
97
183
708
395
119
50
504
352
389
752
368
710
35
506
435
120
679
710
174
424
61
433
773
660
431
421
742
663
68
748
475
499
300
284
12
613
327
427
79
535
185
592
782
704
388
723
580
410
621
150
339
249
821
693
309
37
494
507
735
818
79
423
498
513
86
316
720
646
749
11
759
149
473
667
156
577
462
142
772
455
174
157
29
798
419
233
95
49
35
142
420
254
210
506
170
654
744
433
454
326
128
643
787
549
683
244
389
240
22
626
645
675
596
248
470
159
588
160
620
318
560
543
93
453
206
128
349
628
678
7
474
298
111
373
802
593
457
443
353
382
29
277
577
772
156
808
160
698
463
266
573
615
241
440
593
109
117
785
407
626
722
759
240
287
750
268
537
365
315
41
107
375
538
109
464
443
457
33
449
43
58
461
31
173
479
21
255
652
344
828
732
763
299
637
463
687
60
27
424
425
253
129
667
510
440
438
495
98
505
507
821
374
715
185
526
233
50
167
558
317
520
70
824
676
174
804
740
163
152
57
764
707
192
557
605
421
53
611
649
112
566
616
278
617
599
580
644
605
246
318
146
315
11
209
349
510
166
311
466
710
534
395
702
2
212
208
771
533
372
728
632
327
692
549
697
104
591
585
656
117
734
776
582
634
566
212
717
505
459
485
333
755
749
117
776
61
817
220
459
374
513
505
657
237
769
570
510
180
535
115
780
299
445
372
568
585
686
40
785
254
511
354
583
413
241
432
679
203
279
450
417
574
550
808
418
206
86
555
580
262
765
581
560
609
437
589
775
446
549
637
135
639
4
708
425
271
97
535
411
471
341
50
109
702
260
161
446
735
108
561
154
167
690
634
114
26
94
802
593
574
828
454
583
460
327
402
715
151
616
133
103
318
800
792
317
145
615
332
520
50
680
769
422
478
369
695
191
145
739
18
164
63
795
156
533
657
59
823
750
142
631
746
208
226
253
417
49
577
656
396
141
828
272
283
114
106
400
252
266
134
40
402
562
176
248
336
52
212
445
368
298
43
337
304
572
532
489
644
26
712
258
412
347
439
298
212
807
625
754
667
613
152
461
166
115
536
661
487
592
771
605
668
576
436
198
690
140
774
504
326
690
6
607
743
310
395
499
702
149
497
375
755
592
656
580
57
69
551
461
105
78
18
190
424
828
147
180
819
254
46
627
587
289
463
47
591
686
715
535
349
796
697
26
67
394
662
355
551
567
321
575
787
226
764
499
42
795
72
369
440
486
770
408
719
92
256
573
761
497
427
269
525
774
371
362
558
130
88
48
573
575
167
475
415
794
403
107
63
232
733
406
643
694
378
795
621
510
372
779
768
472
756
21
558
819
45
578
661
286
630
567
429
457
685
51
171
760
630
253
10
53
362
308
485
102
324
647
793
397
609
589
67
139
646
18
763
591
480
646
773
571
348
613
136
820
450
623
557
41
484
662
814
536
58
24
786
182
73
190
711
385
647
639
292
823
369
780
128
551
666
520
620
5
702
338
809
690
645
801
133
650
647
481
711
438
713
526
169
713
456
696
343
402
265
420
715
565
18
157
200
240
785
116
274
182
422
81
796
198
235
219
177
792
589
421
338
708
237
298
278
287
612
693
591
405
482
357
799
153
231
278
306
762
789
381
136
809
256
217
605
311
284
241
195
804
172
496
65
160
782
540
770
674
453
309
344
29
571
230
669
350
830
282
589
150
187
172
169
267
74
713
290
230
373
350
655
713
156
22
632
500
603
169
454
271
683
468
625
354
641
569
248
379
516
768
71
471
405
583
560
201
498
469
62
189
575
579
138
520
610
237
519
137
529
649
819
215
761
223
61
400
5
309
300
653
500
514
527
135
357
391
659
196
306
535
400
419
610
749
446
145
623
451
35
703
457
732
8
334
207
624
622
132
327
566
354
119
747
507
375
553
550
247
380
223
382
7
479
695
212
373
827
140
362
93
275
639
342
817
323
173
235
570
806
275
484
808
348
732
830
60
507
553
479
614
354
56
51
812
365
470
746
403
334
818
71
304
180
210
821
649
226
200
572
263
2
385
552
769
643
41
83
817
763
382
347
418
8
163
783
763
437
578
323
483
104
215
108
807
117
672
164
169
211
664
493
313
109
76
304
776
315
331
347
683
141
12
769
308
72
121
303
602
213
131
206
550
688
806
413
633
415
825
166
434
579
100
668
285
74
441
234
68
122
355
180
664
475
168
374
320
516
827
406
607
189
640
744
796
234
349
425
33
514
382
349
76
15
476
539
90
228
20
5
377
202
423
718
210
281
115
246
136
352
489
209
567
197
339
234
88
299
342
58
259
267
708
623
362
286
138
782
1
318
345
789
155
14
712
731
520
467
762
607
515
715
74
5
208
779
481
647
270
340
497
57
304
223
763
697
718
763
594
771
142
6
452
83
32
826
76
369
565
112
802
119
208
436
823
461
124
335
388
439
144
704
657
717
514
370
259
538
231
517
279
211
134
118
622
411
299
386
127
638
94
592
638
253
774
768
666
159
222
325
123
195
370
7
558
106
531
218
64
305
556
130
65
472
127
605
814
759
343
670
129
2
453
555
48
521
480
172
275
9
524
294
569
456
102
195
450
781
595
23
731
790
26
814
264
712
783
726
398
829
41
201
163
669
193
642
657
225
511
506
648
317
590
359
346
44
666
624
383
216
14
286
642
192
40
460
774
82
826
325
275
753
100
273
516
277
306
250
193
707
101
584
627
244
260
714
539
525
479
130
195
164
629
67
277
696
20
625
761
352
472
153
183
695
774
131
699
765
148
255
731
337
592
283
160
799
779
282
191
689
811
506
491
140
10
612
580
189
151
791
215
395
389
393
611
768
542
40
697
637
740
786
454
820
533
159
307
473
362
11
64
527
40
527
308
819
222
167
784
378
283
215
222
603
82
823
650
167
617
559
180
136
779
211
98
34
664
459
657
180
657
27
631
99
427
411
290
130
166
195
700
462
480
393
545
414
759
300
411
262
639
179
634
188
338
656
237
155
288
9
47
113
133
740
175
734
706
539
325
362
608
549
752
322
260
825
199
50
811
675
361
446
244
417
816
142
414
492
552
85
592
279
697
224
355
133
563
579
483
44
678
343
51
491
635
649
794
732
30
50
551
654
33
554
224
72
110
265
295
429
549
495
258
97
352
257
439
41
25
583
730
147
119
355
425
502
796
756
38
250
161
632
388
260
631
222
736
825
391
87
328
121
584
527
346
458
750
498
284
248
627
57
125
363
379
25
580
323
64
514
214
646
450
207
440
383
126
816
123
538
748
66
423
656
419
825
324
600
754
427
127
224
805
430
150
726
80
403
607
830
720
671
498
544
81
212
521
92
259
288
243
529
701
740
747
517
651
132
309
390
470
542
460
342
103
243
686
156
397
446
422
175
367
603
142
335
94
762
669
472
251
674
453
436
743
20
783
212
306
206
131
297
674
403
84
338
769
442
421
203
665
473
130
462
305
756
305
124
515
142
736
30
623
338
666
529
231
56
53
688
415
20
779
806
314
71
146
213
185
88
67
183
642
645
511
394
93
47
597
413
368
413
49
148
162
612
502
193
659
93
509
392
335
580
75
581
421
721
14
491
726
434
360
661
276
624
564
784
648
283
681
204
46
479
632
686
785
75
159
545
243
148
2
251
340
506
283
581
150
436
48
492
743
98
750
196
507
99
651
719
51
398
260
726
644
780
754
230
251
209
15
580
91
278
365
193
438
24
48
710
467
298
192
673
422
196
398
217
220
112
359
638
736
697
443
829
505
450
494
631
219
101
711
779
78
301
243
825
267
243
736
36
94
622
457
30
772
6
820
129
714
293
770
197
338
505
145
325
200
654
78
607
214
755
128
601
597
95
323
168
132
438
324
141
101
743
730
300
381
59
725
682
740
69
440
798
564
312
420
289
25
246
348
642
586
166
14
243
145
146
672
758
329
696
51
57
243
93
346
740
777
726
248
729
657
379
239
743
691
131
164
511
598
52
809
799
306
587
35
740
652
48
342
181
792
115
504
797
136
68
530
548
469
251
364
533
464
449
77
804
720
271
684
826
624
288
697
553
714
621
707
826
20
323
321
131
504
534
327
215
190
484
410
433
309
460
259
794
132
141
810
700
112
78
219
746
102
454
92
146
737
625
762
430
542
386
453
167
170
519
52
31
352
661
341
405
728
533
331
377
85
348
776
146
467
533
137
141
264
597
217
104
67
449
13
414
10
200
689
101
235
232
191
97
653
753
1
209
22
540
402
483
411
61
132
396
494
514
343
275
598
504
292
49
498
45
473
783
699
814
520
498
478
767
793
303
68
697
148
639
806
387
271
523
369
6
163
466
449
488
762
786
640
610
373
600
244
250
236
429
14
715
787
825
796
706
240
788
701
220
255
297
431
387
392
437
526
665
28
579
122
739
645
491
772
574
452
633
349
415
586
89
342
264
176
387
373
108
519
109
460
778
609
723
751
188
281
60
84
234
427
444
357
338
409
178
749
64
736
78
253
813
381
166
713
424
795
206
803
27
282
621
436
790
699
396
712
669
11
12
511
380
45
697
129
740
489
661
267
481
666
510
768
429
556
327
714
729
616
701
16
222
615
276
376
34
11
309
785
13
487
278
481
463
706
681
551
73
466
810
628
800
726
57
128
824
495
338
634
709
366
365
551
558
306
58
466
568
723
73
221
243
227
238
434
413
186
376
2
264
205
480
313
279
249
457
610
671
765
157
232
581
589
799
161
260
610
637
3
549
747
130
440
231
460
181
197
222
67
787
351
540
308
353
143
153
376
796
322
104
78
700
434
197
619
598
624
619
675
700
602
24
726
565
760
8
599
202
245
532
16
407
733
335
688
371
239
582
545
787
777
458
28
464
482
360
410
278
59
441
17
541
177
53
291
499
740
219
190
155
812
220
508
313
745
277
42
620
657
135
547
522
603
379
655
27
357
480
724
535
501
33
170
381
282
489
551
409
233
662
576
752
779
488
399
390
753
364
624
102
780
179
363
375
253
17
204
28
130
777
510
566
121
112
25
331
411
161
795
634
702
730
507
619
315
585
557
532
421
287
288
309
224
437
685
97
189
186
412
816
129
740
717
566
139
622
535
32
399
424
336
642
86
69
727
813
471
271
150
574
652
489
130
813
237
709
738
221
830
306
757
234
91
507
303
471
8
591
784
451
830
666
398
815
105
51
316
65
531
294
457
785
175
173
229
97
798
662
237
295
213
793
34
649
7
108
64
492
775
721
451
64
747
587
24
821
489
796
102
735
574
401
21
245
56
324
830
560
262
794
604
488
624
409
218
720
693
143
157
319
252
667
639
268
144
608
738
239
599
249
280
447
484
798
458
731
432
216
330
15
704
725
252
523
652
811
484
217
68
259
117
553
471
55
805
143
738
689
675
608
719
237
171
453
57
90
615
253
491
63
361
594
719
243
776
418
158
225
439
35
682
609
568
482
431
562
799
261
627
322
305
544
432
389
135
364
523
570
608
98
647
735
265
413
754
746
313
788
241
569
679
509
464
615
399
805
454
97
383
275
582
251
194
467
346
62
367
391
18
246
431
433
173
724
749
165
712
507
383
795
426
473
792
399
488
683
488
660
124
106
798
576
370
451
353
532
602
372
144
700
300
417
35
316
325
444
664
494
251
623
107
352
787
320
2
757
365
634
674
449
94
789
665
480
149
505
634
716
491
29
40
305
506
609
537
421
96
296
119
567
704
572
744
15
536
256
597
670
356
716
747
580
391
826
253
318
142
472
535
544
800
525
426
2
594
193
24
662
199
365
697
78
28
291
376
427
476
662
27
118
211
572
623
152
696
530
490
559
169
100
225
177
759
68
33
180
47
362
370
530
674
231
761
36
359
793
97
634
702
318
493
238
454
712
288
412
162
150
17
192
507
460
193
625
707
581
299
408
30
15
274
635
182
302
316
456
656
338
130
97
786
690
464
498
499
656
161
322
479
315
509
164
239
188
63
194
581
240
707
773
526
441
63
31
98
371
692
785
193
739
72
229
514
409
157
323
731
634
272
244
728
616
159
95
556
654
447
132
373
581
661
256
116
322
580
25
88
522
148
563
700
667
721
401
226
682
268
502
467
459
149
818
547
620
262
100
155
191
817
56
740
637
651
13
392
562
814
605
592
688
398
110
801
32
512
713
568
302
600
25
333
80
456
207
268
9
504
59
4
497
718
382
442
597
231
710
195
661
302
365
311
766
434
269
616
118
390
405
238
543
205
66
444
296
109
625
598
696
223
805
677
34
627
164
609
709
299
188
441
691
697
738
256
430
249
207
545
470
160
542
633
106
770
718
270
331
608
400
257
518
582
650
791
619
784
537
251
395
614
235
451
651
829
335
132
395
246
529
586
381
91
738
496
53
719
4
3
790
60
554
25
731
472
821
66
160
507
223
772
341
63
751
719
640
424
591
552
582
678
471
657
499
377
818
111
456
170
80
691
566
441
356
35
453
800
171
713
281
108
721
198
140
483
491
92
389
364
575
569
795
298
514
176
459
527
382
814
107
777
418
670
5
662
530
331
410
314
641
475
795
815
379
159
763
342
253
808
623
607
78
823
666
273
510
604
401
798
530
416
545
375
799
91
810
728
594
699
625
377
284
820
819
319
384
275
594
119
197
707
174
516
133
784
448
380
415
83
14
675
210
593
668
603
114
800
386
323
704
118
55
472
335
95
608
751
314
314
293
212
688
404
676
118
130
540
582
344
754
79
453
199
197
644
827
447
465
829
546
739
670
805
38
707
503
572
608
406
323
579
583
598
142
526
614
358
418
34
770
734
531
96
727
660
417
373
650
82
125
9
703
452
213
291
729
687
678
276
67
332
642
255
258
665
778
629
582
378
576
13
385
304
105
655
184
113
518
449
648
106
763
659
342
806
546
112
110
243
687
764
764
729
111
402
453
683
764
554
433
257
533
650
18
798
357
408
636
154
757
572
382
676
716
48
687
204
315
578
813
808
659
483
665
476
266
436
740
260
22
47
316
412
495
91
558
291
825
142
206
576
794
201
803
406
659
165
202
274
359
645
799
589
408
713
706
155
380
556
36
87
29
106
355
449
773
200
563
305
442
507
186
814
742
473
811
60
490
222
587
728
829
486
774
544
206
377
232
59
24
192
282
721
264
639
629
227
674
686
27
827
102
31
701
196
37
511
635
489
160
424
49
679
68
799
357
58
422
385
5
580
627
501
206
589
126
552
653
199
697
300
449
360
794
569
715
583
230
633
440
541
32
710
666
422
647
607
328
50
735
827
65
293
350
650
34
381
660
156
317
103
460
73
608
678
638
549
724
712
677
634
261
124
591
321
29
50
270
417
686
806
92
509
462
174
446
69
416
251
143
429
66
549
723
278
435
556
649
689
660
585
796
599
83
573
771
653
324
295
429
234
530
130
52
191
702
486
562
437
620
418
533
183
724
524
229
575
659
545
329
448
807
347
6
651
360
434
680
322
537
14
144
741
687
8
763
342
749
538
598
505
404
319
543
656
103
625
473
807
532
536
520
545
67
616
178
610
371
635
225
819
334
821
517
371
343
21
551
484
231
189
458
782
244
773
668
301
402
480
32
621
171
223
567
827
267
346
5
364
414
318
132
766
550
231
6
38
77
558
711
279
535
529
104
496
321
179
161
721
383
64
770
262
468
665
67
577
272
439
475
592
230
213
825
61
575
215
654
696
19
59
409
640
84
629
345
134
582
299
314
674
468
624
72
10
60
81
610
757
98
509
704
790
109
166
489
544
240
689
702
437
172
298
609
807
476
540
779
39
541
418
417
373
479
584
52
320
248
479
488
687
256
619
440
535
770
291
807
627
800
747
274
102
124
815
734
520
156
404
425
577
473
784
823
271
75
207
6
724
378
312
578
616
558
95
690
186
122
400
73
124
215
109
441
577
778
53
282
328
318
568
557
549
720
168
318
110
628
703
5
548
2
386
390
444
643
532
58
290
422
466
562
529
550
228
54
521
313
764
230
255
183
334
518
469
520
721
157
562
15
137
118
572
343
331
523
533
280
542
113
279
94
549
825
394
632
324
166
615
244
38
103
545
578
576
670
301
421
144
512
610
76
158
488
79
54
788
561
112
708
465
764
154
254
418
441
601
335
526
809
458
231
669
269
386
402
725
786
37
379
640
190
648
519
5
761
201
738
288
486
830
819
821
756
240
377
716
283
554
544
417
728
94
162
504
671
704
394
627
460
227
396
303
736
816
784
302
545
585
819
620
725
295
148
504
583
369
682
453
477
3
1
439
353
550
550
789
614
70
49
659
459
174
757
349
503
543
380
487
112
722
452
26
46
579
13
220
40
540
11
67
705
694
777
705
57
400
621
29
164
561
132
410
829
463
288
127
158
828
140
455
100
321
677
281
294
238
314
681
208
358
76
325
191
428
507
702
8
366
147
591
552
780
80
762
423
295
814
183
122
363
39
352
386
740
569
552
460
658
367
352
528
732
605
349
42
338
830
160
673
264
659
127
621
253
792
6
111
517
638
504
322
821
394
700
334
649
614
90
103
648
71
249
402
231
567
292
606
95
82
604
450
445
163
304
656
734
145
707
71
599
600
667
565
137
23
445
231
465
536
131
270
366
511
276
336
396
89
671
217
351
422
318
536
20
331
142
159
27
209
207
372
519
751
589
779
133
796
726
18
456
29
226
447
532
654
166
717
438
657
360
109
112
291
132
795
51
589
212
45
333
681
20
260
73
74
426
408
396
540
76
158
685
438
108
334
471
295
805
53
336
473
666
610
218
195
798
467
288
156
616
18
72
32
461
261
209
466
58
162
240
727
62
497
179
113
434
83
637
124
809
137
454
509
166
531
399
38
543
241
260
827
549
90
379
796
44
202
767
727
109
418
45
416
755
19
672
737
185
639
763
122
259
715
530
666
90
333
11
579
63
696
643
827
782
543
649
451
489
148
720
603
207
302
442
55
148
476
697
344
276
596
533
624
698
78
85
818
623
8
88
357
565
408
587
325
753
436
85
507
674
547
595
548
552
558
353
284
655
358
13
498
90
537
681
586
45
644
393
635
102
721
465
76
765
760
737
822
568
768
174
771
150
257
785
374
400
139
361
486
426
399
732
739
386
624
123
788
352
749
449
786
458
774
151
228
365
735
70
58
632
347
604
522
796
443
47
690
657
388
822
674
529
572
249
487
31
648
746
581
504
403
145
432
146
447
607
391
804
82
157
139
196
47
100
744
364
653
712
156
243
684
256
458
634
770
344
476
622
720
64
683
6
485
476
353
190
666
429
153
545
417
18
546
490
522
770
797
75
537
39
659
303
401
549
313
165
804
538
409
748
8
447
469
55
499
490
583
581
152
768
648
505
294
434
186
816
681
22
42
596
748
802
708
410
317
238
476
369
657
229
375
178
162
770
73
145
826
250
292
341
262
596
693
617
337
474
61
648
237
723
423
361
748
286
114
151
800
696
212
190
442
631
137
281
538
326
740
731
77
207
302
233
18
267
183
113
523
421
364
653
483
560
520
137
702
114
397
825
729
476
668
96
615
210
723
335
521
435
232
496
614
745
541
741
308
217
80
614
798
125
694
568
1
602
656
390
461
225
676
690
661
710
742
710
232
631
725
642
241
165
66
312
619
65
390
266
715
544
472
362
83
652
333
315
829
339
228
425
2
94
160
423
428
273
235
358
321
549
394
296
362
181
571
350
539
302
216
644
709
759
191
266
126
753
704
100
586
73
314
482
244
699
623
136
81
586
702
560
514
330
246
487
265
243
616
736
382
214
259
535
532
226
298
610
724
533
788
62
152
394
7
329
436
476
660
584
64
620
808
332
727
272
281
301
251
430
405
229
825
425
807
156
474
306
803
707
457
199
319
662
317
248
401
720
486
425
234
457
597
710
597
35
465
599
513
560
389
177
394
264
681
305
149
427
386
454
333
113
544
346
243
595
772
257
562
14
63
241
624
189
805
448
74
143
289
646
140
375
255
689
787
488
312
498
252
632
439
162
490
98
578
791
782
197
675
156
265
160
790
774
157
798
785
150
459
551
756
616
688
302
634
483
493
358
131
275
806
438
250
443
527
579
185
787
549
786
729
102
311
158
116
796
352
618
177
816
605
104
470
124
381
27
712
158
481
449
734
790
385
619
216
443
351
520
395
394
38
799
357
230
378
606
731
538
352
580
25
407
647
643
648
43
373
278
226
644
17
43
13
731
581
39
270
340
453
253
768
515
210
493
607
669
628
534
612
744
581
537
655
278
469
549
469
234
522
688
107
44
575
91
581
393
18
389
157
783
712
102
523
654
209
129
108
143
305
259
517
56
427
563
113
248
446
805
474
385
534
511
469
767
601
225
654
56
645
582
523
746
703
140
715
698
146
540
128
482
648
177
176
711
249
55
261
754
630
127
625
697
592
380
29
47
59
430
596
615
391
710
541
228
555
411
40
263
677
509
674
107
431
689
20
213
410
332
200
165
411
257
285
478
209
586
399
116
202
219
169
310
153
469
170
59
207
303
633
487
661
666
591
636
523
25
830
508
755
395
410
29
177
611
163
669
521
287
334
517
313
105
446
396
21
465
458
781
523
548
830
222
6
747
34
426
821
130
224
579
529
493
362
822
104
675
150
128
347
30
156
634
765
617
346
629
232
132
436
524
428
35
63
579
687
766
515
305
379
61
337
778
318
303
104
776
455
79
484
26
249
443
807
526
162
322
483
705
409
198
272
520
163
800
201
3
71
50
690
92
93
17
409
772
205
419
45
631
305
762
686
579
100
275
87
285
634
30
351
614
744
748
158
697
278
44
486
374
42
377
268
219
611
536
312
5
730
226
719
283
502
765
665
784
51
592
285
452
392
271
717
314
774
825
697
611
304
212
421
169
224
813
413
547
720
320
383
635
337
821
363
704
99
723
320
457
216
791
203
380
271
24
688
664
517
6
121
353
410
398
464
722
279
361
686
286
761
323
677
749
629
730
220
370
808
68
451
421
53
659
456
78
816
60
779
240
226
494
348
783
553
607
203
129
543
117
660
777
117
597
449
55
511
248
761
438
305
826
24
180
30
480
350
97
94
603
651
252
518
554
306
520
48
717
110
389
772
648
508
508
410
65
347
441
726
319
143
466
391
337
449
359
538
633
502
428
586
114
38
683
784
617
90
469
667
213
765
106
723
39
50
825
553
185
556
126
667
741
588
534
306
246
351
434
328
157
619
399
19
431
9
249
348
652
471
426
620
70
150
178
417
657
596
764
452
8
712
645
674
608
294
810
322
562
721
496
652
741
294
88
492
262
237
356
200
687
372
69
802
176
570
286
141
786
43
769
723
345
512
63
778
824
685
503
687
659
357
209
27
262
512
83
640
5
48
656
578
71
449
73
416
495
387
424
574
86
771
386
755
18
74
33
283
372
28
788
827
215
476
639
276
365
5
125
127
521
512
448
433
574
679
702
328
496
116
446
648
155
117
600
402
83
711
30
380
479
563
826
162
641
808
731
649
402
157
814
34
181
570
706
108
42
752
16
275
12
667
301
700
636
649
672
261
339
565
162
680
54
518
377
600
791
231
611
729
73
326
828
476
699
401
696
341
400
453
328
449
210
154
225
203
169
36
689
190
625
754
323
29
150
513
123
764
526
79
170
57
45
42
333
33
64
3
565
668
574
66
785
793
808
565
702
725
754
767
224
660
251
1
359
107
434
54
470
371
212
241
606
571
716
226
327
416
232
90
689
400
558
530
771
612
351
513
276
395
812
474
364
339
735
438
638
611
750
38
388
587
673
750
680
743
53
613
122
272
516
412
36
385
411
305
199
54
607
316
671
116
751
830
730
463
349
415
728
72
621
50
253
346
393
270
788
10
708
624
485
778
37
445
334
765
3
574
375
806
130
731
254
331
734
658
389
586
124
6
738
637
140
142
164
231
353
372
797
502
3
576
817
472
735
233
779
746
334
183
619
256
375
407
731
661
382
479
608
286
117
682
688
747
134
623
792
830
218
634
83
433
784
654
141
122
309
117
562
808
508
124
202
599
37
95
513
803
614
830
728
228
238
746
367
289
825
588
308
291
360
359
509
671
90
557
563
114
608
478
263
608
410
405
376
796
102
255
500
467
794
192
406
69
134
671
239
772
43
154
744
268
656
558
672
132
192
508
827
407
227
265
705
81
306
551
52
117
24
504
456
718
581
409
111
172
213
300
424
729
374
709
51
631
345
90
505
806
146
559
77
203
479
383
269
318
577
745
603
14
387
499
829
161
442
623
809
560
737
218
669
166
510
753
633
96
683
168
694
361
808
490
578
135
427
512
759
144
357
347
19
106
314
486
113
688
242
638
419
454
231
44
637
44
660
391
66
222
540
714
134
88
701
602
10
110
626
44
662
301
135
300
275
711
172
95
388
234
351
485
789
665
589
74
662
623
812
782
41
696
449
236
199
395
174
292
597
173
348
311
324
122
47
134
770
505
589
620
167
330
509
257
63
307
587
823
443
413
776
379
162
756
365
159
749
829
719
574
124
252
394
571
570
434
566
113
78
163
198
9
340
365
648
802
225
159
274
733
435
657
102
493
393
106
341
404
111
375
215
264
524
549
348
51
52
378
715
733
669
793
736
821
324
603
119
497
60
734
555
697
601
558
694
639
724
473
614
824
5
42
258
547
188
101
630
604
511
191
276
98
825
675
771
371
99
309
41
104
58
258
439
553
378
617
507
539
20
755
140
103
125
555
31
390
81
453
93
829
164
66
405
485
469
312
27
574
721
290
412
241
606
523
118
327
599
567
13
462
17
390
739
724
453
153
119
15
827
688
597
781
631
186
206
426
177
740
651
586
721
638
244
117
756
513
746
297
408
767
146
580
275
490
738
504
8
789
204
89
60
643
693
400
645
613
261
647
53
802
453
621
589
551
291
791
250
712
691
541
135
379
403
737
774
534
45
704
290
775
647
52
95
494
29
94
750
561
441
687
481
337
536
496
607
290
46
399
639
725
52
53
502
220
264
44
826
606
600
195
120
145
748
384
191
620
279
564
739
256
379
409
705
87
335
383
780
369
382
537
696
128
622
542
654
615
149
465
683
719
538
183
407
299
118
173
386
58
496
524
718
501
507
360
780
379
530
95
798
397
115
314
608
346
432
428
246
67
694
363
333
481
311
233
194
661
55
167
628
175
634
431
700
619
691
424
364
750
392
552
64
631
124
44
408
788
531
302
109
111
439
306
583
77
736
638
634
131
352
636
5
331
768
571
155
332
592
307
797
484
76
199
816
668
617
339
46
538
145
361
203
165
388
779
76
286
162
77
368
329
619
365
372
644
784
27
176
486
445
388
619
676
298
525
243
511
737
239
407
786
381
145
309
656
617
592
573
741
366
52
473
258
728
700
648
588
407
818
554
20
110
176
46
116
540
176
326
381
229
217
719
502
37
625
233
87
280
727
379
141
154
159
83
687
718
574
165
321
456
556
41
609
550
309
483
551
625
684
772
492
365
698
21
712
562
264
336
624
714
715
761
299
218
240
748
570
254
669
353
232
579
744
348
555
479
624
324
777
645
695
256
130
223
674
682
367
749
384
548
414
356
609
805
197
799
527
210
727
28
555
418
699
716
526
200
181
658
564
28
318
697
694
386
397
81
616
652
710
696
815
303
632
157
359
45
166
260
683
164
480
173
328
819
492
599
800
287
19
373
275
609
750
751
259
666
100
634
689
12
66
461
652
344
555
298
802
307
137
302
339
219
753
725
391
167
203
94
522
270
233
446
130
252
13
273
532
165
476
212
36
563
242
264
347
182
181
691
292
225
50
114
244
25
767
180
610
310
420
608
531
741
84
68
217
633
496
306
760
822
39
820
551
368
93
646
699
684
784
572
760
10
113
720
111
285
238
714
141
406
44
343
101
432
284
700
63
444
687
59
449
413
577
109
756
328
155
150
572
758
544
36
576
210
703
675
514
303
567
484
382
658
204
284
102
806
577
9
267
600
546
493
230
143
476
600
708
788
96
670
273
27
273
525
296
201
452
256
807
143
377
549
270
462
37
161
607
741
21
291
411
574
563
144
585
93
677
801
555
345
613
149
141
181
742
77
245
70
749
488
262
673
31
353
777
69
696
659
378
450
259
756
243
284
741
311
386
322
29
61
581
812
254
345
92
507
674
498
372
327
88
613
743
304
773
479
714
166
567
577
226
246
121
539
103
306
625
647
189
447
611
660
816
646
90
755
430
163
438
99
367
594
788
393
131
69
484
690
662
590
168
260
773
514
250
243
759
70
725
541
830
737
463
389
194
701
210
312
53
251
509
81
151
449
241
76
39
470
532
751
249
682
488
194
540
256
386
496
223
744
40
195
236
539
817
541
402
98
437
270
473
202
121
747
517
728
43
672
619
573
282
583
574
379
322
280
392
699
152
200
188
528
489
94
7
658
328
497
581
679
429
97
825
50
260
167
530
708
400
678
254
496
265
53
253
247
620
638
769
712
615
33
690
192
505
233
16
222
185
141
624
546
630
463
271
19
241
572
450
715
591
478
611
261
412
79
97
99
586
721
205
497
165
405
185
251
766
290
119
748
154
598
755
554
71
299
93
815
724
108
650
526
541
474
8
538
516
560
722
482
398
461
20
17
193
520
248
176
194
16
820
131
201
103
309
47
581
719
579
581
248
161
391
815
105
511
375
83
566
743
713
578
546
669
114
322
531
763
584
671
40
276
739
475
59
422
126
338
109
26
185
683
479
522
750
799
308
763
674
419
431
222
664
585
265
813
197
208
663
31
93
19
463
753
514
14
114
308
572
768
495
638
108
558
519
257
710
311
820
828
542
190
482
319
256
143
739
576
311
23
438
499
696
449
17
818
508
361
73
4
64
162
580
466
51
642
187
215
547
276
760
245
193
551
597
564
651
761
99
367
224
384
795
804
145
625
717
45
613
6
345
498
426
221
142
419
587
106
142
663
431
2
306
137
573
338
669
581
646
262
45
673
580
34
676
127
303
95
805
83
389
350
458
65
712
514
670
350
181
694
817
364
448
343
210
438
786
683
190
404
620
524
773
5
81
113
736
781
592
693
352
719
260
18
781
594
749
686
385
568
67
318
317
580
563
333
420
64
486
27
329
265
140
288
517
782
29
524
56
144
548
178
278
749
522
306
135
598
560
603
481
13
722
236
750
497
323
182
467
614
575
305
32
663
114
594
782
395
271
425
729
139
425
16
230
48
750
81
86
185
642
583
529
156
241
737
714
161
427
658
160
453
121
392
827
532
687
442
657
775
713
31
551
568
796
91
108
781
473
496
153
96
577
278
472
762
734
630
348
111
250
531
233
206
613
4
368
608
360
776
751
164
661
592
550
809
383
258
723
290
586
317
274
410
273
470
659
631
347
67
190
794
700
377
133
136
263
599
130
421
172
332
705
692
144
586
460
522
247
347
662
589
242
290
602
436
755
103
818
338
446
126
27
608
62
262
90
136
592
660
364
220
583
705
44
587
494
547
403
754
261
213
778
480
543
553
100
606
506
436
727
188
490
61
334
274
12
613
600
198
175
808
25
647
276
335
177
690
549
84
406
640
265
426
776
549
516
586
541
283
137
623
227
381
348
358
117
432
797
155
164
648
668
757
306
535
828
162
373
58
413
190
134
597
286
619
601
515
525
362
785
708
541
130
360
778
573
737
461
147
43
596
407
523
784
617
228
100
223
409
135
48
709
24
298
281
364
202
116
429
114
677
199
509
633
799
450
818
377
331
321
536
48
769
281
117
656
292
400
343
172
131
22
707
56
630
216
62
551
495
117
224
390
104
529
420
299
301
77
584
679
515
165
815
782
373
536
443
340
629
528
256
408
162
107
409
627
452
350
620
573
331
460
332
261
379
468
762
564
336
238
653
537
190
427
88
592
429
396
331
564
521
190
819
538
488
138
272
729
653
315
595
273
176
199
622
422
131
752
268
379
247
89
565
351
543
285
71
249
705
443
41
122
544
578
590
338
285
338
96
31
671
528
204
337
559
512
290
754
162
405
412
727
453
355
810
748
37
752
622
569
66
745
230
764
653
428
323
24
34
767
798
517
115
487
135
560
176
759
110
650
553
651
253
681
104
514
487
293
122
98
35
587
412
477
580
137
124
26
822
65
17
117
718
427
631
592
776
126
712
777
721
704
602
647
787
261
27
640
699
337
69
559
588
361
563
341
361
791
625
633
141
366
229
702
565
727
464
264
576
616
193
49
324
537
209
89
815
125
450
714
487
34
68
264
446
446
749
740
522
210
638
676
604
458
123
434
432
687
451
543
765
223
484
482
702
419
342
678
189
72
375
205
794
336
726
423
40
604
211
677
819
52
273
689
554
441
308
344
310
99
818
799
290
220
682
414
164
592
258
519
257
315
232
774
277
457
211
136
586
324
120
624
409
388
813
436
632
612
530
561
465
724
80
573
312
143
829
634
739
646
318
624
206
604
588
243
56
433
420
285
71
452
370
385
2
815
358
610
454
773
424
227
723
729
689
502
203
820
188
63
268
637
493
19
813
612
740
32
292
565
442
358
727
517
236
79
217
183
587
576
13
592
683
711
263
693
123
517
314
245
453
504
372
422
595
176
631
35
367
84
758
721
297
284
454
758
670
436
534
789
595
563
253
33
499
320
511
813
7
249
234
632
256
291
590
262
156
744
396
809
644
22
512
484
111
64
179
429
638
224
531
1
379
658
355
698
61
287
251
535
131
402
271
114
265
159
108
380
411
397
574
729
606
391
474
800
303
78
248
667
387
10
509
44
225
309
234
403
472
572
635
758
242
531
593
135
147
804
421
380
190
32
828
617
465
633
182
805
434
262
212
600
35
104
366
150
686
809
562
332
597
671
391
35
452
508
63
92
531
253
298
331
595
584
295
439
58
218
193
50
344
710
386
249
445
377
283
537
171
526
21
523
251
659
601
345
686
809
330
39
493
825
700
748
28
442
30
115
808
674
691
797
796
239
601
130
194
558
430
780
413
301
329
383
323
802
711
254
151
539
680
354
768
169
318
25
559
282
298
726
483
454
188
429
678
133
524
257
202
744
738
263
401
343
637
757
711
757
728
195
505
463
505
468
138
457
598
612
373
293
683
201
643
227
214
193
474
599
330
477
469
691
353
59
579
82
793
608
468
157
573
411
641
128
380
90
463
761
321
644
251
189
766
373
531
4
245
663
314
431
343
731
793
758
426
710
293
18
263
615
302
125
479
161
167
566
500
528
164
713
301
575
363
580
806
504
684
85
762
628
170
160
765
762
361
797
113
250
495
741
259
740
577
768
707
47
557
335
110
514
285
398
196
583
284
689
646
320
602
480
739
646
213
424
175
750
396
162
140
179
278
68
481
571
161
222
25
823
489
625
47
778
579
790
546
183
812
209
162
555
212
354
490
704
265
654
28
664
162
529
148
702
825
142
318
408
621
739
9
796
415
503
645
478
391
755
309
200
627
20
553
262
130
576
147
264
806
600
288
248
360
742
41
585
8
496
533
107
656
598
102
9
498
171
512
415
155
392
830
337
608
552
288
801
170
60
525
522
90
390
32
537
363
210
123
71
497
713
169
636
125
380
417
657
344
73
435
130
741
454
333
191
822
601
49
118
546
181
267
347
746
98
160
16
609
745
104
263
336
511
9
151
313
96
627
10
477
37
321
32
333
684
398
632
613
136
530
372
387
634
495
51
141
257
751
155
42
451
644
222
817
790
97
89
28
110
305
126
73
386
625
438
539
262
507
549
315
637
204
560
541
518
208
48
294
599
190
112
164
660
120
642
357
159
470
557
296
262
490
131
339
813
764
629
77
107
519
772
472
33
493
633
59
609
339
773
147
374
405
782
630
819
196
477
277
216
694
308
539
16
311
752
358
95
338
509
5
318
579
440
334
534
568
335
140
695
610
1
433
456
560
721
585
151
152
754
497
672
48
215
653
701
766
317
218
372
746
576
146
540
197
632
30
477
517
87
559
541
373
236
118
322
503
3
654
430
776
515
681
265
169
619
47
681
642
723
96
393
642
809
7
506
548
646
256
134
637
360
769
532
2
699
194
510
724
136
210
621
576
104
702
265
741
664
105
777
424
83
746
397
772
566
574
46
777
43
447
411
408
139
361
484
107
601
18
156
157
813
391
71
317
215
644
689
728
784
514
49
321
265
293
37
320
408
727
75
803
816
660
19
240
228
805
490
360
65
596
638
703
636
290
436
304
404
165
671
3
618
674
297
590
762
226
166
333
639
390
815
117
390
310
403
192
603
446
711
219
274
655
87
614
143
657
786
625
203
61
824
627
446
327
669
658
620
42
645
724
539
153
127
58
603
35
272
38
205
382
660
788
688
466
174
338
313
232
653
727
172
442
663
263
292
459
396
588
15
684
783
140
589
264
278
233
183
747
679
100
235
60
335
563
707
809
329
718
608
26
289
453
527
726
451
562
355
465
548
103
67
599
484
674
72
365
562
698
105
413
779
534
1
2
728
698
675
79
218
577
378
557
291
580
681
11
703
793
205
551
214
230
148
243
13
824
553
109
610
714
675
658
530
34
29
345
792
233
177
100
288
463
466
64
13
417
803
65
338
237
528
158
758
111
98
645
238
520
161
220
129
548
355
356
825
508
740
809
24
796
111
198
131
260
334
768
303
99
263
171
821
279
735
667
343
376
663
319
470
139
792
499
508
75
625
352
367
336
623
266
105
252
593
472
205
58
74
225
28
375
76
322
669
403
82
507
355
705
630
252
107
186
561
696
365
585
84
349
357
171
551
583
294
708
298
299
478
811
150
200
302
766
192
537
401
310
526
520
354
141
553
376
487
275
14
125
64
711
610
273
744
344
555
598
582
484
70
329
120
408
424
652
141
43
607
812
208
452
185
100
145
318
593
214
637
542
801
285
101
134
459
512
86
582
249
522
811
351
318
202
274
38
148
427
780
402
732
53
4
735
519
740
57
383
118
610
810
476
414
341
62
807
618
564
161
157
755
582
772
684
486
123
629
511
567
140
544
374
229
4
694
197
6
305
18
242
560
624
294
664
180
6
440
284
778
663
701
539
827
144
536
498
756
255
612
379
778
165
219
526
526
516
558
129
101
637
740
97
643
209
536
380
752
821
392
705
540
750
187
606
635
257
436
515
412
796
675
811
236
57
535
554
647
400
8
592
311
765
721
487
29
341
555
186
375
489
109
545
173
651
141
417
516
257
93
788
81
436
165
450
528
319
707
376
444
330
82
122
550
509
298
670
829
724
252
816
278
117
818
326
101
187
334
112
56
627
745
191
93
601
700
284
439
635
131
558
103
207
725
221
766
299
146
575
335
617
591
402
67
724
625
506
401
377
564
309
103
748
275
471
795
680
222
341
537
351
805
510
101
174
741
233
774
633
510
14
780
640
565
270
454
223
523
269
207
456
418
321
383
479
361
398
759
43
354
750
787
442
396
88
193
354
418
324
173
772
222
235
688
48
128
443
266
525
751
56
802
150
524
249
458
22
270
620
595
107
274
307
721
28
222
372
313
318
682
47
734
781
749
618
211
182
242
438
466
320
602
44
124
296
558
581
681
370
296
698
47
772
50
753
540
260
464
825
551
414
110
574
723
805
574
444
39
646
689
169
183
743
11
129
409
795
238
203
219
710
88
142
786
782
716
741
126
794
633
447
557
778
63
799
443
315
451
591
705
255
282
300
641
49
562
119
315
452
465
441
37
373
208
438
335
263
591
346
715
142
93
88
436
64
334
446
406
446
204
339
234
49
266
108
169
283
652
244
196
416
120
806
249
682
750
278
483
702
386
679
508
663
680
219
761
620
130
352
803
559
406
640
518
631
348
579
131
779
337
246
126
107
757
109
228
762
75
75
712
84
636
517
735
454
706
110
150
701
487
405
300
594
558
461
276
232
347
21
626
314
246
371
568
409
258
440
22
808
680
123
159
1
796
167
299
630
446
702
423
721
397
122
184
298
578
222
566
11
601
61
235
19
100
336
828
686
97
73
764
618
8
596
687
582
582
483
76
59
350
37
301
553
172
383
109
567
657
428
209
99
236
734
519
820
259
445
597
632
244
68
57
628
682
383
138
184
747
736
801
552
718
483
518
49
290
395
497
736
724
166
42
229
101
577
604
202
369
232
139
736
677
9
706
152
118
387
214
207
82
787
69
35
595
476
531
533
60
176
252
122
157
78
305
551
316
387
758
309
415
453
370
348
474
317
597
603
805
394
613
564
172
783
471
643
216
768
565
69
712
315
610
561
118
264
75
485
643
26
382
142
460
591
458
725
248
156
748
573
438
259
404
75
601
304
53
533
374
332
567
712
791
288
701
386
559
96
598
15
495
613
495
520
196
170
568
645
459
555
279
725
502
780
49
584
31
83
694
439
288
16
670
49
774
650
526
313
363
756
322
770
146
377
470
650
753
355
334
605
603
53
390
541
133
168
462
780
412
74
621
373
508
382
422
20
333
702
695
325
656
776
342
131
728
285
45
56
404
726
153
129
542
510
529
154
333
593
8
381
648
69
522
555
512
106
681
624
9
489
392
156
31
375
423
791
11
136
504
136
752
471
742
481
333
746
244
497
469
696
216
256
336
721
646
348
595
488
630
439
33
403
107
404
212
516
538
645
585
813
731
486
541
684
363
494
285
572
658
758
125
117
345
516
288
539
36
249
601
384
20
147
74
498
230
264
471
687
536
655
200
151
784
471
451
303
759
25
474
233
244
550
691
684
80
258
60
384
553
135
558
114
140
174
238
658
727
162
191
539
563
798
89
630
89
815
373
672
274
201
684
622
564
610
781
134
156
447
556
443
538
573
140
281
156
698
291
46
15
823
491
672
401
583
250
592
829
675
276
359
800
576
72
251
178
562
663
123
517
728
619
631
660
621
136
354
612
124
744
164
685
250
271
243
810
385
756
236
159
457
393
343
647
112
479
649
271
784
414
485
353
287
213
626
654
777
308
500
385
632
57
824
306
825
219
569
160
94
808
781
85
665
812
494
244
379
740
373
353
627
433
718
339
274
597
540
67
331
390
801
696
496
11
323
206
373
66
591
644
788
661
583
613
253
447
727
720
290
665
114
48
652
769
590
316
86
683
357
760
397
474
215
220
654
630
18
477
301
488
520
753
750
334
813
479
678
92
437
107
531
434
35
219
83
134
689
821
273
387
233
563
302
394
322
458
663
814
704
266
584
748
689
94
610
188
337
57
589
785
88
268
546
537
210
573
24
238
162
219
279
26
812
330
229
328
714
338
212
260
304
652
601
56
445
810
566
516
708
376
156
67
3
167
31
154
602
368
733
818
351
414
180
124
164
379
652
574
104
493
275
762
628
356
46
732
199
476
11
796
806
543
188
245
412
213
179
386
118
696
535
77
236
191
538
515
558
725
375
266
178
357
719
367
249
753
439
124
149
735
79
2
162
16
216
724
99
185
735
697
151
154
383
473
425
721
666
620
549
473
357
523
767
658
712
514
192
260
76
538
85
706
307
75
205
208
763
550
264
350
59
256
578
424
471
231
692
739
332
390
613
511
710
744
152
64
522
670
539
821
825
382
508
523
563
717
276
361
231
736
363
39
263
660
475
722
87
240
462
229
173
197
242
733
169
492
128
737
740
474
393
95
161
143
248
44
755
724
584
114
212
639
487
452
227
335
130
434
85
707
526
490
129
292
509
586
410
378
238
477
19
91
347
151
782
402
830
246
736
653
684
121
108
323
229
379
648
393
754
759
159
314
655
306
700
709
811
700
107
410
162
456
216
273
328
14
619
334
705
719
767
231
377
546
253
104
702
320
130
452
244
116
38
538
658
97
801
528
395
746
232
644
469
750
200
279
544
734
369
375
109
188
206
607
436
707
625
33
589
158
368
821
395
359
376
513
678
632
392
151
143
508
656
545
277
432
304
591
308
478
503
211
617
637
434
478
778
457
734
642
778
639
560
725
58
357
485
545
722
428
638
292
153
493
183
86
218
54
192
223
283
514
4
384
70
173
249
496
691
591
234
762
604
194
198
481
823
119
526
403
83
390
473
580
119
310
750
719
483
85
745
571
550
577
673
632
762
82
585
221
806
274
477
566
84
227
684
682
182
807
144
340
92
103
319
484
436
460
826
270
609
114
442
641
688
761
167
274
542
661
16
342
270
240
764
785
648
480
56
526
527
600
627
709
773
154
331
216
708
93
162
87
478
361
52
754
21
782
623
328
48
467
122
676
290
769
283
524
404
560
794
542
497
381
289
512
397
22
111
324
723
164
607
133
141
489
759
461
323
313
768
292
475
567
510
605
305
353
758
699
764
197
25
504
249
775
14
485
106
668
802
7
100
378
549
159
586
247
237
781
547
143
783
570
722
560
523
572
61
407
629
413
4
424
39
656
298
344
195
529
464
90
142
518
418
669
477
351
497
559
185
168
544
120
106
192
91
425
453
392
461
745
356
195
659
289
416
283
627
292
495
562
453
240
76
97
375
365
381
297
335
352
637
512
388
439
91
315
784
689
306
690
221
458
616
46
536
703
408
39
494
244
111
736
103
458
164
592
89
237
454
589
770
400
3
572
273
327
358
103
524
569
710
377
325
682
336
81
817
559
29
416
344
731
242
730
515
687
99
653
538
178
517
830
109
574
36
31
714
401
175
770
146
128
653
277
169
737
213
36
737
56
670
770
789
435
320
265
465
811
454
242
685
615
327
815
780
302
528
58
416
56
82
209
177
327
36
537
682
787
72
204
530
212
398
350
552
638
823
746
376
327
223
192
67
302
161
102
37
640
399
202
762
314
789
495
601
490
178
207
118
746
203
487
789
750
410
412
303
753
116
281
353
385
352
751
540
227
344
721
671
213
112
715
220
463
179
20
531
506
647
39
714
348
432
678
729
736
300
539
230
577
502
672
696
583
101
214
528
193
472
505
102
107
52
21
488
437
369
74
259
591
816
569
669
370
338
169
607
39
332
599
514
450
172
467
118
85
260
543
254
539
172
775
97
63
216
600
679
36
323
448
577
80
89
344
814
475
275
829
805
227
727
34
18
434
638
671
788
349
683
453
656
817
715
527
633
561
226
683
87
403
452
707
35
303
59
32
375
629
545
163
720
580
119
682
820
68
338
605
569
87
792
151
304
379
260
348
70
277
89
161
254
270
769
178
712
390
690
450
682
652
734
151
578
559
232
51
673
253
256
799
601
375
424
244
326
546
771
830
116
127
578
218
387
297
530
301
588
644
82
818
25
463
463
351
441
143
63
711
827
725
811
58
121
825
634
411
558
41
493
325
233
790
177
199
720
139
729
285
448
671
476
502
312
156
74
673
490
442
828
498
232
130
277
232
385
134
331
262
452
7
791
276
714
283
719
626
466
770
456
304
447
529
329
573
751
213
520
181
748
218
246
282
81
210
805
11
681
171
41
124
821
618
189
667
696
117
688
82
563
261
233
739
361
272
397
613
790
778
729
704
221
770
194
654
91
109
127
731
425
45
331
192
714
84
289
463
670
440
706
310
712
822
746
703
773
817
791
695
514
812
819
292
611
355
815
435
293
129
500
337
661
62
436
702
535
472
481
596
756
92
431
484
308
651
505
196
620
528
132
251
93
645
510
576
511
452
70
812
334
568
202
349
660
66
39
245
727
135
498
265
12
329
351
35
654
482
271
671
486
402
728
806
808
621
296
570
808
230
770
306
295
111
659
420
811
499
237
781
761
106
235
609
368
23
128
207
425
441
797
342
149
664
22
308
661
323
37
556
601
167
568
617
84
636
279
104
167
125
189
796
241
270
483
378
11
409
454
742
215
111
389
701
80
281
393
471
550
120
751
625
53
163
273
576
269
199
536
783
627
462
743
700
435
632
37
652
405
574
327
89
241
309
505
586
399
488
647
137
198
657
436
544
438
258
232
406
454
286
581
820
126
509
392
803
187
489
167
19
817
157
306
150
27
320
309
262
825
507
297
134
575
329
376
671
421
649
453
321
266
631
580
226
372
574
383
829
341
286
622
622
29
234
303
89
193
127
139
72
743
42
85
222
94
110
411
598
273
497
248
478
84
119
342
478
665
664
133
547
651
544
1
223
802
82
667
205
96
631
401
569
815
818
487
181
324
615
775
757
402
300
14
165
42
320
656
817
243
161
828
716
819
628
816
439
318
241
450
587
594
339
677
97
296
686
420
829
432
214
397
44
696
470
254
92
311
587
259
692
539
427
690
245
462
323
31
482
221
82
226
477
605
768
813
438
142
614
730
677
91
390
23
112
824
356
475
672
176
603
54
476
80
225
153
398
43
484
635
816
476
241
375
812
296
153
263
714
771
426
538
827
703
268
633
133
47
778
448
52
512
118
368
150
363
173
21
812
400
607
602
82
211
435
613
652
85
583
49
378
184
615
298
812
643
453
688
41
391
497
683
168
457
701
707
7
444
818
397
161
513
166
660
133
145
788
782
95
475
425
547
512
142
30
81
333
142
383
42
6
509
228
268
443
404
246
422
347
293
236
122
32
401
690
413
685
613
44
700
187
213
254
589
432
469
6
55
391
585
83
671
92
771
310
607
19
764
338
437
694
42
300
210
243
56
355
150
535
741
509
384
534
315
692
197
353
96
823
681
642
823
48
119
676
645
648
650
793
799
630
187
315
458
606
233
812
608
265
465
339
380
470
16
641
118
666
582
794
615
710
642
280
817
566
606
215
361
744
288
172
14
550
115
502
218
824
24
678
515
402
222
677
548
169
357
600
366
501
680
525
131
780
33
741
71
126
562
493
313
460
351
114
486
827
349
821
600
489
488
361
485
786
482
156
580
462
395
58
594
455
460
339
811
56
535
290
115
751
671
368
682
731
198
363
782
247
189
372
387
260
560
97
706
670
15
304
164
611
132
69
734
481
282
298
240
362
104
384
822
23
551
737
23
798
683
507
437
644
676
515
690
521
179
189
801
610
1
311
331
327
657
416
156
25
792
234
793
428
278
693
98
735
513
232
694
209
151
350
316
80
648
92
36
488
355
343
361
298
373
236
448
180
580
674
607
695
360
360
739
778
470
673
457
615
172
374
497
187
65
672
334
538
323
569
520
116
292
7
660
211
312
522
422
384
429
382
343
775
254
385
38
248
763
231
261
156
46
491
198
318
516
22
674
232
810
231
86
153
687
622
659
349
100
734
383
721
103
233
393
168
552
795
526
576
798
798
106
634
602
68
303
551
168
365
817
368
772
657
128
378
561
352
392
580
72
696
720
520
822
78
119
147
643
32
487
23
43
690
324
692
521
173
410
336
320
205
214
248
619
524
405
823
290
490
610
230
408
615
590
75
154
257
358
13
179
664
145
800
145
728
82
437
786
18
401
637
434
330
530
645
286
108
532
521
741
204
805
42
325
131
445
72
187
314
222
605
759
336
193
197
793
530
584
672
794
522
436
545
518
700
44
773
720
429
469
731
39
159
376
412
567
401
696
143
202
672
235
446
353
265
441
666
678
647
790
149
183
529
259
622
584
19
69
802
185
366
537
303
481
392
262
573
40
188
744
149
476
110
554
611
397
392
385
623
685
746
69
342
129
568
115
468
775
78
772
755
268
650
683
424
729
668
689
599
457
539
717
36
807
572
709
506
311
707
350
625
89
692
530
373
247
631
783
664
489
595
494
406
192
385
72
330
129
179
508
810
639
610
304
444
279
768
586
418
802
165
131
401
389
803
778
554
780
207
574
41
508
779
92
693
693
820
517
81
396
710
539
137
689
202
236
242
314
53
786
517
629
772
101
532
535
68
754
563
381
793
594
781
696
134
537
41
172
629
707
141
334
187
773
570
89
571
314
452
90
243
124
112
438
717
407
320
679
807
304
285
154
209
446
329
241
396
392
800
521
43
499
646
507
301
781
245
491
770
296
625
689
37
422
725
29
596
276
716
69
434
390
273
159
130
608
515
344
293
702
621
396
250
364
231
140
217
293
703
652
577
88
449
339
483
137
802
315
760
576
573
211
782
467
248
501
515
645
353
19
753
199
84
185
814
98
76
555
566
10
814
473
20
647
141
213
383
201
245
580
576
376
230
786
653
278
342
39
590
513
83
123
457
498
353
86
560
717
706
764
82
173
124
26
36
465
658
278
448
693
120
271
254
649
518
458
379
506
619
145
522
316
65
397
608
621
179
548
92
557
585
444
580
328
467
143
267
55
548
106
99
302
272
452
488
374
462
393
607
83
53
529
698
814
426
72
188
391
80
52
714
42
459
417
39
159
117
531
231
497
322
609
130
724
114
291
176
59
439
707
124
9
275
605
544
246
277
613
742
687
576
399
330
167
83
712
339
438
44
712
60
597
765
376
262
431
267
753
208
765
825
611
816
676
198
327
820
788
374
115
673
806
497
249
644
631
662
532
184
463
287
772
127
294
336
599
546
401
215
585
183
606
564
800
535
16
434
432
531
311
395
681
178
581
81
600
666
760
809
79
425
24
546
80
383
67
330
185
49
234
237
644
829
319
204
821
578
338
588
511
64
474
196
452
830
95
495
789
241
202
339
435
129
149
370
744
526
614
49
804
639
180
133
77
491
570
455
760
423
253
420
785
127
15
153
442
256
168
335
109
616
203
518
549
814
593
329
772
396
515
159
265
363
547
239
487
526
161
301
540
334
757
629
159
35
370
610
573
743
173
718
824
369
215
772
712
760
91
581
346
455
282
453
351
279
709
343
684
379
102
361
96
313
147
398
290
137
764
338
757
354
223
540
363
64
52
738
147
129
252
28
208
299
755
302
803
464
285
550
352
17
57
312
26
266
511
220
239
159
72
431
114
537
76
738
328
5
434
211
237
188
423
342
798
758
241
176
618
434
13
214
180
83
797
245
251
543
722
382
132
426
59
162
362
298
109
27
327
701
472
807
126
373
484
416
230
323
148
430
356
82
579
318
548
347
609
818
732
351
546
5
777
653
508
555
480
230
606
697
154
402
716
713
534
29
77
458
78
794
790
574
49
673
345
499
49
577
741
750
241
399
178
63
822
668
758
343
731
720
338
579
551
19
52
772
66
446
116
484
692
717
57
656
471
22
471
737
648
181
359
309
194
613
385
113
280
206
428
800
666
625
20
313
673
758
70
585
196
253
806
106
537
259
768
817
188
298
549
152
523
22
97
207
29
593
784
232
503
731
320
159
127
506
29
798
326
740
317
786
438
102
757
169
126
773
579
54
569
419
393
52
536
809
156
84
491
307
108
604
121
251
334
149
692
486
747
17
254
776
353
404
3
477
762
31
693
339
588
533
29
282
63
65
595
707
245
117
205
172
266
415
684
788
825
674
606
62
398
52
70
469
496
417
559
73
654
609
798
156
223
766
152
449
230
16
790
672
57
324
510
819
74
9
200
626
191
120
702
309
586
762
378
555
515
111
725
729
730
124
36
433
215
626
341
316
428
550
281
76
453
604
443
825
569
326
479
299
341
103
207
421
649
339
406
792
293
640
144
248
344
467
222
630
405
127
361
698
70
519
519
374
130
754
717
695
320
634
113
719
109
805
563
546
128
789
715
455
7
714
206
366
221
487
257
267
543
544
65
755
342
586
382
459
332
369
353
753
338
115
406
285
734
58
133
2
514
819
676
298
828
472
618
604
350
234
82
123
376
635
763
635
772
1
794
454
210
367
249
668
355
531
659
208
344
17
15
504
114
810
288
527
90
66
351
706
578
75
31
224
692
139
227
171
615
412
501
33
493
126
505
764
184
39
258
528
750
652
254
490
363
565
785
252
545
345
56
121
480
310
408
43
241
311
148
303
705
69
507
776
183
200
261
185
77
293
488
629
116
824
90
374
534
571
339
202
541
585
711
703
262
596
701
571
730
170
323
565
213
800
279
345
507
190
99
739
245
685
543
760
459
569
467
741
760
656
70
133
334
305
318
595
477
652
677
617
510
425
508
758
523
810
707
824
550
813
664
231
712
225
168
530
791
338
664
760
720
268
281
597
762
665
20
293
509
3
494
622
818
456
741
716
12
357
184
516
521
141
275
406
741
309
165
349
662
195
588
615
191
555
713
224
541
88
297
674
158
367
631
110
122
140
547
243
268
294
552
167
532
446
297
469
26
554
256
96
712
469
264
677
64
672
219
357
527
807
212
792
216
334
284
660
232
560
538
31
287
377
140
318
102
405
763
65
518
702
9
188
262
124
431
467
316
49
715
43
437
242
537
194
779
362
738
427
173
136
472
666
104
744
514
451
245
584
674
367
425
3
459
317
148
227
457
205
484
166
18
50
811
323
604
487
736
383
574
379
76
244
559
510
730
725
682
72
474
53
152
765
320
760
253
229
22
592
86
195
455
523
479
728
242
438
763
211
306
244
312
549
544
497
525
730
631
162
2
139
99
37
109
90
357
449
12
474
672
687
19
76
138
672
233
474
380
406
781
572
616
98
229
756
752
380
551
747
421
545
311
89
762
600
63
476
529
462
747
792
307
422
415
448
90
412
280
660
256
119
419
694
742
189
758
825
102
461
244
210
590
124
745
829
757
357
172
554
253
716
364
357
327
431
607
13
768
35
276
635
621
611
379
601
322
664
205
191
61
708
212
815
470
374
425
691
253
67
148
730
363
517
721
510
768
659
716
92
660
384
258
547
715
414
680
408
552
469
158
677
765
475
617
493
608
386
293
822
199
790
217
813
19
384
595
102
240
271
578
684
140
52
588
1
54
92
672
345
612
154
428
663
820
81
230
729
649
663
587
261
21
141
196
214
249
480
187
67
121
784
251
112
539
279
559
753
672
475
599
554
561
175
246
88
411
751
609
309
278
703
570
151
578
648
149
503
701
87
734
420
696
827
41
631
142
158
192
111
535
482
555
375
519
746
492
115
335
249
459
795
337
335
76
485
230
182
649
634
47
107
245
547
362
705
22
92
310
748
576
501
376
660
89
128
774
128
456
694
689
537
426
92
765
591
507
331
144
373
279
777
496
224
755
572
358
376
312
314
746
430
256
649
622
156
269
246
69
177
211
443
502
721
402
71
674
817
810
390
814
598
31
452
616
444
520
622
103
479
569
393
623
27
190
230
4
189
180
415
208
632
192
594
30
328
159
563
489
59
641
256
36
121
632
483
207
82
807
558
806
596
21
439
293
183
214
513
662
715
343
688
307
460
306
707
632
785
546
612
390
232
150
716
135
210
237
640
599
258
830
375
358
647
91
736
298
702
762
725
15
304
353
710
435
349
28
704
427
85
316
788
231
443
67
116
470
470
611
471
164
764
790
789
679
400
210
417
397
219
666
312
533
651
86
771
636
565
385
236
468
721
464
735
164
280
57
757
13
203
210
300
563
420
575
619
516
611
710
489
703
236
164
488
44
461
271
144
110
516
233
637
316
404
444
376
193
429
110
308
601
593
16
787
795
632
421
44
653
697
59
67
4
672
455
671
93
133
476
115
135
126
40
30
732
200
27
457
790
378
416
734
270
7
278
726
691
414
254
635
561
222
575
262
814
407
337
717
41
598
675
14
3
419
720
496
435
715
636
141
263
652
625
309
409
759
632
463
816
304
551
415
585
398
761
189
47
342
379
398
30
111
242
208
390
169
203
660
574
221
594
379
397
570
791
36
791
658
262
44
249
290
108
478
581
339
799
574
604
271
185
101
264
342
607
444
440
210
541
288
250
285
337
755
702
90
157
68
245
759
92
215
299
137
805
134
478
316
176
292
309
143
491
460
66
538
333
410
58
713
168
49
359
805
298
327
93
496
451
183
276
414
121
765
285
388
713
599
176
407
678
701
742
245
506
747
93
395
48
452
380
592
639
719
157
829
106
509
202
315
302
669
767
164
361
406
157
4
494
50
767
252
21
339
437
756
216
164
514
310
772
335
430
622
442
304
783
507
98
599
48
522
42
210
379
432
609
158
629
538
285
10
154
200
459
187
98
549
613
628
564
449
220
116
424
314
181
470
373
349
93
292
444
558
290
223
698
693
818
371
80
528
607
163
391
576
80
559
603
287
453
742
90
439
128
649
801
288
165
514
802
789
518
33
128
810
642
209
702
634
452
284
310
425
254
766
555
423
4
48
650
474
692
197
469
422
279
464
753
792
461
631
431
341
122
801
209
817
655
783
153
661
191
742
543
67
556
72
224
144
378
183
545
382
648
354
459
772
659
724
803
381
560
172
87
539
424
708
491
192
509
250
93
806
819
549
710
466
812
33
211
482
507
20
658
427
375
406
430
772
547
682
208
78
638
446
825
319
238
423
815
780
441
817
448
512
83
815
808
462
157
477
248
422
589
474
396
487
702
675
403
177
2
670
211
578
220
312
351
164
306
433
523
762
31
806
674
791
782
716
90
813
102
668
29
188
4
269
123
657
592
102
34
363
27
702
821
720
579
99
483
716
814
782
748
167
417
664
200
175
332
830
755
455
154
340
236
226
406
283
67
283
662
230
490
249
335
2
441
174
451
480
464
284
789
521
210
95
268
417
515
145
651
92
304
316
784
150
27
23
26
440
759
468
216
316
524
646
676
790
787
782
755
231
217
664
479
490
668
347
703
291
619
51
556
459
830
77
52
228
427
670
638
197
391
194
661
750
553
341
52
726
485
734
255
54
616
258
684
523
323
260
372
263
353
325
391
397
282
188
793
717
640
349
232
175
727
592
258
401
270
328
575
436
73
311
577
431
45
188
300
669
111
315
639
615
774
478
439
126
405
495
663
2
634
695
337
692
136
410
550
664
4
329
698
627
50
468
311
536
170
181
784
597
213
686
777
653
322
345
98
548
411
805
149
651
214
530
613
138
134
568
824
220
506
139
748
479
779
112
289
431
623
135
58
802
515
464
166
22
182
572
805
451
595
379
219
762
231
57
343
780
217
218
375
627
395
356
56
156
439
49
69
67
815
614
68
463
676
443
12
404
78
112
488
425
778
405
291
673
590
191
413
238
278
714
234
367
502
98
351
729
15
491
262
118
614
717
88
488
177
336
260
709
684
655
482
230
702
229
769
552
133
129
89
231
37
618
441
303
454
470
531
601
747
210
805
500
290
241
157
398
550
259
271
197
59
92
803
462
2
721
299
126
449
98
706
347
39
6
634
776
349
416
62
442
259
517
63
755
534
675
33
324
222
721
553
769
742
736
40
644
769
755
302
23
515
308
468
641
94
675
743
410
822
287
828
122
646
36
197
438
186
620
618
446
484
310
92
679
232
706
52
653
64
380
598
395
317
273
523
815
141
634
53
649
77
827
409
667
692
144
133
798
279
655
21
56
253
695
630
279
729
22
301
243
725
63
367
516
238
57
319
12
654
472
268
17
213
194
192
133
330
503
663
483
128
369
692
464
134
137
202
655
692
451
50
305
701
314
107
18
214
734
402
232
821
484
219
648
348
389
272
446
225
217
767
675
753
466
826
14
195
233
140
364
448
186
53
151
291
729
697
241
66
604
813
572
282
109
197
382
170
143
413
472
415
458
84
800
749
100
550
303
122
251
276
8
285
352
91
327
223
412
753
748
225
628
545
188
483
248
518
135
500
486
49
445
350
178
673
507
12
259
370
355
93
755
410
494
14
32
42
183
563
572
159
260
142
372
206
98
425
12
711
191
653
616
598
271
310
518
645
561
690
684
518
618
278
86
249
190
199
214
337
392
261
507
619
111
671
257
104
715
275
308
105
670
607
70
223
746
673
274
426
340
365
46
369
679
254
794
336
630
600
362
549
525
463
620
645
109
647
463
604
636
247
101
251
203
684
110
723
31
208
30
426
48
179
202
301
183
648
745
591
317
758
607
273
491
434
583
829
114
254
144
278
502
560
30
350
773
43
612
767
66
358
731
180
552
624
299
150
269
682
164
569
333
757
628
204
333
165
622
602
549
195
482
361
704
732
333
753
553
165
4
641
692
230
258
541
178
744
269
231
594
115
329
500
769
623
825
468
702
632
803
697
333
717
299
300
124
665
703
622
586
559
558
293
187
71
398
382
420
752
506
204
127
606
817
736
300
663
192
443
627
259
583
650
385
180
168
87
527
364
717
141
415
74
718
74
564
451
92
180
204
472
33
757
371
432
478
65
551
202
258
194
217
222
255
693
154
89
781
356
490
298
80
617
600
382
485
577
718
372
47
717
306
826
419
713
149
707
252
79
388
683
245
763
476
680
638
452
588
339
154
751
59
499
588
540
668
387
204
183
575
592
512
793
418
260
330
407
547
706
111
260
382
739
363
751
496
207
522
683
252
684
690
2
57
806
206
235
181
270
422
288
759
595
548
489
60
649
249
62
204
361
113
667
75
462
202
469
326
214
747
382
5
819
433
234
160
317
687
521
573
599
817
129
375
734
182
425
302
219
527
184
684
208
819
328
426
164
810
190
545
474
67
593
158
77
79
129
405
651
192
676
417
633
421
641
155
474
212
275
585
175
637
657
497
697
770
825
708
224
630
297
150
207
599
266
591
707
221
286
747
248
756
271
455
682
747
199
197
748
375
560
276
579
294
82
814
29
67
90
492
228
537
543
10
351
220
144
141
77
96
186
756
461
482
654
23
148
174
435
75
51
770
265
559
720
33
746
12
447
652
325
821
819
19
468
355
700
397
172
549
469
536
774
299
152
189
706
740
65
474
58
124
529
290
292
730
529
322
318
166
613
216
296
290
481
788
406
676
606
589
420
698
57
657
662
474
194
58
290
710
9
489
1
664
487
277
277
279
753
182
677
328
607
473
578
571
517
503
361
733
100
306
122
598
547
217
518
687
192
686
758
671
352
491
635
86
98
696
430
587
266
613
38
607
202
786
39
216
60
92
187
828
697
193
371
331
210
205
146
612
723
499
734
66
705
83
92
531
439
194
346
302
462
714
354
572
521
615
54
169
505
278
366
217
520
488
50
256
762
3
823
755
246
559
532
177
533
577
316
750
422
238
42
586
550
337
808
718
691
617
574
520
641
165
797
92
807
141
229
584
417
86
810
598
627
310
490
216
415
133
651
446
784
304
102
197
716
617
396
124
350
339
695
708
11
136
146
127
590
731
498
827
637
1
292
170
298
269
420
362
138
471
567
277
378
39
165
117
208
22
760
538
771
105
381
815
99
333
414
321
830
806
4
37
681
665
391
604
3
141
20
224
79
503
800
699
695
542
15
168
238
74
145
179
588
75
187
329
757
599
399
508
282
391
360
64
197
365
342
165
584
499
537
747
524
687
309
761
680
762
375
685
112
631
49
79
234
476
308
95
257
525
58
565
769
522
283
187
611
382
738
446
734
520
236
478
92
302
43
679
830
266
827
788
117
616
311
31
273
343
322
478
637
54
642
348
650
794
516
674
420
490
744
361
67
214
46
404
420
521
200
82
796
211
808
296
420
490
216
722
396
804
245
51
501
196
412
448
15
744
629
451
642
518
201
786
813
583
354
667
3
782
329
768
143
441
514
198
613
614
38
780
236
686
360
407
163
819
267
101
465
567
465
458
508
358
554
427
577
250
501
749
185
578
713
194
310
454
250
112
376
640
699
31
285
552
679
300
382
133
69
434
177
610
519
235
248
456
241
419
413
222
43
98
191
333
559
82
259
150
175
667
48
174
581
316
458
442
245
97
658
129
642
697
520
233
120
205
33
605
303
571
143
261
825
546
194
239
745
28
629
712
578
658
681
48
274
478
174
709
615
138
240
822
566
671
317
651
551
213
362
641
596
533
78
612
315
672
78
267
664
142
362
748
652
597
418
66
678
394
280
544
305
431
514
78
634
320
356
425
326
224
763
50
77
336
123
91
319
2
238
202
757
318
599
130
789
184
153
521
668
555
187
718
355
96
676
328
699
795
380
33
597
678
495
344
401
765
661
281
589
595
713
452
653
339
242
722
225
613
43
74
337
621
443
479
462
617
431
439
497
338
823
248
166
637
306
585
90
263
714
796
428
373
745
758
355
8
478
555
498
137
354
81
112
801
613
805
184
208
335
627
188
369
320
511
828
793
786
227
437
589
483
665
627
242
375
778
470
293
405
767
376
806
524
244
41
700
716
241
233
783
540
727
316
327
771
725
241
91
721
760
593
139
379
441
2
347
202
647
385
435
688
317
128
589
7
559
172
540
704
16
361
122
539
796
738
819
147
303
265
607
342
250
259
358
618
236
668
779
477
446
756
260
341
254
225
534
534
601
634
172
177
275
623
101
188
609
739
280
242
433
764
607
104
442
302
498
120
435
225
764
635
672
129
413
492
716
54
547
7
6
118
510
300
432
237
747
449
611
561
92
324
734
527
664
822
566
647
294
375
492
555
826
212
356
372
724
715
623
143
418
729
756
783
48
154
139
201
223
85
728
461
66
275
17
151
167
28
244
109
553
585
782
552
336
458
743
244
800
676
622
276
213
451
62
35
4
163
12
816
314
740
470
518
304
601
133
279
812
822
166
578
34
708
825
280
264
475
124
125
765
597
138
777
414
82
564
302
396
34
708
5
684
498
807
127
281
525
41
8
394
417
750
160
805
423
102
23
733
617
43
248
428
765
590
509
627
271
140
483
745
292
696
337
286
783
429
217
765
700
784
485
783
288
505
51
53
355
552
139
123
317
777
768
329
678
317
669
30
413
679
393
17
109
314
635
562
348
19
235
302
465
487
735
200
603
470
227
811
632
329
193
470
418
35
311
716
187
273
358
216
330
19
620
272
111
158
83
527
373
611
56
607
87
500
149
409
501
163
332
114
303
731
133
359
223
659
106
343
820
48
175
745
11
622
505
282
357
781
36
653
142
724
290
638
732
213
679
141
700
105
572
706
458
824
155
424
386
387
638
421
358
598
573
483
269
490
122
617
558
192
274
742
524
595
364
305
597
132
326
363
212
714
531
574
212
721
233
703
279
174
797
104
286
717
530
736
223
309
656
145
92
542
695
521
799
405
54
212
548
370
292
488
237
13
415
354
152
788
391
521
766
48
522
620
472
620
608
459
469
691
821
220
421
192
528
492
608
226
600
271
442
436
815
730
318
495
354
386
300
312
52
602
133
764
540
530
189
542
448
119
277
681
378
461
279
573
369
21
109
129
223
329
815
114
535
376
749
486
330
128
316
759
463
260
381
34
27
36
797
445
294
23
93
259
425
472
790
413
540
783
109
146
763
183
447
717
56
230
274
813
242
557
399
333
221
401
312
486
485
633
488
692
650
487
634
437
674
575
643
433
336
185
109
294
559
811
381
16
219
42
472
649
394
438
731
132
63
620
11
681
577
194
715
251
194
158
473
609
590
198
560
78
317
597
722
807
763
209
495
408
378
723
380
187
110
162
459
390
609
469
402
219
751
820
290
236
486
177
26
124
52
786
385
196
552
60
292
110
54
682
698
359
337
240
242
814
579
113
324
233
50
429
70
235
215
230
290
149
828
135
3
124
793
349
594
708
649
494
378
217
208
778
449
618
203
779
672
39
47
476
605
133
482
259
311
336
269
818
697
218
755
648
1
348
450
8
104
520
212
612
607
748
652
520
633
182
87
332
662
357
705
583
141
175
454
775
339
740
618
109
36
585
779
816
245
317
826
126
154
32
489
407
132
596
589
592
312
553
749
548
126
178
176
116
452
80
175
603
772
755
371
558
331
292
714
759
299
742
163
91
82
765
344
405
210
456
804
134
542
339
684
7
503
773
406
342
421
188
708
55
109
389
140
464
292
324
213
643
137
72
191
42
281
355
767
57
49
399
661
542
792
820
151
491
718
249
799
809
345
465
448
228
26
824
142
629
567
152
20
540
339
54
689
814
404
678
226
722
356
332
534
147
57
246
824
277
623
710
228
132
731
233
357
646
459
135
99
91
286
397
121
471
669
782
271
91
528
753
425
647
105
251
512
308
47
729
427
416
565
522
40
783
481
553
326
460
32
608
650
31
23
302
74
635
57
773
437
610
553
427
358
17
615
267
779
58
72
393
452
178
90
23
495
175
569
176
79
590
614
74
454
615
422
419
8
99
623
821
473
794
344
752
152
405
470
549
813
573
129
763
491
176
277
632
220
421
286
210
549
91
28
32
283
619
438
794
620
284
181
670
206
124
691
763
394
294
535
724
791
132
217
38
300
808
147
259
330
414
287
480
119
636
132
782
336
489
823
781
113
646
428
812
401
432
588
527
497
673
713
562
123
210
626
515
829
50
685
821
20
481
757
34
326
21
40
234
550
356
517
212
48
232
372
676
514
339
753
173
465
630
688
506
768
164
664
404
681
451
209
191
550
580
475
622
373
339
373
631
677
354
823
768
624
65
807
272
712
405
627
575
503
290
515
211
224
257
492
559
433
429
144
619
55
247
676
191
327
552
448
436
370
134
759
697
155
749
530
23
36
197
615
450
470
190
295
228
98
199
703
715
558
748
260
47
643
723
439
158
192
139
792
462
436
783
598
16
321
67
369
362
11
212
475
542
583
784
16
400
140
732
512
294
297
762
142
310
549
200
665
617
725
285
262
554
547
15
260
386
100
788
224
321
205
26
72
344
727
486
408
391
163
33
32
465
245
149
617
362
108
350
628
464
798
178
734
591
467
320
18
203
732
286
131
344
77
405
270
705
89
322
701
727
665
503
238
289
775
745
215
794
423
90
207
52
732
738
208
455
171
533
575
80
780
502
805
727
819
47
525
362
64
264
690
49
410
51
465
142
362
196
740
567
615
685
449
75
37
716
302
158
19
612
261
612
85
411
282
653
219
353
543
270
81
153
765
671
52
574
6
101
276
726
688
157
417
405
707
565
700
143
633
537
303
41
363
212
680
310
722
669
84
281
458
590
64
164
624
153
140
403
722
79
4
746
107
495
808
629
362
313
511
205
489
763
630
22
170
506
686
719
715
320
498
254
548
13
156
323
110
355
774
243
126
641
546
537
92
439
37
492
775
192
179
129
535
766
300
523
316
162
546
483
551
364
60
512
593
676
82
743
50
48
271
62
778
782
465
209
804
89
635
473
82
418
738
185
267
711
225
733
176
559
785
499
365
758
175
66
508
359
776
345
602
756
124
51
700
729
614
315
505
706
31
142
808
247
75
342
264
732
243
692
88
785
211
677
559
608
314
334
113
785
826
417
13
747
277
403
760
31
305
25
716
32
453
612
26
526
341
3
225
142
49
728
366
168
777
431
439
509
745
805
250
299
355
241
494
478
357
239
566
152
96
435
86
516
496
778
216
63
744
615
60
754
616
501
78
309
163
406
49
665
767
371
633
582
9
218
15
83
805
615
325
533
231
26
427
79
689
654
192
287
375
95
255
605
489
296
627
27
408
210
98
829
65
176
737
541
196
750
582
584
372
579
737
626
412
38
49
333
779
156
28
25
332
104
599
771
43
703
777
730
89
187
286
45
752
107
420
723
177
624
521
485
765
480
620
716
561
381
241
100
449
149
365
3
78
56
273
239
224
656
209
402
781
78
532
827
146
108
534
363
822
755
540
722
501
6
586
312
808
507
425
651
98
552
116
524
319
683
724
699
421
493
474
387
658
719
371
748
250
359
325
40
541
698
137
63
287
452
713
108
113
783
312
331
292
827
346
622
104
429
615
738
746
563
363
82
366
569
498
190
229
552
661
602
106
573
659
195
243
401
525
330
300
408
642
116
253
470
236
793
821
142
794
214
822
317
117
351
489
670
322
776
231
338
112
271
309
758
236
760
9
194
85
6
568
476
225
708
657
549
652
78
67
505
394
436
133
328
588
178
782
334
694
245
647
780
679
234
814
460
665
304
266
38
134
472
628
686
239
656
364
24
152
727
216
80
428
662
528
730
381
604
490
35
571
392
816
543
556
10
464
315
731
432
724
227
641
253
633
171
228
755
820
697
469
822
598
53
463
282
9
318
202
526
127
793
741
212
69
477
708
658
262
821
97
95
220
660
79
48
334
449
172
411
597
174
556
125
183
736
548
54
580
145
688
462
166
308
36
100
683
463
674
680
42
226
428
250
511
462
331
381
84
732
591
474
829
398
741
209
370
27
281
456
511
748
56
339
53
95
817
580
199
60
126
291
720
492
598
36
131
664
529
665
484
228
115
192
117
490
26
372
690
335
252
402
577
816
642
727
801
821
290
276
502
78
389
195
95
250
502
496
720
454
691
244
291
424
231
169
192
81
464
699
696
85
358
138
90
82
266
197
173
157
3
349
245
586
298
657
596
474
298
49
369
652
244
606
732
461
234
228
654
799
121
723
191
352
581
103
775
628
327
774
521
489
365
135
578
661
277
87
448
412
668
69
314
453
134
625
795
391
500
9
741
51
39
340
60
733
449
413
435
738
589
319
95
525
505
302
728
214
508
173
66
799
746
324
605
229
655
688
505
323
193
711
660
658
487
577
177
79
642
434
56
826
375
739
716
478
183
621
571
470
775
8
822
359
330
320
704
613
628
559
127
207
9
163
158
72
588
453
350
512
60
184
632
500
758
32
407
516
20
368
157
87
208
463
762
537
288
454
358
744
746
128
523
200
346
792
199
1
752
33
752
486
150
764
318
573
771
606
41
286
658
812
406
246
527
798
219
12
120
660
432
52
412
84
504
804
37
472
403
807
562
204
89
73
740
437
480
288
642
393
453
547
672
151
769
36
189
51
379
296
717
221
405
492
693
436
169
262
397
339
246
13
674
89
694
756
634
824
271
63
260
696
74
748
11
236
735
658
743
137
636
275
188
139
110
786
18
736
611
38
487
394
231
48
12
769
591
233
108
324
791
111
822
154
513
550
127
243
197
490
707
796
41
423
203
231
643
203
611
504
403
52
621
488
84
802
191
253
425
76
257
522
227
561
374
535
553
769
517
302
473
197
819
598
245
557
469
175
227
287
259
737
663
277
233
248
577
671
524
527
761
825
66
189
401
504
616
73
275
538
631
817
516
481
287
21
105
54
280
102
796
524
466
101
38
668
252
813
177
300
747
243
504
555
516
117
792
352
540
112
362
422
22
503
436
767
91
441
415
168
63
143
686
39
750
680
505
314
548
229
213
174
493
446
136
189
266
672
495
664
729
442
496
152
718
707
432
96
24
403
715
499
416
573
472
139
249
289
692
356
488
145
427
800
177
725
307
775
55
383
71
33
123
623
68
706
485
308
181
605
442
182
458
483
535
785
53
603
816
195
268
112
403
566
519
140
392
564
305
476
794
572
56
511
298
477
469
660
745
13
422
304
363
387
813
273
612
739
661
675
611
235
809
321
623
551
765
18
521
665
348
697
80
395
687
528
413
780
542
640
57
191
45
693
720
297
435
416
446
750
517
411
204
312
794
656
522
131
167
271
474
535
421
380
384
592
306
490
379
739
295
475
685
749
775
113
535
478
8
45
382
550
612
325
824
567
382
122
200
379
824
535
144
789
754
247
87
222
324
797
394
249
104
825
634
690
379
546
18
89
287
91
77
194
696
317
175
487
711
823
6
637
26
55
106
391
46
2
739
431
163
435
762
527
142
34
272
167
102
273
451
691
786
213
750
152
172
1
643
675
445
829
670
11
400
542
158
519
793
99
110
284
96
73
289
819
809
140
554
779
768
627
375
716
348
691
322
830
352
583
448
457
14
592
111
137
324
304
87
681
497
56
86
512
822
760
346
353
104
350
364
483
499
745
687
234
41
761
670
118
113
829
544
219
3
385
496
75
828
232
541
25
466
118
148
25
154
501
73
815
359
809
396
650
797
754
631
218
213
288
149
816
103
66
705
192
727
291
720
644
53
826
565
625
635
518
228
664
251
135
750
698
116
42
180
256
415
349
707
43
139
737
711
113
707
721
581
660
256
224
228
422
545
194
551
727
570
826
376
309
284
323
619
229
794
457
722
294
367
290
237
340
89
310
43
55
61
707
580
432
159
595
258
582
102
401
685
765
189
218
254
354
412
327
549
3
187
174
360
553
191
810
719
292
341
147
628
161
29
748
641
386
635
740
260
515
80
332
680
305
615
746
446
628
762
423
438
269
547
109
509
570
542
555
571
45
775
768
97
631
41
719
81
464
255
66
814
613
474
552
804
451
149
204
545
55
429
533
87
617
375
341
287
348
169
533
478
678
337
339
564
126
186
684
491
584
800
129
599
297
49
787
348
432
393
8
800
178
425
142
553
510
396
496
450
276
101
411
750
634
413
63
253
498
286
606
85
367
751
422
87
376
84
141
171
48
354
166
7
782
277
651
498
806
212
334
818
425
157
85
662
548
274
718
28
533
373
775
438
422
691
597
457
756
699
339
320
654
267
54
804
317
609
259
378
14
488
61
176
458
539
10
708
5
124
654
326
545
6
430
732
776
559
196
21
677
496
210
102
395
483
524
429
668
20
537
221
203
426
265
722
5
129
291
30
820
687
226
772
471
827
462
365
354
742
56
481
613
234
78
612
154
659
268
353
724
566
628
274
375
387
496
346
514
456
336
646
677
552
458
32
248
323
42
602
323
226
533
284
523
202
738
694
796
79
263
56
797
826
390
138
393
369
476
425
194
187
456
92
296
416
24
709
737
502
394
613
483
264
825
233
786
183
202
685
561
58
307
259
686
558
138
740
550
626
775
117
572
233
256
361
326
282
686
702
340
448
20
648
427
399
402
443
263
476
661
178
119
422
654
446
236
32
459
448
258
536
16
712
93
533
604
183
585
106
432
158
384
617
576
169
734
297
227
240
547
166
125
698
368
24
797
264
123
773
138
14
221
142
583
192
567
171
354
221
716
465
762
22
550
585
457
369
459
45
423
499
239
667
432
793
242
227
143
679
96
282
71
737
202
572
449
757
385
221
652
259
542
544
669
402
381
707
616
43
587
470
707
127
812
170
510
687
361
541
267
39
762
737
124
237
673
250
550
422
527
70
499
405
805
110
384
444
756
205
617
60
628
243
796
446
484
797
119
5
258
328
688
181
454
250
104
196
203
247
772
472
581
516
817
784
534
349
788
785
590
585
248
543
316
714
528
89
233
509
309
819
244
190
9
46
54
781
128
32
6
589
552
779
795
346
417
514
672
157
247
577
176
396
517
701
391
249
342
134
709
566
225
735
468
675
441
164
430
319
492
784
595
698
202
153
538
208
138
62
69
158
706
469
150
280
457
311
381
14
689
758
642
118
690
644
187
802
469
415
282
397
337
679
472
429
505
807
104
697
544
792
462
226
32
471
253
204
587
121
292
295
580
405
740
181
1
12
55
349
815
538
112
142
558
98
576
289
596
795
394
259
711
134
631
203
805
405
318
241
303
227
686
150
757
610
508
106
800
380
214
374
780
615
69
450
521
714
131
321
634
688
419
758
494
95
245
473
147
448
429
343
186
103
193
127
180
7
663
800
620
455
360
337
780
723
217
200
134
194
753
242
395
384
814
523
179
368
59
265
591
406
542
648
158
746
559
608
498
316
803
378
265
618
153
721
599
38
506
443
625
121
339
453
41
603
281
677
207
482
450
40
604
219
332
581
79
613
538
405
400
649
767
553
204
736
312
176
69
226
290
507
791
521
384
109
132
94
705
827
405
359
191
623
221
468
61
304
385
399
328
245
64
815
640
10
104
598
210
266
675
35
675
830
779
22
566
63
754
379
420
366
112
825
183
474
519
284
811
211
225
75
261
637
196
515
232
122
706
232
126
612
815
803
828
626
367
90
97
207
698
744
486
69
382
644
339
322
469
241
690
210
176
693
433
114
508
52
323
681
196
459
140
760
741
53
156
362
446
750
351
371
287
157
19
821
239
711
145
12
140
738
482
248
627
122
550
449
291
118
296
314
41
685
719
5
124
587
504
517
768
581
455
306
671
394
507
459
463
472
571
662
69
538
53
422
748
468
634
414
252
737
212
707
489
65
752
601
129
7
316
345
125
724
372
550
792
370
390
549
556
165
691
770
783
495
121
570
43
470
799
37
332
212
19
151
502
179
827
807
316
489
740
8
126
510
478
772
239
680
171
497
359
445
742
412
347
32
775
517
278
540
176
636
115
432
429
162
70
380
783
223
598
612
25
26
646
702
678
801
674
548
190
254
821
403
95
801
720
722
190
205
79
93
276
6
268
622
624
604
119
359
300
519
59
726
492
361
41
556
475
711
827
420
545
821
196
728
89
795
415
24
296
313
533
637
562
308
636
199
722
163
677
86
638
23
590
637
38
116
296
630
48
809
405
429
301
437
217
130
180
335
720
17
189
161
493
138
288
565
757
660
814
802
490
639
72
808
780
664
147
814
294
229
224
398
760
225
647
440
104
172
177
687
161
411
597
666
602
557
792
699
444
217
389
789
303
305
548
535
207
176
372
552
569
370
560
506
54
731
60
9
120
150
475
298
142
141
826
461
706
451
755
75
146
663
569
238
605
768
487
77
545
505
800
508
475
739
747
579
624
69
320
605
614
453
313
223
369
457
437
776
163
132
470
152
383
439
711
268
649
611
443
70
447
654
739
170
2
529
727
66
508
599
682
12
502
816
597
580
170
102
5
73
464
385
70
489
825
586
755
343
593
663
221
332
763
47
128
608
605
638
29
627
48
796
694
728
125
46
746
521
584
711
568
287
733
327
453
604
170
600
58
340
128
180
497
567
479
626
223
819
807
743
657
219
499
154
805
78
386
249
148
330
188
394
200
431
387
454
448
215
591
766
529
829
677
737
305
267
803
763
739
823
146
491
413
622
357
621
85
364
242
659
208
763
659
599
476
197
260
298
3
754
323
750
454
198
100
715
333
603
380
800
638
562
253
341
607
44
620
704
510
780
299
170
26
238
309
820
638
218
220
458
580
364
442
640
215
685
271
75
201
289
822
711
88
36
827
181
436
596
791
335
261
31
455
360
648
639
763
24
466
347
711
104
677
140
500
759
460
410
593
304
153
824
4
698
391
190
31
149
484
497
51
47
716
37
611
342
153
233
122
115
144
105
816
561
565
640
498
830
64
373
190
733
653
411
48
157
532
682
335
376
189
53
338
747
475
818
571
18
370
357
558
791
617
650
100
228
305
320
97
779
174
668
573
694
617
435
6
106
373
595
63
322
8
811
453
414
229
215
485
458
762
38
119
49
366
184
796
196
55
306
380
636
821
437
233
547
390
285
37
58
427
190
54
41
114
773
529
364
808
452
324
112
121
393
529
473
788
127
362
136
652
177
39
21
483
168
280
1
235
515
26
39
278
107
33
620
401
90
451
741
122
601
2
292
465
122
769
766
592
360
728
7
776
558
150
707
17
762
466
299
136
388
567
334
269
464
628
241
659
814
178
610
177
702
575
491
455
548
432
77
289
83
390
758
689
374
260
180
38
659
46
446
338
154
686
243
744
534
309
226
684
210
30
254
572
355
496
759
644
716
353
821
329
346
524
636
214
126
407
71
265
8
803
344
175
37
418
577
137
365
54
104
66
785
632
647
231
181
708
39
574
652
379
252
226
317
227
279
384
92
360
407
693
337
450
171
480
326
225
789
504
245
758
564
744
765
21
557
829
36
571
371
709
264
616
827
448
260
336
150
273
109
796
572
718
14
166
308
517
318
585
725
416
392
823
628
30
775
830
358
271
228
687
749
164
137
88
138
641
578
795
254
180
451
254
222
826
604
478
184
460
407
701
221
106
198
576
13
764
314
577
687
51
514
604
501
533
488
602
627
773
245
148
595
454
444
82
241
268
528
571
63
717
486
522
574
737
322
322
734
548
624
689
538
609
104
385
540
428
178
799
141
529
325
375
492
214
595
152
828
590
335
601
518
457
518
447
471
756
795
257
735
349
45
812
720
483
710
419
444
824
656
328
718
188
145
136
72
51
137
347
387
784
698
769
60
316
619
46
696
602
385
287
23
191
513
475
503
649
247
75
815
531
186
490
186
540
210
284
535
569
698
781
436
155
797
75
130
320
717
407
651
181
289
675
234
26
675
748
319
695
368
202
293
116
444
355
148
380
594
46
203
68
135
714
315
74
137
390
593
347
140
814
127
626
472
392
163
297
500
515
316
341
764
391
192
239
101
205
117
314
88
539
175
304
515
617
122
824
72
236
662
17
591
570
266
346
294
131
473
576
584
552
388
489
706
19
618
396
526
180
313
811
787
31
408
817
463
418
586
573
145
680
581
693
92
6
775
361
593
266
335
697
122
333
101
100
54
148
830
128
743
420
639
711
420
588
330
482
200
24
608
336
660
192
290
804
589
102
670
145
786
348
122
359
687
358
271
763
714
30
385
774
327
158
811
501
228
378
375
664
428
54
623
322
475
807
87
644
198
485
794
494
731
30
557
593
286
472
534
306
705
580
44
164
411
126
319
623
164
715
278
412
648
6
361
397
111
725
68
489
145
524
351
198
618
92
38
332
825
798
337
49
605
435
113
262
668
675
172
557
771
306
64
738
295
5
613
522
87
303
243
645
439
578
394
144
281
793
268
368
175
504
152
268
576
495
29
728
622
82
740
223
367
790
475
674
437
720
299
29
391
161
274
643
117
683
254
73
397
533
791
386
429
743
737
736
181
700
139
491
6
707
518
439
334
34
338
597
59
160
498
538
772
728
15
598
415
420
495
440
26
89
490
381
122
470
139
706
494
158
49
393
228
660
159
243
55
267
291
272
131
451
49
386
81
386
368
23
775
353
709
338
683
379
236
660
351
411
95
726
606
396
264
596
23
444
35
158
376
398
719
208
79
608
507
815
20
770
219
31
549
715
29
814
402
408
122
584
197
546
88
2
539
608
154
384
314
221
713
19
612
708
734
346
694
660
442
17
501
68
650
517
679
727
547
228
325
109
418
153
260
645
264
279
343
586
288
738
697
95
567
426
517
269
343
622
7
142
596
558
790
402
379
713
391
559
213
723
303
362
418
252
198
705
300
589
58
179
405
717
140
812
536
76
138
220
154
655
814
810
649
672
221
417
266
583
535
738
547
818
286
442
281
170
492
443
325
339
394
244
433
316
184
525
725
43
657
409
536
617
825
187
673
188
282
239
687
508
383
363
546
716
764
12
519
392
23
576
518
17
640
131
684
348
58
830
585
630
329
101
215
749
150
165
108
747
450
547
564
58
544
649
718
603
747
824
748
607
155
312
182
195
685
337
515
256
312
617
167
117
462
481
706
821
255
682
794
386
453
391
784
47
217
293
69
777
27
302
212
346
107
20
715
618
199
474
518
29
754
422
121
147
749
576
303
138
371
194
729
484
321
685
639
612
608
694
556
150
782
803
20
575
378
127
211
645
330
161
681
667
641
375
806
716
296
238
222
258
231
180
665
271
322
38
397
426
709
807
62
50
414
682
377
3
141
31
554
323
596
87
499
510
559
699
430
816
561
773
24
614
382
12
154
257
439
786
22
284
105
808
209
539
645
688
539
233
285
441
368
206
166
418
423
552
692
799
264
679
784
633
27
189
818
441
152
271
766
580
238
123
324
709
160
757
47
15
330
224
730
131
459
534
462
646
589
774
401
28
736
183
727
61
367
715
810
203
7
407
330
330
264
75
579
641
154
186
772
483
122
601
674
625
618
795
29
690
575
215
688
559
387
754
334
782
117
4
59
673
477
510
336
523
100
775
498
572
553
684
233
110
267
636
255
513
196
308
613
20
808
589
559
34
749
50
748
756
276
556
393
295
316
727
287
565
531
381
384
541
70
9
710
454
562
708
510
747
668
301
377
310
519
612
586
673
563
387
553
33
489
774
633
694
259
409
684
710
309
639
239
753
39
350
737
136
692
319
647
588
554
240
394
31
381
348
231
757
497
421
400
188
813
422
383
573
773
568
747
3
309
432
811
530
89
74
639
570
348
614
75
165
47
690
212
605
34
246
762
634
204
665
224
689
549
328
416
365
647
271
90
676
316
611
306
507
121
3
499
499
478
588
258
357
472
191
456
719
243
328
503
105
414
542
95
124
503
456
378
204
664
42
480
181
233
227
169
380
44
199
290
474
479
228
629
402
202
74
225
243
416
502
400
590
263
458
541
536
822
78
105
630
540
597
355
763
377
637
160
80
78
559
760
21
15
48
605
373
616
485
595
804
315
402
244
173
86
655
383
228
631
32
362
381
619
301
547
778
494
425
717
384
818
228
267
701
33
146
224
248
332
600
738
155
115
318
84
609
527
243
766
440
455
668
746
98
466
296
459
112
316
724
407
95
490
90
804
108
26
115
417
767
754
322
515
427
542
177
684
320
144
422
248
637
201
760
750
666
514
773
581
604
666
83
723
176
789
234
588
670
273
179
179
181
121
675
728
69
591
330
140
588
395
303
241
120
144
412
493
637
99
235
93
14
719
185
662
268
255
96
91
571
91
617
637
250
524
518
477
677
96
85
475
830
606
86
354
124
41
137
621
40
63
539
600
171
790
132
248
339
215
775
513
135
250
268
27
507
562
424
45
473
227
738
72
501
425
518
435
581
122
510
147
358
286
443
65
604
695
159
509
106
228
657
332
134
60
295
759
586
264
37
641
9
397
324
76
371
352
29
56
274
551
719
116
176
794
745
93
379
444
236
814
743
77
786
461
171
242
410
92
313
97
315
625
508
283
654
360
765
475
95
465
266
312
57
209
829
345
511
824
262
101
818
335
642
467
356
527
474
520
431
196
264
48
118
803
461
299
227
779
529
671
642
698
625
168
522
152
194
775
145
234
236
512
111
345
119
160
689
291
3
391
715
22
8
165
343
240
750
153
650
143
610
85
699
386
285
20
270
283
287
154
12
140
293
710
678
242
199
664
802
666
206
22
763
187
20
402
7
351
133
170
57
33
45
235
666
510
465
439
523
241
33
548
332
138
560
747
553
498
457
285
594
164
657
828
111
251
577
82
677
612
186
82
54
323
104
649
320
693
206
486
634
752
299
244
607
629
109
637
371
634
745
213
14
26
231
822
535
193
223
775
657
118
419
174
96
259
402
753
208
604
222
390
25
544
286
431
25
146
291
661
143
805
640
466
471
507
223
592
45
542
419
343
151
1
369
495
453
571
456
762
413
316
634
62
286
207
419
600
128
430
699
553
37
189
118
566
766
190
581
15
457
797
679
305
691
808
176
79
234
593
95
647
498
399
555
351
720
560
263
396
474
69
257
224
410
225
795
165
735
604
282
251
173
228
791
320
388
294
723
272
347
490
776
269
491
804
428
627
687
544
315
784
538
463
437
789
620
28
421
3
103
183
765
443
527
18
271
1
546
1
97
411
764
728
600
225
648
414
66
330
229
161
336
780
126
519
567
556
751
643
676
785
653
187
263
373
502
54
169
755
188
283
694
650
440
798
264
820
476
347
801
550
7
620
316
194
469
474
803
210
698
238
335
334
545
459
700
80
760
419
731
207
595
642
751
804
221
191
610
2
274
222
45
446
232
707
83
484
296
60
209
115
284
164
219
301
780
624
547
495
757
757
242
97
527
419
88
697
67
66
497
47
160
423
167
514
159
324
715
829
256
62
684
766
471
78
26
775
408
453
829
134
210
111
112
57
652
336
196
381
725
344
87
428
809
31
313
11
60
350
573
224
817
710
337
189
201
570
566
405
717
727
682
70
152
327
743
646
226
457
233
543
462
231
553
785
335
305
685
101
517
207
588
449
607
649
328
789
136
824
7
12
557
234
658
238
249
662
536
383
635
598
736
615
363
586
795
175
572
703
561
423
210
316
509
630
58
202
411
776
481
166
743
650
543
229
176
545
402
487
304
721
383
621
46
666
768
48
573
54
468
660
797
8
629
824
455
568
354
427
772
553
644
737
346
250
429
446
801
242
150
826
441
273
462
360
587
249
71
258
757
208
181
519
496
468
365
308
807
276
245
257
119
228
182
645
291
249
546
250
384
766
640
748
243
274
424
333
46
609
33
618
807
618
581
564
465
755
276
376
77
26
743
55
721
60
641
785
766
584
386
515
203
57
383
476
435
468
415
16
649
367
418
495
28
231
78
373
808
652
72
250
483
13
420
614
145
720
404
495
776
560
334
787
792
357
35
657
730
84
160
20
508
482
202
377
739
758
708
807
792
191
2
276
48
232
29
366
597
532
820
431
119
186
464
423
595
41
730
243
561
807
75
303
740
50
310
196
294
472
825
709
705
271
669
120
131
563
265
717
505
339
616
188
244
47
48
143
484
350
580
670
66
236
732
568
135
391
28
368
1
127
494
758
317
784
236
8
575
613
314
239
89
663
616
681
447
219
743
603
627
676
186
748
30
502
611
199
417
621
757
662
520
628
76
674
694
705
763
273
11
547
300
251
669
613
244
705
9
358
574
492
93
29
704
569
710
337
263
164
264
729
134
312
559
336
553
704
463
213
729
696
404
444
284
699
260
783
252
667
372
658
180
75
704
502
229
248
495
385
829
523
69
111
340
359
12
814
419
492
524
289
779
427
365
630
334
226
789
453
397
354
739
129
11
10
619
22
342
186
96
647
339
48
757
566
186
122
639
667
206
307
606
484
356
235
591
659
489
697
173
695
590
411
481
322
687
302
368
312
413
665
282
250
107
780
44
461
632
76
160
485
565
426
58
605
271
726
42
283
318
556
58
752
405
214
193
603
143
340
411
284
610
187
213
621
131
653
113
116
372
576
641
239
272
377
347
737
587
670
824
693
216
213
514
175
664
602
605
562
290
748
267
367
194
454
626
79
743
266
489
628
97
70
89
536
815
517
717
15
353
672
283
602
804
782
760
39
480
140
681
2
183
437
395
720
358
478
632
471
690
721
12
721
601
472
118
137
219
413
30
348
292
436
764
131
501
172
87
137
539
200
266
224
189
343
828
746
22
695
334
492
398
358
815
806
640
590
353
244
168
431
469
789
59
148
38
53
819
70
385
218
657
363
718
721
12
539
361
342
163
762
346
344
364
698
68
604
368
606
156
722
511
366
461
294
87
387
511
94
667
660
257
42
362
816
340
254
520
122
295
680
336
436
483
763
825
322
639
653
209
379
174
606
74
254
500
239
370
407
59
224
139
192
361
429
66
620
599
761
580
559
713
693
245
333
419
361
723
609
693
241
802
113
63
597
350
160
481
482
359
549
258
439
677
458
731
777
595
25
186
366
515
328
105
494
542
495
256
309
456
385
79
734
366
13
287
344
35
224
682
18
536
54
126
134
231
802
28
562
192
125
265
727
661
524
33
381
331
714
43
707
439
482
270
706
625
188
796
35
55
478
68
413
438
699
71
411
404
154
559
741
45
424
770
432
41
184
410
99
480
248
445
203
597
823
3
49
18
43
4
164
422
521
653
505
583
650
267
264
822
698
412
299
262
286
343
123
99
357
449
700
422
756
290
72
33
431
487
363
559
208
262
798
291
352
407
593
374
573
775
714
519
382
640
760
604
530
36
93
12
516
229
51
350
593
703
494
366
534
743
799
556
422
165
774
145
642
525
813
172
358
456
58
776
560
189
393
793
619
22
396
815
342
120
577
210
700
206
318
236
698
127
268
629
182
429
601
546
398
398
802
621
65
644
15
644
653
606
565
646
618
653
84
352
151
83
613
403
235
122
103
527
602
517
490
317
71
802
733
497
817
456
68
323
303
524
389
237
548
719
767
475
783
751
104
158
116
377
273
819
495
49
578
151
580
451
313
439
596
99
705
262
47
327
458
422
74
421
525
358
538
759
268
504
827
66
291
483
584
367
280
36
107
577
568
85
577
245
350
534
388
516
521
65
73
663
285
550
533
797
355
111
690
250
790
708
18
141
380
54
593
285
110
748
474
227
477
246
707
702
693
809
507
245
443
251
566
714
810
39
626
127
150
599
420
818
584
15
308
754
809
58
126
719
695
145
633
179
287
293
798
10
726
762
162
332
211
374
223
392
479
628
527
822
437
744
502
764
700
474
441
50
715
670
72
9
257
629
546
666
171
764
603
420
648
523
552
787
70
168
748
645
100
404
380
55
791
275
162
520
170
360
411
349
220
352
347
483
351
828
282
677
151
623
752
683
124
144
438
545
275
808
37
3
404
815
745
739
138
468
821
688
740
170
12
29
499
295
778
644
5
359
726
320
157
626
67
351
224
554
313
528
439
541
794
147
66
822
336
150
788
30
535
636
72
762
297
230
205
13
703
4
48
793
575
800
25
655
614
216
695
420
395
246
575
167
678
812
309
178
350
151
129
83
258
17
759
294
305
807
147
8
532
124
197
178
441
155
480
220
663
275
391
245
807
612
615
322
83
429
547
767
4
631
67
441
776
135
409
379
518
480
93
312
647
231
626
100
16
34
119
313
41
342
414
507
199
566
648
754
371
652
406
764
562
719
230
151
692
72
43
780
709
182
525
191
743
178
700
654
283
436
348
79
372
604
405
499
826
148
268
714
403
700
204
450
827
250
379
680
17
111
346
502
464
410
405
420
354
138
83
203
352
761
84
557
4
421
416
271
131
738
555
70
461
225
290
125
807
575
773
638
396
486
127
363
424
693
535
370
564
552
294
184
222
46
799
76
238
531
244
617
294
11
49
435
688
16
152
461
289
97
105
464
348
92
447
656
297
364
595
812
367
176
719
310
750
58
23
791
324
420
338
558
63
105
701
713
597
819
671
676
398
778
489
331
749
478
442
526
62
327
280
644
387
138
464
306
578
394
690
181
636
524
226
675
274
662
97
602
92
716
795
6
43
274
207
384
330
476
53
592
466
572
499
527
354
617
495
464
128
818
620
184
188
462
536
126
278
177
349
806
474
327
206
654
192
205
627
541
52
616
488
177
113
216
434
139
302
755
514
506
465
362
35
574
796
442
240
102
808
38
379
650
672
685
754
776
390
114
829
776
351
365
144
624
414
718
27
441
529
480
94
97
13
468
579
165
823
486
309
773
513
62
162
195
337
269
217
325
564
249
295
799
328
445
450
609
121
135
626
81
300
242
732
590
356
148
267
456
389
138
704
21
205
356
785
260
593
523
278
767
684
11
583
435
412
756
255
469
140
196
621
199
339
124
109
366
82
140
96
31
688
281
356
476
143
236
186
247
665
143
159
48
350
523
297
760
439
200
746
63
184
631
257
144
509
358
229
788
595
323
701
243
312
567
799
802
243
428
647
4
736
160
68
391
757
511
446
289
239
713
67
723
62
192
287
547
273
97
542
416
704
676
257
452
277
452
6
729
278
526
681
705
530
529
180
477
391
614
122
214
550
263
442
226
652
726
2
379
733
719
750
476
669
737
827
333
807
711
294
466
811
604
198
769
195
750
759
260
739
222
781
493
464
42
789
712
821
18
23
656
290
131
415
531
349
209
295
323
40
204
456
538
48
742
537
789
532
571
449
608
55
710
551
158
17
139
535
578
320
510
297
576
476
269
614
390
393
666
394
480
453
33
781
353
558
501
397
217
35
110
58
37
583
788
320
791
293
711
804
201
726
545
247
254
595
242
729
289
756
50
246
756
223
31
121
66
676
717
722
783
719
616
759
672
322
243
460
776
322
40
492
334
689
99
741
78
701
537
828
150
105
84
515
676
555
105
678
763
666
551
339
765
100
334
483
50
51
301
93
717
345
86
681
304
686
447
420
719
178
509
197
28
162
763
587
620
721
465
488
377
10
4
159
728
552
186
345
79
146
373
324
328
556
561
524
94
506
189
324
311
316
319
303
335
794
485
545
133
162
479
84
410
159
367
606
492
733
821
701
44
271
706
687
362
155
619
644
234
107
396
242
649
235
72
175
773
19
162
702
776
18
604
824
809
207
678
243
1
543
562
111
221
21
749
265
523
104
632
407
587
807
181
563
423
329
298
65
148
307
410
23
557
196
379
401
224
293
1
158
516
339
180
446
697
440
574
565
602
492
223
605
489
695
709
146
756
142
491
248
596
149
425
547
731
809
8
455
255
4
419
522
566
712
278
293
536
137
752
779
820
304
303
310
698
796
240
63
294
562
747
749
154
622
377
745
826
432
242
602
2
313
694
11
384
467
200
626
658
624
525
585
588
533
88
189
532
486
337
142
594
248
556
317
236
568
554
585
256
811
229
370
120
352
493
702
61
644
639
164
639
85
238
584
245
79
141
559
201
713
579
393
74
430
711
405
205
704
195
779
511
370
830
648
318
387
408
480
184
20
633
203
712
372
55
736
541
592
732
562
511
170
381
172
616
680
448
476
702
809
828
149
214
585
272
485
516
97
430
426
442
596
432
708
283
720
709
560
388
290
510
286
170
626
498
75
508
744
435
638
332
230
619
125
746
144
124
244
594
10
303
159
396
521
746
161
557
353
335
233
409
627
434
697
512
76
580
558
803
268
236
238
14
294
647
663
665
12
409
444
74
575
483
759
520
671
637
488
128
607
380
213
415
119
342
363
587
304
807
291
119
68
226
158
31
268
255
746
349
270
593
453
352
440
313
530
590
248
110
800
737
103
774
700
65
60
758
638
719
401
733
571
643
240
55
707
673
795
171
246
781
700
354
140
84
138
552
470
434
270
392
19
620
245
316
674
323
535
475
295
181
605
605
357
778
572
593
806
100
566
82
436
147
686
559
358
108
192
398
665
439
623
19
58
637
123
58
41
789
762
648
714
257
218
3
594
466
303
239
251
304
149
545
654
112
708
64
603
257
740
566
300
489
240
649
537
653
99
463
5
600
689
370
683
667
19
682
801
32
185
431
464
154
193
381
564
248
19
679
507
786
500
158
168
317
1
246
289
581
325
460
741
485
21
493
791
492
57
309
146
790
305
386
419
76
609
170
699
331
197
689
372
677
474
730
34
208
437
61
376
674
103
528
711
802
421
526
666
466
614
371
803
426
255
364
417
659
596
555
515
454
189
18
227
440
715
685
260
208
512
626
443
138
149
721
379
632
610
97
372
396
343
780
589
353
520
703
70
371
457
413
385
520
743
290
815
269
166
184
609
32
2
806
496
218
651
690
397
260
399
600
238
696
727
705
627
700
771
122
43
762
55
407
569
327
599
695
98
551
687
663
242
702
617
590
90
572
795
455
656
629
778
167
714
180
271
464
165
99
483
34
144
95
653
339
671
400
606
469
188
79
771
249
118
745
442
429
66
292
547
447
41
517
356
425
393
800
557
75
665
579
164
225
170
460
612
292
40
510
716
9
528
733
363
561
209
723
723
140
712
204
102
691
231
453
696
769
119
290
827
534
337
231
824
750
398
216
317
647
685
459
728
249
105
301
728
616
549
529
329
494
55
412
407
466
648
618
155
808
12
763
563
123
20
211
476
363
269
282
461
203
546
826
248
576
390
454
424
461
521
543
331
664
174
192
643
204
34
698
798
142
661
534
232
336
474
552
529
256
473
107
259
637
616
15
11
753
390
105
569
570
504
688
670
534
543
568
166
653
311
430
490
438
507
111
522
199
81
707
339
385
388
678
285
190
634
294
682
789
616
625
394
593
547
58
105
47
711
676
729
408
275
153
112
233
659
178
101
650
630
17
645
393
107
800
279
256
593
284
748
141
366
284
4
334
133
488
657
248
644
783
620
490
275
67
789
251
503
313
659
185
297
292
675
749
779
381
538
660
541
58
361
81
290
496
393
705
646
80
154
4
5
397
314
103
366
660
73
190
230
298
204
549
704
328
226
363
319
195
119
70
604
529
631
260
337
152
755
190
646
215
733
41
719
127
209
138
453
458
642
116
589
70
698
168
616
144
713
664
460
253
559
96
452
205
802
370
21
598
745
344
101
551
10
556
808
361
136
615
278
708
10
287
295
28
253
409
432
693
660
77
271
386
428
710
329
265
543
740
595
496
582
202
589
613
384
553
632
682
45
647
818
336
406
423
245
828
703
311
725
541
69
172
420
756
29
639
391
792
162
500
815
151
385
135
811
546
533
647
329
584
36
25
550
429
424
326
409
15
420
104
472
816
203
42
238
388
158
333
685
523
706
771
320
190
527
761
730
544
750
264
503
675
657
427
699
89
466
395
102
437
211
212
570
65
822
249
791
23
183
127
146
324
734
406
344
555
592
518
784
592
87
211
530
238
650
697
628
200
330
243
98
414
618
578
765
682
578
704
246
669
638
60
49
180
182
218
238
29
55
219
502
220
668
338
221
763
114
809
172
813
118
803
629
177
693
227
573
644
145
679
75
384
198
150
17
819
160
16
607
410
532
227
586
302
683
72
264
575
105
324
668
256
250
515
2
41
719
604
465
44
826
302
492
448
584
159
534
580
65
479
642
646
671
359
2
28
174
613
551
11
389
238
222
718
400
40
413
623
46
306
532
72
745
410
287
132
306
496
152
306
750
705
679
37
303
414
51
97
475
378
769
675
532
113
741
360
416
477
335
827
127
812
179
140
305
328
739
351
22
755
596
293
772
638
277
471
316
385
166
256
270
2
108
436
336
586
354
148
547
677
499
804
297
706
484
129
358
402
427
276
697
20
829
819
254
118
290
712
222
314
315
367
750
222
476
800
492
517
604
522
7
19
360
538
6
799
28
328
455
761
450
417
257
723
151
380
692
774
407
764
403
540
306
146
563
241
706
392
51
811
208
789
383
69
703
788
86
808
196
696
99
184
516
189
282
818
415
177
732
199
349
765
132
491
74
201
505
183
149
604
51
234
497
47
319
278
295
29
156
24
573
645
414
789
83
450
330
205
183
544
637
798
770
140
667
716
65
586
780
783
553
326
121
62
141
550
759
511
472
170
590
499
463
311
753
166
351
551
364
326
50
442
610
493
770
314
565
229
699
343
655
726
466
395
46
320
263
604
203
193
503
638
536
40
509
475
750
330
158
454
384
116
128
640
602
13
367
443
294
456
625
3
486
508
665
82
438
787
74
571
285
646
251
196
347
5
56
551
791
31
722
163
533
219
799
819
423
135
775
742
196
219
767
811
793
153
258
175
493
82
68
122
85
252
665
445
438
113
438
565
512
200
653
697
480
413
556
163
268
337
484
497
509
496
71
334
560
623
720
458
546
111
749
511
775
648
525
597
92
92
582
632
379
349
672
572
152
116
491
151
486
732
498
51
810
438
334
736
113
262
823
232
159
549
7
824
659
719
246
627
181
484
794
520
718
399
269
493
785
321
156
79
34
640
680
218
257
74
758
656
218
327
21
87
23
379
512
421
467
677
369
746
451
653
818
128
239
65
77
38
170
33
790
615
765
256
55
508
607
602
200
762
463
568
563
110
197
771
102
808
655
20
151
751
772
597
168
192
143
154
139
193
431
560
260
144
541
251
813
567
546
807
407
626
787
688
802
290
662
100
582
40
138
228
206
720
511
437
678
187
708
290
622
658
71
453
639
137
358
632
230
204
183
641
359
725
44
377
108
711
137
635
618
157
576
368
485
674
596
584
475
566
772
310
829
350
331
342
139
41
714
13
232
698
70
718
656
527
86
558
724
160
810
685
655
544
588
744
238
572
572
140
429
305
95
502
154
65
239
460
68
396
619
617
130
735
818
113
737
718
11
581
311
680
681
576
90
167
639
161
795
399
453
49
699
750
578
498
166
575
378
328
343
214
435
170
446
147
168
665
179
82
683
402
40
451
105
812
68
484
147
570
824
403
357
436
185
650
755
286
728
140
149
165
261
235
709
826
229
389
687
716
342
366
150
693
744
593
21
57
25
11
737
47
523
80
330
613
160
126
810
210
412
16
352
703
563
722
190
757
207
785
761
529
818
297
168
765
193
24
125
210
352
256
177
649
542
59
547
107
59
208
575
256
377
819
750
439
322
704
227
310
629
247
258
207
182
5
346
618
816
34
402
81
379
310
266
81
642
285
592
239
313
113
42
11
110
786
169
9
816
602
231
587
394
308
445
26
398
295
717
633
14
806
244
252
429
342
800
209
459
670
61
764
377
158
801
28
6
523
393
677
443
656
711
100
457
327
185
794
441
192
175
13
130
353
630
141
275
461
586
220
400
556
11
577
96
233
509
366
64
150
81
627
213
237
262
633
674
532
418
73
24
771
784
382
411
28
302
214
101
195
807
822
405
289
339
732
220
533
645
300
433
87
152
153
443
719
474
325
258
145
683
533
92
494
647
655
747
181
584
551
302
122
661
506
253
792
705
363
72
262
650
195
28
475
515
393
765
572
269
749
454
471
183
243
238
191
543
235
286
167
667
80
128
278
387
728
566
504
211
643
382
414
728
358
828
813
427
602
550
781
632
508
340
766
162
321
171
442
619
530
668
385
341
515
764
463
361
322
251
188
589
430
230
35
142
184
639
599
126
807
74
363
60
531
571
52
381
378
672
352
2
584
105
662
63
458
460
765
524
248
639
603
300
548
147
806
733
405
660
1
770
273
228
695
793
119
78
458
427
802
275
603
224
756
335
811
691
205
787
162
536
529
11
478
19
138
158
459
696
711
563
95
352
269
360
435
814
338
9
312
494
663
514
734
556
382
738
372
226
550
463
35
567
768
7
829
746
304
712
470
94
517
614
667
293
260
241
241
119
459
117
413
520
579
468
794
814
207
731
486
469
730
3
447
223
811
625
45
489
776
593
306
357
680
222
97
160
652
311
218
453
471
140
395
413
216
59
729
497
335
387
464
670
74
185
334
519
531
385
556
710
695
538
397
473
733
498
29
435
12
623
14
6
423
355
361
12
138
642
769
493
37
323
186
630
370
125
136
279
370
741
369
126
522
499
254
336
422
438
129
82
630
306
324
630
757
91
465
207
804
4
67
716
438
397
621
28
743
491
769
490
794
475
403
727
387
357
23
319
319
165
180
205
635
468
551
705
235
672
297
31
273
654
306
286
593
140
201
13
500
703
354
166
215
204
549
374
187
545
202
408
86
206
429
317
394
382
116
756
239
707
700
585
401
579
48
289
500
210
759
629
155
362
778
752
479
104
225
695
566
701
30
753
466
812
319
729
476
540
599
506
171
99
545
255
444
45
675
807
540
271
221
735
213
258
139
708
804
253
787
771
722
95
430
727
311
589
451
383
674
606
172
464
548
825
37
77
636
289
818
324
747
632
194
540
150
434
498
254
127
398
525
85
779
61
272
550
191
10
341
73
381
204
178
787
121
305
551
722
430
27
636
232
725
172
556
808
505
550
152
187
238
699
420
661
333
232
756
325
710
235
321
2
647
775
284
358
341
777
445
187
456
821
649
485
262
62
463
501
294
624
321
20
619
551
524
278
297
65
176
439
620
373
251
79
492
128
258
656
265
73
744
76
295
301
153
597
148
543
20
421
422
324
575
545
382
810
594
60
657
783
624
416
668
316
442
190
806
50
140
351
503
220
316
159
659
7
714
252
163
816
559
778
566
93
484
23
555
260
262
269
725
280
228
109
366
811
27
713
39
511
34
6
75
195
466
134
143
228
130
754
121
332
34
168
580
540
769
315
31
229
414
221
823
44
328
780
157
408
254
695
330
724
343
287
620
56
826
296
19
316
151
818
695
642
704
93
609
115
162
719
220
290
94
98
167
365
351
385
815
808
800
653
718
733
210
7
285
109
262
153
677
139
531
448
793
522
234
131
225
458
403
183
763
676
483
498
513
314
466
559
789
705
187
475
353
639
658
144
352
110
35
390
451
466
683
788
100
786
515
514
660
281
566
633
820
445
152
500
153
193
402
778
289
301
458
78
290
433
197
569
711
156
140
245
545
592
584
206
473
218
15
705
654
588
320
399
209
793
657
351
457
444
56
40
119
517
494
547
680
631
202
745
262
75
434
4
288
121
285
474
289
390
482
445
654
90
755
194
816
367
804
156
330
158
690
301
754
463
402
103
462
590
164
791
785
105
416
814
802
596
743
713
640
650
415
789
136
20
666
467
539
342
485
29
254
473
184
346
20
279
136
245
255
595
338
302
225
787
271
763
720
524
183
157
98
824
365
437
309
256
504
501
653
56
71
654
228
291
571
587
473
826
518
350
740
614
682
657
190
723
605
588
183
758
498
726
735
812
730
122
368
626
398
774
370
715
200
547
830
661
681
226
373
55
54
666
2
312
257
695
379
806
576
164
825
656
346
368
85
156
663
785
530
348
709
692
430
46
469
580
168
109
435
363
739
134
672
403
77
61
168
617
134
819
671
634
645
121
60
18
653
16
518
101
809
333
62
357
784
678
310
535
668
612
18
446
393
620
692
262
446
354
627
305
549
397
453
13
317
9
56
454
800
687
496
215
394
686
237
694
494
429
79
442
520
53
474
756
108
254
507
23
250
485
658
518
723
527
150
72
423
725
596
429
178
804
581
664
7
439
743
49
337
733
762
714
276
829
808
249
727
505
185
792
356
307
526
706
464
427
251
454
34
293
474
377
240
598
226
260
829
415
193
547
227
782
661
629
810
324
499
545
571
444
199
487
756
65
442
607
498
708
34
375
635
322
22
413
40
556
41
80
312
500
259
394
302
444
395
225
648
576
275
779
612
584
288
686
97
68
28
592
683
811
47
327
573
609
487
784
272
308
724
304
595
215
347
441
486
747
657
305
351
766
232
812
762
107
704
341
469
721
758
56
188
152
357
743
317
479
565
5
681
139
106
583
662
640
122
138
259
301
822
828
55
404
202
233
630
381
273
809
801
100
628
604
355
409
607
344
547
153
281
542
422
567
360
239
552
196
229
702
633
686
124
400
237
501
39
792
291
465
318
557
822
427
493
118
624
341
352
410
194
132
680
93
821
363
398
682
149
576
791
498
222
276
99
487
493
278
729
564
529
455
388
397
50
152
477
34
460
697
384
737
357
183
79
16
519
507
518
105
769
813
407
607
209
720
161
791
777
460
729
478
748
126
715
333
227
226
74
734
527
480
253
821
511
690
773
559
375
529
715
562
190
460
628
81
419
821
264
685
76
765
236
666
429
505
810
681
154
323
628
827
288
85
499
574
310
274
657
139
779
702
507
398
775
593
38
549
674
258
537
828
257
637
629
320
581
818
532
19
702
112
543
314
206
494
418
774
140
183
750
572
321
275
508
602
722
558
137
405
706
183
420
584
72
373
433
746
652
620
713
165
815
693
586
788
187
806
485
666
218
28
367
142
38
631
695
706
423
415
815
176
133
245
545
7
230
230
648
474
448
754
625
52
686
72
120
200
264
673
512
371
4
56
117
460
380
545
223
498
269
643
431
712
506
716
542
776
230
377
586
225
604
681
197
197
168
257
791
749
239
621
345
806
70
636
595
38
363
121
355
194
787
349
606
490
786
109
125
419
29
693
337
765
525
464
40
662
536
412
618
95
712
425
227
497
524
226
125
574
425
21
624
806
142
111
581
275
204
702
59
631
522
77
615
501
266
341
203
283
801
673
238
762
481
748
166
780
137
193
116
304
148
25
227
11
502
598
42
311
246
376
263
282
110
540
491
134
340
111
279
674
790
337
566
138
197
555
16
329
586
255
31
35
500
139
601
504
455
119
451
343
365
285
227
810
729
702
301
571
351
169
425
285
282
603
300
20
644
589
450
333
274
547
614
320
579
110
148
531
60
706
751
743
339
352
738
10
713
806
134
577
336
514
558
71
639
722
637
552
786
761
315
165
656
316
481
819
128
516
179
416
736
824
355
377
297
780
603
481
149
644
106
234
38
398
648
760
137
325
573
582
9
274
403
447
425
784
465
2
223
607
274
570
249
748
741
8
489
562
101
332
364
720
711
494
216
56
498
256
256
770
659
634
636
569
629
518
541
286
158
755
402
520
496
83
437
79
778
347
736
314
620
782
812
127
119
341
430
768
563
746
46
616
698
511
420
746
775
751
487
778
654
816
241
762
593
249
16
754
258
569
782
426
686
455
488
733
697
125
446
809
123
506
333
729
528
291
807
213
422
116
268
406
815
414
185
731
460
579
660
121
444
518
1
746
109
5
716
568
440
133
775
283
789
118
452
646
181
697
29
763
91
280
686
768
72
495
236
565
775
687
460
723
668
34
705
14
742
491
807
630
293
4
629
792
464
251
81
710
611
320
138
391
64
434
24
609
12
6
656
470
415
788
650
323
32
665
49
117
211
69
577
758
216
293
265
523
325
830
739
438
48
307
92
656
112
712
563
634
694
150
295
619
69
560
478
370
179
280
237
817
519
477
100
376
809
684
535
468
657
780
93
559
608
3
552
309
272
230
13
661
286
425
488
593
505
423
243
420
512
292
815
484
595
630
92
57
691
531
447
244
405
372
686
290
137
581
416
446
55
535
596
125
634
146
466
497
247
270
377
688
585
822
102
294
684
717
485
645
275
62
331
579
144
19
123
681
514
756
821
784
3
504
92
794
626
187
303
87
668
612
18
20
725
538
572
160
731
243
644
632
282
654
454
655
757
234
553
506
194
757
392
193
704
696
250
408
22
821
284
697
173
548
581
772
412
313
81
203
461
266
190
548
567
42
381
607
705
804
385
180
24
508
687
25
65
745
756
13
616
585
462
364
76
90
559
79
289
218
44
164
614
778
695
53
494
749
144
109
293
193
35
661
508
174
104
816
221
408
765
554
822
528
665
323
437
748
389
556
644
423
577
340
578
297
147
231
242
232
264
370
66
664
767
707
533
74
249
755
547
537
180
564
142
797
306
299
483
161
722
171
443
174
278
216
218
259
171
790
827
358
746
579
775
621
798
263
223
217
94
513
790
649
671
233
259
204
431
693
672
61
296
490
709
681
429
795
744
395
502
619
416
409
695
124
764
310
600
278
642
440
14
299
623
157
814
661
61
764
118
715
809
522
296
296
379
139
718
430
208
11
567
329
23
698
244
2
753
454
159
99
468
600
396
588
176
129
813
500
513
486
31
342
811
209
578
687
241
459
155
405
305
682
391
265
495
468
753
492
451
14
27
210
784
618
576
737
87
505
195
74
60
537
439
499
537
462
655
60
776
777
282
188
245
379
263
201
163
72
361
654
466
638
78
186
701
583
761
525
451
497
742
793
700
5
495
544
307
332
627
130
627
305
595
59
54
797
431
357
694
556
591
746
799
660
209
637
779
56
700
741
294
95
368
190
674
232
581
216
378
585
398
305
477
425
649
187
620
270
197
195
70
646
257
665
693
590
762
91
7
386
353
51
593
127
546
246
679
67
326
640
194
652
632
467
303
657
522
739
41
493
180
386
85
44
803
262
104
311
257
391
811
226
472
764
99
316
620
255
611
775
175
199
752
642
180
115
248
791
522
64
321
657
18
682
754
62
342
613
552
638
338
541
125
484
528
493
495
789
173
31
336
339
636
152
676
722
632
38
306
490
132
168
122
4
106
183
443
744
406
97
769
741
373
22
527
664
742
440
134
61
556
585
542
464
137
560
741
536
638
359
194
657
76
184
531
587
701
88
392
9
392
351
829
264
672
383
564
414
132
595
782
481
252
289
88
758
43
573
767
323
392
85
583
285
681
151
480
214
508
488
672
560
301
280
29
442
624
472
829
422
827
357
458
728
144
800
393
324
637
629
626
290
17
148
152
775
482
393
402
610
465
743
32
90
780
310
305
151
538
472
623
607
648
264
791
344
492
99
187
326
540
85
830
549
559
21
379
29
311
647
270
464
133
732
466
539
57
505
10
102
105
428
219
634
488
198
663
698
488
783
239
419
442
806
217
567
313
725
87
244
212
738
610
441
497
12
354
18
338
481
710
27
738
534
621
630
250
285
82
690
531
276
745
150
783
277
439
365
673
717
15
115
664
246
640
736
624
430
80
659
501
603
609
627
588
829
793
432
533
232
787
690
85
654
312
136
574
325
218
184
251
540
7
42
224
97
731
726
536
125
663
113
441
141
773
2
140
277
715
466
308
720
621
432
265
675
695
393
250
382
715
802
43
739
139
438
148
199
382
264
196
324
392
749
148
267
588
658
152
254
341
314
36
59
590
173
523
56
213
258
520
381
638
483
541
474
809
715
143
384
3
13
194
291
806
246
152
674
287
378
396
421
144
309
819
56
783
17
12
292
257
462
519
308
572
367
538
473
198
694
587
380
479
715
662
151
33
58
158
697
303
393
666
367
564
807
368
785
411
401
334
393
359
105
778
656
775
453
777
247
182
202
552
577
545
12
64
727
553
668
124
103
11
508
176
541
628
38
385
621
584
542
387
47
732
540
433
186
95
813
448
654
614
818
601
517
620
391
815
17
551
802
757
273
85
773
736
504
643
713
183
39
519
489
661
788
39
293
508
271
114
378
753
298
233
74
586
479
207
719
416
191
689
476
185
751
500
803
709
750
435
638
99
797
660
425
208
617
324
680
410
52
436
591
687
744
477
224
473
291
5
235
149
291
744
405
214
181
526
230
773
341
670
446
653
438
14
478
62
785
330
248
809
124
662
168
47
127
290
322
437
816
144
293
110
470
777
78
509
327
256
385
201
96
565
606
284
87
238
616
826
16
43
798
424
202
781
401
123
724
340
335
625
38
635
318
815
64
385
830
120
407
134
35
369
652
353
36
458
53
647
306
202
805
296
335
599
804
679
335
681
190
177
195
575
487
479
145
716
334
358
3
353
762
693
596
232
798
282
510
787
238
95
425
579
296
446
816
317
659
195
490
746
364
636
769
259
714
661
265
698
451
504
617
328
175
312
165
687
549
89
615
565
673
763
218
273
182
569
282
225
605
405
739
384
555
203
293
826
659
698
409
295
14
355
762
360
595
437
300
815
262
710
343
643
125
700
159
586
819
503
107
761
169
602
406
267
35
607
303
572
521
155
379
784
302
168
810
306
481
276
699
314
19
61
120
610
381
739
353
246
198
616
223
701
111
332
648
387
634
4
259
244
156
496
600
749
608
404
215
324
565
214
762
518
54
180
252
124
588
515
302
816
724
148
297
346
421
479
621
739
74
316
220
59
191
239
511
42
299
730
449
380
713
106
499
402
698
612
676
379
728
130
486
388
693
74
93
474
625
636
100
12
790
504
167
342
695
638
292
560
251
637
90
498
374
478
769
718
367
407
422
455
191
228
489
596
349
420
598
339
215
294
284
147
687
824
453
811
45
276
768
266
673
786
249
348
573
751
646
444
393
121
328
240
117
26
420
235
302
159
588
649
603
237
738
117
444
813
394
335
770
325
119
71
82
458
79
645
168
526
804
68
169
634
426
446
198
205
377
541
386
2
94
648
803
747
765
652
30
805
637
493
59
704
378
90
347
761
588
328
763
666
175
396
537
682
580
783
355
792
639
35
801
266
551
821
560
571
801
112
192
746
528
131
3
312
206
435
282
145
8
401
200
651
429
453
704
704
543
653
261
306
227
803
717
108
345
313
188
635
761
185
428
582
250
246
808
37
263
552
321
534
511
580
98
535
80
277
459
371
40
49
235
139
694
699
602
821
170
130
762
196
218
231
163
526
474
295
658
780
750
496
344
454
283
430
183
703
134
644
697
306
301
600
16
714
607
332
544
771
387
364
409
453
445
631
47
504
711
705
674
533
705
419
664
279
251
561
686
446
725
56
243
351
177
86
305
774
740
98
725
372
677
171
159
743
740
377
746
84
120
324
606
645
186
101
128
536
360
124
359
24
391
721
363
750
558
499
313
103
148
227
669
102
503
448
785
618
57
343
199
293
340
31
233
241
5
553
722
528
679
428
738
433
705
693
533
558
352
741
251
663
217
404
18
666
823
789
735
680
395
158
241
168
422
271
694
746
412
746
552
353
483
474
168
295
26
492
201
150
612
343
675
663
649
195
361
518
389
264
449
353
572
391
763
719
786
269
418
620
623
797
394
65
97
670
85
482
324
38
217
654
100
253
541
659
258
470
512
781
482
634
538
420
291
260
584
96
336
245
460
824
401
617
533
556
401
667
505
50
229
651
171
511
773
146
441
264
596
190
192
1
487
189
642
81
65
670
814
167
97
275
328
277
102
384
431
221
398
387
560
797
336
810
476
411
702
12
544
543
767
514
811
73
770
28
226
235
723
224
415
250
625
59
155
699
376
19
293
495
215
288
541
692
453
222
697
428
289
291
788
142
102
123
772
544
828
318
5
127
600
34
760
5
734
113
228
518
281
646
620
488
272
153
83
298
95
424
637
258
308
399
5
462
336
726
423
342
167
604
195
398
216
49
147
570
811
224
349
526
613
369
801
270
750
204
707
367
688
153
36
672
109
324
325
699
354
562
496
805
619
590
671
67
479
654
672
660
728
117
106
749
500
155
544
576
583
751
819
505
70
42
815
578
603
681
34
558
684
469
440
374
54
530
607
710
355
325
367
132
40
148
272
175
80
455
510
195
491
353
273
9
534
728
43
445
415
582
318
700
185
528
368
163
448
99
141
783
791
116
651
532
789
826
579
700
492
777
554
2
111
716
642
166
210
442
494
740
429
353
575
254
175
357
740
735
811
202
241
123
142
690
432
729
107
332
684
104
649
777
800
637
72
376
666
478
594
240
82
353
584
55
139
503
587
33
464
197
322
439
536
745
150
483
30
13
592
66
428
678
496
559
810
604
674
284
827
383
390
797
583
521
247
149
525
671
136
389
673
427
394
471
696
156
194
420
391
535
143
687
644
669
251
755
208
540
354
698
702
74
57
809
570
561
146
72
249
522
257
219
346
436
583
287
228
206
371
572
200
630
791
464
631
157
1
464
525
213
193
389
151
371
459
265
301
389
768
466
536
453
247
648
88
608
380
159
52
173
269
116
120
779
612
827
525
455
774
593
815
695
63
415
580
769
130
303
561
423
452
541
163
687
490
709
137
703
766
558
284
803
339
124
75
717
351
3
126
628
693
21
273
411
632
828
377
495
450
794
671
389
306
188
201
705
185
292
104
170
667
519
402
515
387
134
231
36
750
792
642
295
540
300
766
809
396
2
566
661
407
212
405
248
24
793
570
53
276
635
133
258
769
652
297
532
595
693
225
752
150
159
335
428
492
756
826
388
385
684
524
623
754
493
296
807
121
192
403
710
810
610
715
636
55
429
815
422
442
77
491
254
784
738
305
618
405
566
232
203
691
311
500
110
173
636
101
13
792
674
269
26
526
235
328
720
360
431
452
541
439
454
562
452
145
436
405
200
46
344
636
1
193
317
473
800
45
90
768
583
9
43
733
800
19
271
451
286
179
548
711
675
58
755
812
616
157
58
196
264
279
508
401
579
414
585
118
40
43
112
163
392
353
495
794
100
297
219
75
612
117
387
478
398
540
604
565
709
113
414
431
292
533
711
645
346
650
685
2
541
420
466
664
231
431
549
147
823
823
68
544
165
695
780
388
443
614
731
543
712
319
557
279
106
500
136
99
139
724
20
125
472
828
811
257
197
794
602
157
46
510
657
403
196
583
296
654
237
530
577
438
286
744
737
830
656
659
498
770
574
108
171
559
639
815
629
234
185
248
49
122
602
95
787
289
209
307
817
192
680
19
38
758
649
532
296
204
37
167
418
69
543
288
241
686
574
820
422
736
343
811
433
252
697
761
762
9
389
449
510
117
276
544
104
483
686
618
351
284
603
825
97
56
234
60
810
786
589
779
597
596
159
96
726
193
576
811
367
718
116
304
458
693
235
545
601
274
231
158
173
663
126
470
807
643
792
174
129
69
547
738
632
283
338
536
163
782
319
446
436
182
366
771
53
549
203
351
775
477
312
317
33
777
745
309
61
170
399
574
785
762
636
829
679
815
416
806
492
327
452
435
43
495
292
471
687
66
356
95
772
112
680
451
532
821
90
44
625
741
39
587
100
171
505
473
425
761
147
577
309
747
396
594
735
172
587
786
162
417
445
372
230
404
552
401
371
227
681
481
784
803
506
504
167
410
39
726
360
668
191
74
268
716
546
180
161
683
58
722
131
110
220
639
297
429
250
3
122
354
311
596
676
132
817
456
429
325
781
736
522
462
405
428
744
479
321
28
210
100
134
343
758
232
75
604
449
147
640
127
293
111
794
224
554
517
747
179
539
765
512
115
408
635
350
421
569
203
53
382
21
657
662
191
418
23
286
457
581
256
593
344
175
596
476
738
666
693
250
601
436
771
60
748
59
12
259
827
753
339
373
199
698
598
785
504
412
385
645
357
497
379
14
628
429
362
216
749
305
227
155
40
463
576
523
660
585
240
625
8
96
818
732
237
713
668
378
686
631
485
703
125
439
737
410
215
731
98
270
6
594
615
395
58
76
254
803
432
327
513
193
303
558
268
732
405
140
730
786
766
109
730
254
308
59
526
787
23
574
447
631
97
403
404
808
819
793
164
237
308
286
650
253
713
307
302
712
644
816
514
359
586
318
126
199
12
607
501
469
216
118
166
575
583
576
321
393
49
278
418
719
684
790
549
306
779
201
421
238
630
641
28
455
221
423
202
775
616
320
687
184
659
695
713
303
222
578
511
327
813
750
133
415
781
739
525
76
541
227
342
464
652
751
11
603
35
427
688
133
324
38
174
611
349
92
57
414
424
122
178
381
809
297
536
287
814
453
812
383
803
347
654
645
508
746
667
163
149
604
564
416
137
437
730
451
522
351
22
408
336
235
702
495
332
735
765
435
562
344
43
445
36
795
579
643
690
821
396
671
690
256
667
64
42
97
511
518
783
697
140
424
399
519
103
21
695
521
348
35
697
533
96
828
366
657
480
529
294
75
477
301
275
469
494
23
730
296
8
72
500
243
535
495
625
685
41
539
49
591
639
480
729
88
654
685
342
24
143
710
434
260
767
457
622
759
537
483
700
641
441
495
175
625
425
509
378
771
747
390
517
48
188
300
470
465
305
457
564
516
341
377
470
775
453
84
524
548
426
602
821
630
483
177
725
510
725
732
329
503
770
206
769
176
400
627
363
64
120
699
103
198
723
642
54
41
222
586
484
608
701
819
268
554
788
222
322
378
26
143
108
826
277
674
706
336
61
497
156
194
100
258
656
662
196
223
690
270
112
20
672
144
308
423
547
32
95
254
360
421
302
794
103
411
566
220
733
545
100
686
790
170
283
133
427
544
72
655
386
493
748
713
263
419
227
484
675
262
442
503
618
266
509
787
619
543
162
520
26
389
631
195
203
547
185
563
150
775
704
419
91
109
627
297
432
781
16
194
163
636
8
151
59
456
452
795
311
34
614
89
451
414
594
647
206
731
638
473
493
185
415
678
24
689
707
471
488
275
800
340
674
591
267
334
609
517
792
565
51
75
530
295
763
649
385
727
511
496
230
48
344
448
109
303
819
11
347
313
791
495
300
265
75
49
213
546
12
305
439
397
586
360
83
277
13
598
142
177
256
109
505
399
635
781
753
85
13
293
577
708
582
226
42
752
599
127
461
327
652
163
482
130
171
533
289
131
389
733
759
717
634
147
549
655
396
761
654
413
722
362
544
188
338
426
210
687
808
448
586
688
154
559
740
59
237
734
84
205
236
462
647
192
374
487
176
136
794
660
395
188
67
101
823
532
250
134
648
336
464
259
77
483
789
79
407
338
105
429
291
705
582
590
691
814
730
18
769
68
279
222
504
630
291
34
358
659
724
422
812
291
457
682
278
614
155
319
565
284
336
745
459
474
159
174
224
107
438
505
185
614
392
73
389
231
97
290
335
291
610
40
275
256
728
338
457
460
562
117
698
410
640
225
465
720
747
569
697
42
490
70
127
735
669
547
511
414
51
55
528
109
768
421
167
669
428
597
709
131
304
273
42
674
371
222
607
724
1
588
719
195
529
275
241
275
295
262
108
530
4
602
182
647
768
740
122
785
30
358
147
404
11
692
661
306
326
448
88
489
526
232
443
735
9
597
417
219
684
643
101
535
397
647
637
144
633
685
2
608
709
524
772
652
188
441
47
541
482
136
133
169
229
429
433
122
204
122
354
770
279
681
693
548
32
218
370
558
106
33
770
648
388
389
122
715
570
257
211
177
222
41
470
175
64
587
386
223
271
182
334
466
341
277
465
785
686
471
404
502
732
462
255
591
187
702
74
598
419
636
308
307
539
2
635
111
171
661
437
534
395
502
102
675
206
191
45
239
20
131
121
506
568
100
662
719
197
761
700
467
67
75
272
399
824
209
258
816
712
737
822
193
397
82
384
102
792
556
279
211
705
302
79
478
702
109
238
335
426
762
518
358
117
261
587
353
392
123
327
487
509
359
484
115
331
55
655
366
156
774
404
469
175
792
353
107
453
360
412
743
94
495
626
208
175
460
785
752
780
706
461
746
99
362
74
80
759
666
524
816
531
531
815
219
821
688
443
63
210
819
229
565
222
225
107
736
49
328
675
297
300
131
540
480
116
30
409
554
501
200
438
181
654
229
800
531
244
431
708
522
124
88
261
659
633
432
641
160
138
642
606
36
702
727
715
774
758
740
147
235
709
90
624
341
421
184
122
503
215
310
829
318
511
227
672
777
530
253
232
355
209
64
820
145
430
743
228
296
403
564
213
1
333
770
722
117
326
638
398
637
583
829
81
48
774
661
524
676
517
18
156
64
695
608
519
283
812
428
637
226
342
97
665
113
636
507
7
275
443
67
749
212
266
425
201
166
763
529
394
434
313
4
97
753
495
490
782
765
726
69
214
139
351
513
731
75
346
468
678
278
349
80
93
140
428
593
458
468
461
166
467
87
108
149
249
774
815
8
405
666
725
540
408
269
140
359
66
192
78
194
664
183
92
639
720
198
282
785
171
156
140
790
67
194
714
35
675
385
193
17
746
715
717
773
641
758
730
167
602
130
245
184
434
790
691
501
485
202
103
180
446
576
752
456
613
184
259
746
46
149
718
593
54
452
729
516
269
412
98
622
633
775
18
787
795
643
718
128
115
125
601
637
427
694
626
409
735
74
52
518
357
187
221
424
633
664
272
536
416
25
475
645
788
194
645
401
218
553
241
471
671
133
508
700
376
414
575
110
733
737
95
213
363
464
225
632
558
175
583
275
22
271
640
39
3
232
168
145
798
258
275
790
431
433
725
21
474
165
780
497
157
430
463
452
587
448
25
798
699
725
725
135
737
344
658
522
321
259
297
632
646
613
714
77
390
601
387
24
698
139
733
533
282
773
229
67
75
605
385
373
664
95
630
544
594
36
151
566
397
607
451
713
723
136
163
387
725
293
806
373
551
148
194
84
223
468
334
164
794
731
50
343
255
137
711
42
299
215
771
611
592
502
745
676
548
732
636
416
490
809
161
125
593
490
4
329
560
337
527
748
243
247
644
798
822
664
612
756
247
575
623
132
141
33
598
198
368
357
725
732
304
713
71
597
695
310
2
654
31
345
804
562
765
324
230
622
109
333
817
109
92
712
434
469
610
829
4
70
710
178
187
578
13
326
784
293
768
539
40
127
99
696
25
128
52
99
700
553
513
83
351
146
470
406
215
803
731
166
50
173
479
418
215
256
625
704
699
628
794
487
547
279
429
347
714
626
736
108
212
68
730
403
638
373
642
790
22
685
153
559
546
306
689
116
524
245
167
643
522
374
171
346
583
295
579
708
745
210
145
702
131
316
338
83
272
294
131
124
519
346
82
286
526
768
458
519
428
685
579
271
378
338
548
235
604
678
125
42
747
52
370
688
797
628
553
169
195
124
406
567
297
171
282
246
297
813
583
563
533
91
310
457
549
276
418
720
517
18
570
44
327
432
468
464
656
281
247
531
428
721
248
755
70
554
675
319
809
657
53
169
731
41
3
226
500
153
538
116
304
173
320
125
259
808
486
109
263
50
77
365
566
731
159
771
824
470
637
808
339
512
664
818
221
207
428
693
308
186
602
118
203
51
299
252
70
61
287
778
289
142
185
155
37
180
177
384
809
178
96
778
203
511
156
301
106
656
123
549
721
204
101
9
74
605
765
249
36
711
184
234
419
305
759
681
299
406
23
186
332
573
451
166
449
181
336
418
506
673
813
693
727
452
63
228
766
717
148
768
33
695
656
262
363
734
570
263
446
99
454
224
215
382
150
296
721
828
264
389
313
684
299
153
229
587
611
489
467
608
234
666
698
654
590
289
741
623
605
334
446
393
189
164
753
398
729
355
296
362
592
134
780
422
586
100
713
233
743
732
174
540
109
380
708
777
767
707
750
218
526
80
247
360
691
166
593
713
407
146
216
21
633
65
623
747
816
757
488
368
138
421
829
379
590
503
564
576
595
135
97
602
442
436
425
41
613
619
552
318
387
580
469
594
181
751
333
333
236
697
134
731
349
29
492
73
825
799
169
760
306
156
447
552
242
382
28
218
158
111
441
121
786
143
546
290
461
745
732
813
736
147
100
183
263
424
811
95
589
22
655
244
262
379
174
66
643
356
825
115
723
717
109
225
443
201
785
593
490
428
74
417
118
749
273
710
527
368
822
403
248
469
118
164
750
384
788
200
192
42
773
715
743
546
654
543
612
704
215
625
32
818
356
338
829
213
761
346
553
581
709
122
509
242
563
748
452
366
598
456
450
656
503
235
214
454
315
313
545
451
564
681
189
651
24
419
253
42
797
116
82
32
265
583
175
820
148
651
59
63
673
542
606
442
319
510
230
512
451
387
423
590
244
454
677
792
193
527
125
430
280
774
798
291
582
741
26
514
387
454
659
48
176
113
816
304
374
44
792
764
412
96
42
394
101
569
793
74
512
347
553
823
461
142
722
764
646
243
456
252
118
204
575
209
540
772
615
603
678
595
550
217
3
745
183
257
56
211
688
669
17
496
356
517
478
678
659
11
674
532
395
449
817
260
796
231
565
414
512
519
17
434
407
746
176
665
340
175
539
621
613
249
641
223
145
184
681
638
412
479
26
716
372
232
529
713
275
794
391
783
722
257
153
113
553
630
262
221
457
382
61
101
213
561
585
455
16
548
817
716
305
378
799
83
260
254
28
766
298
691
769
415
583
36
5
658
760
141
18
567
303
249
220
128
346
611
557
240
723
469
829
813
173
503
28
613
455
589
695
405
362
416
733
696
400
479
481
61
231
288
203
632
13
309
130
765
499
166
109
324
475
175
694
38
696
144
564
131
575
210
362
259
545
512
385
418
389
369
827
826
816
772
294
472
609
251
697
575
284
86
771
237
740
110
435
319
393
448
638
796
606
536
270
130
418
138
286
436
384
19
185
305
81
701
750
579
70
157
563
15
493
775
536
6
130
634
457
628
814
57
726
453
645
104
248
88
180
648
736
556
76
36
710
789
233
778
808
211
789
76
353
266
551
599
394
782
358
545
650
545
422
286
189
672
73
561
145
24
654
69
616
811
225
19
38
578
774
369
660
42
703
612
113
110
762
342
703
527
546
328
728
712
42
207
212
62
742
486
148
701
646
733
593
575
710
278
18
555
204
206
445
67
208
660
821
262
711
184
827
173
49
487
190
528
438
414
200
550
733
120
784
530
577
501
473
710
207
235
42
266
397
779
825
153
132
335
773
170
230
235
748
638
626
701
355
437
321
612
126
42
116
486
409
569
516
547
298
422
657
579
210
548
763
351
153
514
173
719
8
349
319
826
186
233
618
196
762
55
154
438
63
145
143
549
201
626
53
825
600
302
728
140
391
612
751
390
142
127
810
303
294
350
620
735
328
674
518
620
684
624
640
356
237
760
220
380
35
716
369
96
323
684
771
722
684
300
787
389
464
139
447
598
454
15
122
574
190
554
339
77
92
144
409
280
84
363
188
21
578
785
821
563
688
722
117
384
38
285
518
367
416
675
659
205
326
598
231
457
576
432
167
26
487
278
601
542
239
626
725
49
389
520
149
376
487
592
315
289
48
637
298
586
295
217
134
575
43
239
774
10
428
683
772
580
662
660
410
387
462
686
314
743
375
286
117
100
774
264
791
333
265
725
52
574
344
526
695
606
284
329
684
360
484
371
572
572
41
139
224
324
316
688
494
5
532
161
182
247
274
213
763
566
458
286
114
823
671
354
248
161
286
162
448
396
637
786
708
617
50
443
672
640
5
614
764
347
500
653
127
130
388
447
239
16
102
168
727
800
415
146
555
404
336
377
572
206
339
762
1
411
244
763
586
812
80
539
104
395
271
381
30
466
352
613
512
788
151
122
132
771
488
489
517
63
204
767
608
365
737
709
324
353
96
450
523
635
698
443
119
349
656
818
492
211
351
324
286
550
771
719
541
363
749
488
383
7
505
633
381
746
671
201
43
806
792
415
253
762
108
357
140
719
106
438
204
771
691
216
725
80
426
152
400
433
637
553
422
105
288
243
656
267
486
485
314
533
453
364
577
609
124
679
273
111
176
197
572
735
255
414
264
498
574
800
685
119
759
496
664
629
235
577
783
515
220
789
536
729
680
731
536
47
377
377
699
540
401
662
390
795
125
385
424
157
184
551
252
491
180
685
660
34
400
447
431
285
648
63
67
522
248
797
804
827
263
389
501
712
469
429
6
183
44
409
409
595
229
701
304
260
79
199
752
695
629
395
58
96
654
816
783
195
333
305
788
96
25
551
187
533
65
71
529
646
313
667
769
221
236
805
425
393
479
410
270
581
823
280
75
707
134
633
759
159
162
694
774
344
800
131
799
594
78
612
531
341
100
824
822
273
624
738
223
664
206
474
113
382
675
348
531
598
684
726
300
775
162
551
11
142
348
83
57
218
760
311
413
78
394
342
146
504
321
256
259
638
323
455
430
575
317
556
683
293
825
36
722
263
327
768
117
663
466
634
410
744
136
815
248
129
349
315
441
268
141
124
766
131
98
440
757
108
83
20
601
214
112
187
319
74
746
789
336
256
473
113
748
526
321
547
743
589
50
274
186
765
714
791
244
545
819
225
544
378
619
151
825
48
307
85
390
440
221
684
696
109
493
521
132
293
297
24
93
148
526
316
464
350
759
636
611
775
648
70
711
590
349
443
647
475
204
577
587
263
753
223
521
776
513
414
762
530
40
32
281
180
760
443
95
638
444
49
179
452
815
276
443
211
227
285
768
34
366
571
520
346
810
370
690
441
81
770
439
725
779
768
196
693
94
339
165
798
375
477
737
95
287
507
669
302
405
221
203
265
50
697
708
213
554
631
273
749
156
15
37
716
714
529
6
265
689
68
104
148
38
372
540
577
315
459
592
476
487
636
612
522
306
494
562
807
108
703
425
751
776
315
144
600
147
571
93
204
1
698
526
195
155
321
294
497
217
578
529
378
443
210
202
6
622
305
163
688
786
142
627
574
720
759
225
812
288
177
58
236
120
674
240
105
671
24
670
523
262
775
341
166
668
111
191
578
30
667
287
240
696
565
605
82
598
66
9
709
757
190
549
474
651
376
284
23
540
246
553
463
762
321
511
81
204
96
46
433
55
26
282
598
210
119
533
592
483
811
722
814
702
200
135
774
740
107
33
128
323
454
686
185
586
136
28
783
75
31
451
180
634
227
258
384
777
269
664
221
29
181
533
829
487
571
341
206
725
343
784
686
35
655
166
487
108
215
190
338
140
701
744
348
485
702
824
25
697
711
396
737
827
395
290
433
766
98
124
388
279
400
42
717
31
636
535
477
373
441
262
177
379
804
108
777
501
323
629
211
799
635
383
11
513
181
802
696
757
459
602
180
145
496
752
652
636
801
697
515
310
703
435
293
744
658
54
82
318
127
75
540
175
164
805
327
229
150
590
199
44
8
2
75
821
100
741
124
553
688
619
176
68
154
190
715
320
756
369
550
508
216
469
355
509
583
464
201
64
506
741
164
671
674
797
17
478
679
89
353
23
7
770
202
538
745
166
461
172
179
243
15
276
163
692
465
701
403
687
517
490
367
461
585
639
730
269
121
111
501
533
231
324
410
257
580
524
105
569
787
509
76
230
98
499
337
281
529
726
743
617
469
752
264
88
5
592
405
508
206
191
809
469
664
117
293
672
693
89
636
132
131
761
538
144
442
29
822
425
432
67
98
82
710
15
706
650
310
763
811
781
491
88
633
195
791
436
496
557
497
559
752
736
260
101
435
285
800
747
467
597
599
328
169
611
46
416
623
678
238
748
472
225
389
732
452
474
332
452
216
274
684
156
446
228
378
584
475
562
354
415
570
744
472
211
73
752
652
96
756
536
352
525
23
321
822
120
652
683
321
593
121
544
283
119
734
441
68
503
197
560
701
604
515
425
171
257
496
779
16
277
495
134
94
327
25
485
381
827
660
533
407
219
278
440
556
60
20
445
8
499
625
690
377
262
795
749
439
811
182
171
508
684
340
88
84
47
98
94
448
429
262
47
240
808
552
825
346
462
475
25
593
512
509
687
469
271
230
826
352
278
732
266
444
331
422
495
447
433
793
712
322
607
544
229
81
696
236
320
535
399
201
189
177
163
808
505
508
238
673
86
191
262
54
615
224
683
497
813
309
684
560
808
717
408
105
236
510
369
550
159
750
810
457
629
34
514
321
486
654
386
758
542
216
212
486
32
50
203
632
305
814
631
664
336
576
612
422
314
382
401
676
757
547
286
720
75
255
729
174
651
337
608
269
258
463
57
576
463
234
374
209
423
110
560
747
458
672
530
5
139
174
77
83
405
45
524
232
317
453
616
379
471
14
62
597
110
336
52
677
371
391
769
523
365
153
92
160
350
797
530
167
54
349
544
523
335
654
10
550
807
273
381
25
816
817
638
154
543
212
99
77
44
785
389
385
384
768
88
748
104
539
735
743
135
649
744
441
743
224
594
363
456
716
521
101
419
267
641
312
179
592
736
725
535
455
769
292
310
321
229
134
26
30
5
617
456
502
221
660
120
590
681
477
425
45
4
491
501
436
504
61
263
211
293
460
417
744
254
772
336
374
749
116
568
292
472
90
460
28
102
276
497
15
679
801
77
640
84
312
24
150
289
29
71
320
782
570
239
140
51
373
399
522
511
440
143
618
433
474
118
207
184
341
235
250
607
656
112
192
273
348
447
194
402
646
370
182
33
245
84
103
517
761
85
104
337
415
720
500
683
798
97
6
314
374
174
793
401
185
581
162
51
479
490
113
191
72
545
62
675
93
490
545
538
498
657
546
48
51
676
522
814
337
607
653
273
29
140
21
300
682
332
617
689
733
785
387
611
152
345
546
183
329
431
228
820
269
618
228
269
182
614
25
138
139
264
787
535
796
438
609
410
526
369
84
595
733
467
389
527
787
617
613
410
655
344
559
27
105
598
279
269
24
474
391
437
422
189
370
301
417
283
572
622
90
594
545
94
128
716
508
219
118
688
773
460
87
554
92
354
790
285
222
32
417
96
287
435
651
247
117
786
375
553
671
726
82
189
345
502
29
290
320
236
657
578
443
705
158
624
436
504
177
135
595
338
742
291
788
456
503
497
797
36
70
490
347
753
635
342
136
335
256
806
627
529
143
4
420
439
689
814
510
587
745
456
797
794
196
171
569
624
677
498
144
416
308
586
292
661
299
790
710
183
343
617
57
183
202
575
315
132
379
54
394
484
184
558
326
499
210
438
314
95
135
533
373
363
93
231
225
438
14
670
683
416
324
88
514
820
650
749
685
578
189
237
482
531
51
244
196
706
291
776
326
296
144
452
137
649
639
438
571
696
130
499
692
233
589
297
119
107
586
346
422
410
300
703
720
305
73
312
151
631
251
693
530
137
704
164
223
175
230
790
256
183
809
829
616
241
795
782
790
660
743
457
71
796
37
15
711
90
359
248
774
723
471
717
104
525
293
589
228
51
125
195
747
247
751
186
39
810
677
633
439
410
790
448
5
494
787
394
444
755
247
396
16
13
393
274
67
600
166
199
810
94
546
690
214
172
355
360
119
260
173
133
314
23
708
65
317
579
454
423
369
123
596
774
330
254
55
755
318
805
385
69
587
518
475
609
441
179
234
771
517
66
786
653
363
123
763
205
372
272
695
218
216
660
103
443
639
223
601
829
158
637
460
162
168
120
608
718
646
189
87
426
171
185
546
174
798
376
32
204
505
426
665
237
284
85
663
356
755
726
336
348
71
424
563
683
171
456
445
696
537
606
757
603
58
156
465
790
64
482
802
444
796
16
226
272
243
798
533
518
719
25
668
124
192
590
228
605
378
572
445
34
158
220
456
107
76
505
825
767
210
752
139
14
78
301
744
609
684
698
622
20
722
49
563
332
619
371
274
323
165
370
112
18
779
570
656
587
223
389
469
488
260
272
44
233
472
554
633
42
128
92
383
435
25
38
202
251
136
183
164
11
763
562
634
18
743
440
315
133
609
646
697
288
479
426
579
538
671
416
389
673
314
154
381
134
361
653
423
524
604
165
109
303
407
469
197
22
270
195
711
299
691
652
141
321
788
30
482
768
742
250
761
817
489
53
101
726
393
652
454
220
446
42
309
278
296
714
801
784
812
322
621
406
383
591
723
603
730
120
226
193
685
39
485
194
87
391
287
803
169
306
637
355
713
803
499
281
694
27
65
600
533
830
265
282
188
498
369
59
569
678
717
499
503
273
101
31
782
744
337
693
384
271
615
109
369
396
157
509
292
744
250
143
31
233
236
481
284
440
486
682
465
310
58
460
16
604
150
738
343
793
400
729
764
283
606
290
678
280
703
717
390
654
219
448
104
85
292
115
127
470
406
748
314
289
204
727
437
181
85
576
278
228
16
201
25
197
372
410
533
637
107
118
595
376
213
182
490
388
185
146
591
477
219
715
774
643
344
581
608
597
8
46
110
508
330
777
263
236
408
319
454
459
599
164
757
750
121
670
300
526
738
78
33
30
406
15
389
151
25
375
398
396
720
443
463
483
48
264
27
411
568
659
363
56
475
576
404
63
821
786
645
356
115
830
22
507
254
294
773
537
657
769
600
766
69
533
171
328
504
124
634
93
800
128
112
197
453
441
674
535
434
316
449
566
147
584
48
197
715
121
681
231
698
529
47
438
571
24
411
16
297
54
826
712
203
760
30
225
113
378
171
483
506
119
508
665
808
587
64
38
205
478
104
349
749
93
279
27
436
253
817
598
697
435
149
628
400
635
110
331
466
606
829
264
517
355
376
217
155
425
408
574
448
139
108
791
310
623
20
174
569
482
129
236
516
584
708
381
77
733
30
809
329
364
22
744
748
685
666
618
726
457
768
522
495
688
186
205
275
735
107
296
156
621
80
493
117
534
678
358
126
139
153
502
531
721
824
396
172
219
729
134
757
796
57
671
190
808
615
531
788
397
496
583
14
637
496
537
395
372
416
188
220
340
722
255
364
203
32
814
203
461
381
740
12
546
332
539
167
626
596
698
267
741
587
664
648
653
427
657
31
517
153
231
718
708
364
220
46
290
97
410
821
766
170
226
9
265
314
134
204
420
278
619
63
594
285
56
571
628
577
376
477
764
146
520
571
216
759
328
564
337
494
564
215
674
155
59
769
779
731
455
80
409
57
515
51
404
115
168
286
540
655
125
226
253
400
826
490
165
262
478
19
822
354
17
621
385
81
280
493
300
205
804
109
819
784
300
124
76
754
526
38
816
209
92
25
186
520
499
408
609
563
659
748
222
641
581
570
677
385
422
336
17
821
337
725
2
291
78
62
497
5
491
344
803
485
801
309
664
258
122
123
579
780
263
220
756
476
192
149
257
456
398
155
395
276
502
640
437
491
178
640
396
156
726
185
19
756
516
432
243
605
422
335
114
410
463
690
771
434
554
382
464
809
433
325
128
13
31
546
606
790
756
180
701
754
392
527
167
706
290
304
591
432
526
643
417
237
126
233
503
638
530
586
1
304
377
266
504
813
686
290
776
74
565
368
76
354
115
311
277
611
437
48
715
197
139
240
68
326
273
355
258
335
821
454
758
279
734
96
476
246
131
689
202
358
661
133
542
358
420
724
11
528
465
270
531
173
279
735
594
2
335
238
120
639
750
227
207
659
648
413
198
469
166
203
21
164
217
499
186
687
806
548
57
246
636
100
320
667
482
218
296
463
41
48
545
308
54
107
763
500
466
120
421
521
518
491
380
337
324
285
97
221
548
450
687
188
135
267
725
17
430
14
825
202
143
151
363
106
82
516
255
10
569
820
86
579
808
418
220
212
72
794
396
820
1
399
440
162
396
336
827
217
156
145
370
611
234
374
103
335
345
146
496
19
323
483
704
89
462
518
488
814
367
125
500
784
706
785
637
402
441
666
631
48
694
282
631
118
765
245
120
35
59
313
816
191
461
322
803
515
556
490
726
326
108
805
673
330
151
357
81
346
445
250
175
326
564
483
80
733
674
167
791
235
258
451
173
40
187
716
563
740
577
753
823
178
260
747
360
726
202
816
624
501
332
670
325
151
553
406
509
379
593
216
11
830
659
58
692
363
699
61
27
749
787
96
429
716
395
462
665
780
694
761
497
364
62
813
469
802
415
631
286
341
634
728
427
570
796
140
525
213
32
50
83
262
467
426
122
218
300
826
108
679
731
7
679
751
774
4
262
676
593
587
439
725
391
295
194
600
585
255
481
650
452
800
676
741
730
370
369
315
256
594
249
172
259
248
573
554
25
148
724
710
568
503
392
596
295
541
389
746
387
660
461
416
732
170
211
305
3
760
816
384
460
141
508
273
85
679
531
109
479
828
734
511
144
625
93
156
633
187
630
507
133
140
508
739
607
231
117
689
429
127
322
66
740
256
680
323
347
655
600
654
463
434
648
760
152
363
435
382
522
406
507
252
112
218
289
198
601
642
428
2
184
327
89
775
117
390
606
678
17
462
592
259
596
169
350
644
708
482
720
194
524
66
821
511
740
355
549
736
828
153
578
333
524
562
288
333
280
83
31
267
309
115
12
367
559
747
193
237
778
799
791
637
527
804
753
671
603
544
672
171
607
289
305
645
220
556
541
796
628
565
128
502
268
363
39
784
89
5
476
63
566
271
470
492
270
165
44
187
411
759
25
531
545
435
152
128
179
254
307
762
232
734
365
641
808
462
672
235
361
776
520
264
227
440
128
616
362
750
541
798
373
469
584
66
695
798
767
817
555
751
99
814
247
751
656
31
262
765
368
446
386
198
471
302
823
163
601
418
140
581
610
243
679
14
773
495
25
304
127
732
431
365
286
361
124
773
590
529
254
303
180
586
222
687
330
109
30
618
164
223
380
595
533
693
700
235
622
175
41
486
483
21
212
392
292
390
791
668
108
350
305
242
774
731
518
42
157
692
692
65
766
729
118
655
62
406
776
191
622
259
559
209
169
110
264
596
85
822
225
641
232
174
574
15
121
324
714
404
599
534
172
556
742
54
481
751
554
3
522
340
319
702
791
68
211
470
674
155
633
477
545
86
150
682
6
169
150
708
252
773
469
574
100
330
297
756
704
92
105
522
701
760
473
459
570
692
802
617
580
212
407
380
243
338
124
396
592
579
529
256
438
605
594
348
367
497
78
425
756
828
515
452
131
219
454
300
520
469
353
650
415
603
776
646
818
121
127
803
764
742
25
574
196
382
473
347
64
786
673
274
54
21
145
639
299
724
792
336
361
801
500
201
796
807
575
686
608
164
341
244
648
86
798
433
697
649
22
820
317
203
629
712
329
284
534
615
96
308
808
173
361
434
209
381
137
673
13
632
657
695
388
214
554
341
705
71
651
315
330
709
7
249
546
309
237
145
716
284
814
569
32
584
169
824
695
16
681
310
106
476
250
409
576
344
103
535
774
805
387
154
529
100
427
702
211
376
641
103
150
438
350
368
829
275
807
69
699
352
773
583
478
372
533
355
806
51
246
452
751
763
26
23
188
172
242
443
14
406
236
195
208
87
502
463
724
509
557
686
400
781
658
407
455
600
626
783
168
609
445
770
512
248
133
290
811
481
472
663
546
140
768
85
265
698
367
25
674
682
134
326
668
648
300
564
317
738
603
169
516
797
582
24
471
264
136
407
240
605
413
715
595
505
38
282
235
522
556
305
363
41
480
167
575
363
605
569
69
69
111
773
529
247
701
10
76
785
155
625
691
234
252
638
275
699
604
487
312
107
534
491
479
699
362
815
138
210
89
199
101
438
141
15
699
590
243
137
22
802
739
149
819
612
432
568
13
45
782
572
337
157
165
811
644
283
148
759
184
456
800
265
223
127
743
721
659
405
633
783
82
604
111
356
463
37
285
591
393
395
612
607
103
303
224
206
325
241
111
727
438
362
73
40
813
599
130
424
340
257
246
585
88
123
490
619
79
448
258
2
383
785
771
553
566
727
287
41
389
558
610
597
460
697
485
600
734
34
286
398
159
12
413
385
426
267
481
578
566
14
327
282
643
441
202
284
602
123
138
635
629
779
428
469
538
548
27
85
50
233
574
432
630
682
741
2
485
775
698
670
213
549
16
650
589
80
367
439
95
674
323
7
370
349
651
223
190
610
247
386
827
173
271
676
605
241
382
115
372
820
27
547
131
225
318
667
472
21
157
395
146
604
766
57
629
419
681
425
433
240
443
504
737
142
450
632
331
408
322
718
732
697
194
182
492
644
227
525
169
418
410
132
96
141
563
522
414
268
626
237
148
67
236
719
571
195
119
564
716
242
709
120
622
643
369
680
198
296
131
208
598
20
58
639
744
488
261
152
82
642
647
33
16
141
66
411
793
488
435
424
720
231
737
505
143
438
462
417
776
10
493
298
416
557
627
85
57
286
474
459
774
634
409
130
806
619
242
657
234
240
447
784
132
811
632
134
764
26
379
643
287
666
102
290
54
694
438
108
437
208
617
360
228
551
513
76
158
385
662
389
594
541
437
29
709
576
520
245
362
269
704
354
623
253
435
730
117
796
704
703
662
234
744
45
763
655
550
437
498
819
311
710
287
346
188
583
128
97
613
135
241
791
602
104
558
618
602
217
600
43
728
227
406
257
710
195
677
154
528
652
361
771
779
203
778
604
606
218
231
429
415
537
614
481
761
210
651
119
115
284
471
395
781
260
152
206
712
707
438
541
286
439
816
658
707
718
576
143
462
26
462
200
571
190
289
222
581
585
805
27
76
804
819
308
60
556
545
238
404
28
516
611
617
345
12
764
434
365
122
402
388
450
61
265
304
374
714
689
350
162
256
806
382
640
537
675
35
304
512
87
684
454
85
140
307
524
764
362
380
330
336
676
671
239
138
48
496
537
25
543
327
174
104
374
263
38
582
416
42
176
127
767
679
348
671
251
619
299
1
821
387
472
740
592
126
1
512
195
266
11
566
604
350
619
200
692
644
303
89
814
596
162
43
43
514
304
362
173
184
584
263
591
583
416
68
133
332
416
411
781
691
687
382
40
782
481
280
120
139
627
682
144
823
412
752
609
243
719
543
138
741
247
685
777
508
443
24
783
768
290
428
454
663
279
772
506
752
703
725
315
639
209
520
453
710
503
816
679
772
30
510
636
502
811
490
196
58
727
141
471
434
721
331
312
71
469
810
307
120
204
154
735
233
668
780
700
241
619
500
13
714
780
409
79
504
818
537
576
408
653
430
84
347
351
112
722
455
416
445
142
825
168
613
804
644
17
372
144
717
39
97
683
399
174
567
129
48
311
54
497
806
329
147
123
135
67
713
383
165
573
615
774
180
216
363
11
808
758
400
629
190
351
763
164
140
386
461
149
128
251
26
724
41
704
752
469
809
585
737
594
104
147
493
195
366
350
771
167
616
313
153
512
689
365
693
349
736
530
553
32
322
357
185
389
815
306
713
500
829
673
825
57
33
237
125
340
574
632
357
178
685
797
388
29
194
708
497
467
127
416
195
117
97
108
426
521
579
560
592
245
483
230
807
555
746
768
715
401
594
19
705
371
774
612
579
415
723
371
795
806
485
657
149
194
364
576
698
753
538
119
364
679
508
610
326
357
258
780
662
455
199
567
514
471
811
148
478
809
722
20
618
40
806
76
279
613
67
485
575
756
664
182
490
167
519
491
633
98
776
498
669
757
408
214
713
160
293
47
788
720
459
528
395
631
577
829
617
290
633
533
268
128
597
811
810
39
372
334
165
30
715
182
429
324
828
286
90
90
430
716
17
58
89
261
87
575
416
552
484
509
380
58
704
632
576
8
380
34
319
192
233
158
785
212
606
640
102
770
754
117
286
545
154
706
443
507
406
126
575
153
491
649
261
304
360
240
115
651
299
491
16
692
665
753
322
470
627
294
618
230
93
671
3
199
749
378
413
672
30
407
160
656
390
347
614
244
672
741
48
829
300
18
84
629
212
335
625
713
353
694
455
12
616
80
755
634
474
560
357
692
801
780
632
677
275
419
436
726
269
322
541
384
600
813
650
462
717
331
699
791
387
212
387
732
173
248
200
80
320
575
13
131
124
621
175
378
667
579
513
295
591
756
358
38
695
179
614
323
667
222
422
182
32
554
718
444
368
326
37
376
785
421
615
717
316
68
654
110
130
284
22
70
67
75
318
252
601
324
650
686
399
125
640
129
494
778
67
767
796
352
178
572
85
46
561
31
753
613
491
637
817
566
179
337
292
246
99
164
486
43
328
595
250
165
391
295
729
732
236
561
746
733
568
640
352
778
595
479
314
600
352
240
498
671
218
537
513
530
224
683
772
328
662
571
269
237
33
763
264
731
55
703
240
167
256
218
445
634
457
88
575
813
716
375
267
578
129
245
626
247
352
589
148
62
721
121
501
818
597
516
501
595
18
42
406
515
1
752
74
306
86
750
594
678
392
601
273
292
54
613
290
653
392
681
690
362
649
255
94
636
620
667
316
389
471
127
755
32
472
17
530
64
612
142
214
699
26
271
38
125
370
638
692
711
94
480
610
760
367
71
81
391
683
338
221
220
157
43
367
396
554
205
729
416
644
576
544
406
540
767
644
142
136
191
409
427
14
830
577
287
277
479
165
641
814
597
564
690
356
812
296
455
502
671
149
275
563
26
591
115
655
268
200
594
410
77
231
815
450
217
649
545
281
559
810
169
7
242
706
792
558
672
489
742
497
24
318
485
425
260
371
68
420
438
577
434
701
592
809
630
246
131
332
439
435
732
584
637
477
470
445
497
561
679
435
161
41
697
526
155
516
366
243
550
373
34
631
767
345
127
635
795
166
195
558
129
289
354
695
520
686
818
393
65
439
709
355
56
243
601
396
628
819
61
819
788
719
301
381
497
114
522
589
825
661
614
709
297
503
693
324
129
596
416
80
14
336
485
83
577
278
589
344
112
503
145
244
259
472
645
751
376
737
203
453
664
117
344
176
362
244
534
423
138
489
533
110
620
434
665
674
284
556
695
318
547
727
415
777
757
585
800
194
206
598
155
806
468
330
314
78
556
726
750
774
374
341
562
627
621
48
391
170
338
130
669
755
18
92
363
646
502
388
325
275
144
222
43
73
658
485
129
74
432
538
355
711
443
629
5
433
14
556
92
392
308
277
693
830
362
516
475
744
278
824
45
494
723
148
165
199
18
703
640
492
690
187
708
805
185
258
506
181
257
541
479
392
193
607
118
101
608
446
721
326
383
422
521
711
113
150
678
759
511
525
639
585
580
753
319
226
525
392
357
728
354
312
506
570
830
752
684
698
684
489
530
197
776
805
614
624
266
692
320
141
292
783
511
16
590
120
409
586
820
338
67
712
458
489
237
291
240
596
457
12
272
591
737
424
759
412
204
765
703
398
59
158
407
496
650
302
829
704
596
230
217
265
753
110
812
148
417
568
778
101
427
515
601
821
820
22
371
509
729
482
620
232
90
768
771
257
227
61
528
127
500
8
430
346
609
256
507
327
769
18
519
129
380
127
249
119
256
826
556
550
5
809
391
586
101
787
777
134
741
401
14
696
632
243
613
529
695
245
134
242
637
603
463
196
96
192
552
326
356
507
482
637
9
143
303
232
329
606
657
596
44
604
775
275
94
200
766
788
540
427
516
119
678
293
113
102
252
255
385
37
713
275
115
106
46
216
500
799
643
472
300
633
87
480
788
724
208
619
698
674
382
265
467
565
330
676
562
24
243
47
767
501
79
50
510
326
79
55
327
682
153
319
305
339
401
10
533
783
194
439
202
669
709
583
235
608
739
332
718
241
160
511
62
148
274
396
306
365
180
327
487
156
122
819
785
294
496
353
646
33
56
276
489
786
155
426
84
367
16
820
572
140
541
169
229
533
392
280
543
22
270
25
20
25
425
259
609
181
434
492
405
2
545
210
427
294
304
143
807
352
236
477
669
556
807
795
439
599
811
541
367
812
368
368
797
786
583
203
475
485
177
468
108
316
522
647
162
221
326
69
272
66
569
654
572
387
640
776
757
461
185
26
599
521
469
470
108
556
312
159
416
406
395
121
42
64
378
639
209
369
644
784
104
189
424
211
368
224
449
90
125
147
182
526
10
379
141
390
503
188
436
390
577
620
185
635
830
189
397
628
543
469
327
165
1
273
323
506
326
431
736
285
752
499
738
539
72
240
225
511
356
814
375
650
578
297
102
568
184
154
669
308
265
773
273
361
260
404
193
167
651
404
142
280
373
266
199
439
344
48
433
462
780
342
782
612
24
83
458
421
693
186
319
589
471
743
165
28
78
552
74
694
143
349
258
808
466
555
559
646
827
445
114
815
395
370
382
158
38
221
107
99
155
540
731
204
313
809
498
482
648
84
602
805
552
253
436
785
271
581
654
391
745
188
29
38
667
24
421
577
651
411
132
660
753
516
302
673
132
372
523
456
724
260
379
523
99
591
591
371
152
790
358
505
209
633
578
488
796
345
805
612
795
202
748
693
433
108
698
771
741
91
75
31
160
39
322
694
588
492
416
274
100
95
450
37
541
277
258
346
82
72
249
554
196
163
273
289
529
117
417
388
132
445
780
405
588
482
385
642
534
163
253
538
580
281
412
741
626
404
10
92
748
736
572
340
234
67
382
107
337
531
740
80
61
165
414
180
139
591
522
562
470
367
823
490
30
241
716
538
210
321
152
134
485
33
692
253
177
504
821
271
706
806
119
752
448
66
533
286
804
399
37
718
627
445
711
791
238
578
680
721
710
309
224
718
549
607
186
234
408
184
446
794
723
423
456
591
205
377
811
762
41
163
101
415
238
422
773
730
818
788
776
374
203
477
75
40
243
744
219
174
753
350
797
203
622
517
74
7
475
16
276
307
42
486
105
629
263
448
528
302
395
303
449
401
203
220
434
671
579
306
759
36
481
132
447
599
764
610
134
795
383
636
405
583
427
505
355
795
620
365
746
368
640
592
364
250
153
757
237
487
481
168
777
265
17
59
467
182
323
313
826
568
665
40
248
65
87
401
752
90
153
424
412
520
621
422
420
435
262
403
599
204
351
519
424
246
576
687
99
342
8
192
588
663
87
161
99
580
506
127
530
345
759
790
79
692
774
94
781
650
193
528
448
328
420
467
333
748
446
244
723
617
94
278
254
642
277
406
821
283
414
729
731
491
456
665
768
525
461
762
585
429
652
480
742
442
250
394
152
46
478
306
442
344
600
215
524
608
189
607
432
336
518
348
249
624
203
532
599
638
612
214
417
617
727
645
366
306
413
673
445
257
250
632
645
37
189
11
613
447
257
746
13
371
466
472
567
398
329
356
420
808
452
472
130
175
459
315
822
555
469
282
813
631
97
484
203
165
383
86
260
526
802
294
463
87
807
649
349
630
133
120
628
335
267
600
269
482
824
799
511
30
172
48
478
728
17
805
656
422
173
530
718
563
392
433
71
504
19
565
740
826
450
84
623
723
567
371
811
14
200
620
119
756
329
303
265
554
36
594
534
741
448
249
730
732
386
618
819
768
93
619
685
646
420
453
7
69
251
778
32
228
804
554
545
63
70
561
733
457
755
229
738
624
738
179
50
224
31
413
692
190
169
702
626
105
462
764
569
528
679
492
781
189
170
300
111
784
291
638
555
646
458
702
381
812
231
4
38
664
158
680
115
625
607
661
311
288
21
581
784
446
764
377
205
131
821
201
459
501
761
39
336
595
229
333
608
253
41
149
50
812
757
573
356
293
463
666
755
654
671
564
618
364
502
613
438
690
668
505
665
296
336
159
64
642
180
196
68
120
586
349
465
8
336
230
450
232
812
241
517
204
671
186
623
640
684
413
632
132
312
21
523
12
155
487
210
628
811
224
621
353
306
527
591
59
29
646
314
257
552
12
23
708
592
5
513
64
797
331
144
229
171
125
622
378
142
178
226
500
398
816
607
516
821
575
551
255
339
731
292
748
405
23
252
800
236
805
772
797
350
103
602
302
402
584
77
610
84
627
801
608
106
568
680
470
224
755
67
191
817
122
744
320
205
31
436
8
168
287
248
317
89
261
592
499
633
260
405
154
686
765
98
296
703
606
292
683
737
474
328
39
288
553
639
226
593
385
767
587
606
61
781
315
675
548
681
638
31
650
423
430
309
342
631
799
686
400
639
490
380
651
501
445
495
553
506
466
622
715
431
151
567
811
775
754
310
716
434
397
537
1
445
151
90
125
428
778
515
602
352
544
333
506
548
194
62
615
655
648
766
446
296
643
314
339
725
402
126
646
455
577
38
535
92
506
483
157
316
624
265
439
699
669
714
797
42
134
483
456
452
18
31
821
450
358
785
181
173
275
749
797
569
181
213
407
444
490
249
262
226
383
483
386
68
328
644
524
740
795
605
540
508
783
119
476
277
41
501
66
663
565
638
412
708
487
732
782
491
670
790
292
656
338
39
3
120
71
741
448
3
66
64
240
658
755
28
89
16
259
294
741
498
384
315
251
796
463
244
419
484
283
776
124
194
639
527
657
69
407
381
227
103
796
286
259
651
384
784
641
124
518
334
538
727
364
311
220
393
329
218
84
537
728
72
720
440
420
113
132
809
194
419
192
493
444
144
805
401
702
132
30
503
251
666
683
662
326
65
781
197
454
233
816
708
84
478
754
649
319
135
636
777
597
160
156
54
119
787
823
561
217
599
626
584
14
79
296
406
600
15
283
222
795
443
586
814
272
589
676
730
672
618
789
588
458
491
9
81
618
425
799
354
245
301
398
717
664
355
456
333
458
601
256
299
209
34
208
624
812
570
62
659
479
166
78
162
435
113
446
310
386
182
441
252
724
97
619
16
667
201
816
250
428
573
58
180
60
101
796
453
164
160
419
274
87
765
212
224
72
220
446
447
571
207
747
202
689
718
749
310
80
142
326
393
257
670
662
357
239
368
135
34
431
2
88
167
772
367
205
442
114
68
39
388
716
186
163
35
103
383
591
392
144
477
260
136
351
388
433
341
135
818
254
146
670
318
697
323
41
472
113
503
78
160
764
294
167
27
503
691
522
677
136
260
274
136
490
497
331
17
591
381
548
662
365
258
788
176
207
272
343
359
637
317
528
359
173
399
784
34
663
576
644
663
189
410
132
718
290
416
763
738
305
775
582
360
433
198
135
724
553
510
215
301
706
274
362
111
26
675
478
508
343
707
707
208
467
653
423
324
239
351
702
635
334
454
38
307
115
98
236
302
488
170
36
259
551
220
131
779
779
780
120
536
315
15
673
249
146
305
807
457
735
743
520
829
826
533
139
253
807
186
591
776
770
305
766
285
809
319
365
639
548
568
351
600
696
378
147
779
775
489
715
117
529
768
534
640
207
137
528
510
184
368
274
818
636
718
377
796
579
688
775
139
361
759
794
802
496
28
613
394
683
350
433
829
748
430
3
142
148
592
604
813
45
611
634
425
172
367
181
457
628
139
282
672
271
222
391
185
297
38
87
564
245
500
504
182
753
580
675
144
128
373
528
823
609
746
738
91
317
493
597
336
651
501
130
608
787
613
595
571
355
42
685
275
425
652
382
72
518
52
580
62
263
349
828
84
387
48
389
91
204
415
770
347
505
774
429
644
45
84
341
622
126
116
312
336
115
697
154
231
215
145
642
335
610
618
576
494
354
237
26
756
758
95
766
131
250
232
445
199
806
131
720
280
788
1
624
85
708
111
454
114
260
702
319
599
806
109
244
634
125
180
457
764
149
369
417
508
252
535
655
681
545
242
488
343
461
456
658
807
150
406
145
182
34
769
1
555
555
788
716
667
337
825
557
234
453
256
810
780
34
185
6
406
113
159
686
420
724
509
326
247
768
299
156
673
439
52
294
452
220
391
414
529
812
175
108
524
576
438
228
238
549
144
166
651
379
14
605
464
281
524
218
638
83
138
165
647
138
790
232
49
84
200
634
224
425
40
427
684
414
580
312
491
322
536
355
60
504
655
194
495
340
343
625
69
89
229
594
178
242
372
33
722
763
710
576
27
782
298
643
467
129
31
768
798
532
599
86
724
604
15
642
496
631
122
97
51
542
441
529
317
151
170
662
32
12
473
732
623
172
156
329
740
75
726
453
18
637
132
793
326
276
434
554
661
595
101
693
424
659
410
291
686
538
301
177
468
8
595
805
223
144
17
341
35
631
21
484
549
67
502
490
784
278
580
147
700
726
467
602
325
798
771
333
253
51
359
558
772
16
31
235
738
275
550
424
570
196
180
173
225
149
611
430
381
560
689
543
171
209
522
714
55
716
678
772
237
83
707
331
256
357
730
252
556
679
277
54
501
591
315
685
690
193
186
807
267
70
228
377
273
486
261
58
456
162
515
173
672
142
245
545
572
682
99
24
312
725
208
707
155
370
689
374
381
600
18
259
686
680
569
189
779
366
563
705
279
271
230
26
783
376
583
735
350
9
799
171
35
806
791
474
729
178
461
664
320
771
332
663
748
36
610
458
517
755
62
248
81
716
381
273
827
71
614
40
721
40
4
468
794
737
394
622
464
583
507
277
174
658
498
102
463
386
681
734
525
14
727
99
391
375
671
29
515
479
482
803
770
159
150
732
488
634
424
135
745
585
531
189
75
20
135
445
238
627
142
677
363
97
231
342
264
380
185
770
444
139
767
742
367
606
377
436
298
551
320
466
428
262
176
654
549
255
149
340
18
517
270
770
224
223
132
408
555
50
767
234
553
118
757
565
705
711
702
402
630
172
516
396
570
654
423
736
288
368
301
268
361
769
187
658
659
681
422
27
460
161
15
108
212
567
401
506
141
529
140
434
104
821
231
781
230
441
830
546
412
83
11
260
758
55
329
544
782
25
295
460
524
99
341
219
234
376
591
353
11
815
124
454
697
212
698
224
383
828
325
114
84
758
400
46
9
573
236
257
528
301
236
105
655
640
379
407
809
203
522
428
101
586
579
487
317
549
634
609
428
703
518
712
665
308
93
684
521
237
636
618
658
805
514
685
503
629
220
213
232
258
166
37
504
782
230
458
797
147
325
440
472
376
633
436
812
620
417
125
534
483
818
128
410
369
623
429
549
339
719
459
456
102
18
160
559
649
3
401
266
820
748
277
773
334
829
416
797
531
192
615
411
638
101
29
370
565
549
373
449
652
122
347
449
705
474
274
86
485
480
486
172
377
763
66
614
592
583
759
486
86
696
814
810
8
361
759
432
389
406
319
728
413
172
31
572
722
232
64
316
98
87
258
460
829
722
231
536
520
560
772
482
725
492
400
269
235
107
381
102
418
652
414
94
313
772
266
543
703
462
272
494
405
221
520
249
401
778
192
331
376
405
404
778
141
663
219
59
301
36
525
54
495
313
83
33
363
34
579
158
291
169
436
616
408
290
424
476
190
414
384
786
542
283
27
270
308
714
597
76
357
196
539
48
616
311
323
491
479
752
480
579
411
44
660
40
507
449
586
789
763
747
427
596
753
146
228
261
266
462
449
524
113
168
583
543
693
559
596
259
62
374
647
641
77
175
565
575
137
293
493
749
474
70
440
194
539
212
397
607
770
23
109
4
145
644
233
81
561
777
148
371
713
336
705
525
393
9
664
224
205
747
491
385
549
751
323
23
496
575
105
161
555
725
752
119
563
590
368
35
786
543
467
161
114
192
765
192
757
135
188
470
468
406
45
485
541
673
92
353
99
364
662
353
371
85
178
80
106
342
723
826
449
515
195
678
187
544
400
766
818
388
829
439
11
295
116
343
461
724
466
312
205
702
110
770
712
618
249
170
598
222
536
816
271
788
703
436
380
811
153
758
279
516
89
50
687
389
392
137
399
326
635
55
68
150
461
814
80
421
686
347
158
452
557
733
618
544
60
540
321
118
214
726
47
702
570
93
326
528
417
143
748
817
17
328
168
772
215
781
213
172
214
363
311
774
816
794
620
252
536
112
709
226
462
86
804
465
829
303
553
101
5
319
84
448
100
403
490
60
312
137
382
557
506
338
181
201
31
160
422
660
151
336
685
133
233
515
605
484
428
428
607
56
343
537
218
86
647
785
123
789
421
403
439
510
501
223
316
538
739
65
256
721
211
748
817
35
314
397
624
688
174
395
701
401
115
165
336
784
476
420
784
640
299
265
609
672
736
11
637
409
679
183
589
318
741
615
281
801
375
634
548
729
320
228
658
119
188
280
169
82
575
95
248
715
732
701
362
489
495
333
34
664
303
384
541
481
578
171
436
46
628
700
742
38
437
648
36
326
451
459
300
495
430
169
470
97
320
761
517
281
542
823
790
819
132
754
600
105
349
161
37
678
65
274
62
264
52
637
272
274
433
232
576
266
548
657
24
543
65
109
324
136
538
645
827
469
104
139
549
571
786
631
210
827
634
122
101
422
42
548
399
251
317
660
652
540
223
377
329
63
600
241
311
355
277
125
428
153
333
437
218
745
430
75
195
209
706
303
276
673
64
438
302
679
482
672
586
523
803
99
680
810
53
786
222
705
684
13
798
66
450
294
520
266
538
425
564
670
337
732
364
122
754
216
54
336
679
135
625
828
234
211
600
380
433
223
24
305
398
316
325
124
801
522
599
530
809
101
819
19
541
358
745
68
462
243
741
235
466
696
545
249
197
408
198
24
142
331
827
157
648
664
545
449
409
108
541
49
739
558
550
708
740
700
821
94
151
436
606
98
566
469
255
819
52
786
130
497
419
249
4
32
481
68
426
490
325
804
410
576
144
720
376
48
228
207
32
414
145
265
778
13
137
270
374
593
34
766
265
293
181
576
676
507
391
650
106
11
515
764
331
143
785
161
753
374
232
355
359
733
74
358
221
455
778
159
45
827
815
17
749
58
705
680
788
730
209
250
717
793
395
279
757
80
391
496
280
496
713
823
732
679
69
171
102
506
246
165
823
37
707
191
65
808
618
652
367
100
454
141
493
135
518
106
434
697
608
561
709
612
362
460
227
132
643
549
399
717
677
389
630
826
134
216
754
66
585
69
645
615
497
597
505
571
577
652
778
620
66
49
379
794
718
600
402
540
577
172
529
382
616
750
648
91
731
547
150
103
142
775
77
474
722
768
266
809
513
267
729
156
406
504
78
323
96
151
747
146
338
270
156
358
152
6
653
561
100
624
824
511
594
791
26
100
321
69
233
105
104
172
214
182
718
134
672
646
486
208
171
596
595
166
814
565
533
409
555
151
229
60
535
486
276
17
502
69
307
2
582
190
492
218
179
351
132
485
519
786
604
33
617
472
505
699
652
223
142
452
321
440
546
211
130
571
93
470
480
809
238
492
594
351
634
796
164
739
294
374
404
507
504
601
373
622
40
330
23
194
27
469
527
42
57
92
657
737
128
703
21
797
249
351
753
437
184
151
369
557
682
713
50
132
264
499
435
562
680
732
623
13
67
164
504
59
748
71
374
570
443
787
210
108
618
245
3
496
442
268
763
187
828
309
636
299
746
282
94
506
791
90
442
800
12
816
30
186
760
774
415
163
7
92
628
507
724
709
566
439
249
690
200
567
52
283
151
34
5
3
59
421
586
653
298
742
427
603
38
375
106
495
179
322
815
18
642
666
247
601
331
629
257
252
298
361
170
788
433
195
212
704
152
829
195
243
691
821
605
136
680
237
191
683
7
684
617
553
104
651
301
401
114
449
424
596
699
29
818
137
299
85
230
730
373
591
142
639
229
623
759
324
683
776
709
34
761
478
42
240
714
469
602
231
627
127
103
160
354
315
131
533
149
1
92
465
162
94
189
632
680
684
702
254
166
429
653
819
662
154
477
403
677
532
574
53
82
150
776
466
469
245
592
830
827
754
387
514
530
687
440
522
258
239
830
102
825
728
549
233
113
757
758
672
530
231
646
790
333
825
179
78
2
597
277
295
526
330
521
805
713
59
397
809
167
178
747
810
31
503
398
594
104
791
389
826
544
241
420
423
716
425
430
699
580
161
750
200
587
237
291
804
3
335
163
532
582
427
748
241
193
590
494
622
125
157
171
71
424
727
200
806
641
88
46
828
76
717
21
567
285
790
260
48
248
795
661
584
434
389
317
95
504
624
5
213
354
57
18
96
622
124
448
583
34
22
26
634
404
533
501
337
194
380
691
829
6
601
509
651
455
429
159
767
365
466
675
702
625
658
759
607
628
298
726
510
603
131
220
2
9
444
809
483
787
435
239
233
574
690
466
493
466
627
275
360
658
400
641
25
661
399
353
710
141
111
4
235
388
352
271
499
14
64
792
109
770
157
188
361
432
652
158
702
245
155
392
253
285
189
644
309
93
608
66
28
740
693
176
110
830
453
111
830
797
403
334
804
174
202
48
343
574
36
715
668
86
359
330
203
704
210
673
156
118
708
29
593
619
456
703
742
336
310
72
491
44
420
712
259
802
58
287
11
299
702
436
283
339
251
177
555
322
583
204
542
433
264
672
538
147
396
792
574
342
705
800
698
594
456
684
67
625
47
230
527
779
320
199
339
227
5
642
12
528
410
657
621
429
620
282
169
499
378
201
670
449
480
811
590
787
46
211
593
264
570
511
306
558
715
420
96
1
122
121
341
824
55
404
401
95
381
17
559
725
643
493
395
813
486
794
230
507
72
26
282
700
396
596
126
534
326
506
230
648
93
795
616
126
92
31
757
189
293
138
210
560
40
672
822
168
198
682
554
187
144
402
563
666
480
149
583
483
778
603
45
43
813
221
276
119
785
213
171
733
686
344
212
416
96
247
740
442
486
290
490
668
296
362
664
655
734
634
678
12
802
278
433
807
585
743
562
455
43
227
520
301
175
556
72
548
196
99
676
647
541
484
77
254
615
719
362
784
609
754
328
264
638
669
274
283
802
34
733
724
634
737
158
422
811
828
94
238
409
496
711
452
683
21
377
707
413
172
327
651
698
590
108
188
221
535
124
774
454
311
338
420
328
552
467
382
8
337
597
61
713
374
538
632
38
153
643
119
211
270
497
576
610
639
714
638
321
789
47
602
679
193
629
215
212
119
687
322
554
398
367
87
282
267
668
410
267
257
494
407
204
85
151
740
73
369
368
273
240
4
493
177
313
750
347
39
513
318
358
354
268
94
355
669
338
75
621
151
201
522
151
532
9
71
824
243
363
611
709
399
718
694
559
830
680
107
359
526
156
621
700
126
74
428
76
448
189
254
26
29
17
320
238
727
663
256
355
709
827
342
83
413
142
583
216
776
583
338
182
208
680
409
260
313
541
639
741
437
527
55
388
785
179
126
185
229
402
332
428
645
53
620
402
88
607
448
268
741
713
131
346
386
503
136
259
281
63
159
251
772
635
50
184
788
498
796
776
18
248
711
604
233
706
66
773
491
429
370
155
87
70
733
196
522
193
492
706
72
793
153
681
701
87
372
293
274
320
263
127
98
249
48
647
551
777
545
143
383
148
526
305
236
823
359
143
292
259
726
778
682
533
38
725
523
258
672
565
671
333
169
705
745
295
80
762
585
538
287
776
806
294
586
485
747
99
286
309
283
21
753
349
160
430
827
773
42
99
785
65
651
222
709
441
446
475
155
304
252
633
289
357
800
101
425
199
32
709
437
719
79
103
583
523
424
149
321
113
782
612
590
275
71
537
654
801
131
210
308
47
184
303
385
7
60
22
621
813
542
565
322
678
302
336
40
446
229
788
100
270
465
668
170
708
630
150
594
369
109
600
518
424
779
474
226
23
132
117
295
322
274
319
103
95
479
398
129
189
64
412
601
461
568
743
614
618
480
485
308
313
484
116
336
81
765
530
563
334
239
279
82
588
333
749
445
749
819
243
335
635
211
596
612
285
669
787
510
809
117
739
532
820
193
225
608
443
107
741
824
161
93
734
585
663
470
752
10
426
33
798
526
369
464
153
16
512
157
633
295
687
681
609
138
31
801
458
634
827
611
681
331
563
360
374
747
752
211
140
667
134
760
477
297
549
600
141
826
57
624
39
363
397
750
738
576
640
338
202
307
126
676
4
145
482
213
277
209
91
16
100
587
311
724
113
453
73
688
668
583
423
406
119
423
83
608
691
511
739
126
637
747
505
410
102
332
569
49
371
230
612
601
740
621
126
35
532
317
42
22
296
780
655
663
531
64
829
461
373
192
724
352
501
688
696
277
153
55
774
770
581
606
181
773
698
550
717
553
200
5
563
406
617
495
124
125
264
661
181
780
121
236
695
234
372
571
717
362
390
587
267
778
436
734
65
156
770
586
206
86
286
165
239
356
343
764
447
162
147
629
683
641
710
487
332
745
532
250
610
246
699
347
406
647
624
537
729
623
676
473
170
451
126
409
610
672
701
546
596
590
161
60
564
467
456
602
505
374
820
299
168
429
219
431
576
230
506
478
657
450
689
88
292
454
121
148
89
641
155
591
564
94
223
331
320
390
673
610
506
578
718
307
822
59
188
636
603
391
72
275
312
375
812
780
658
722
693
277
501
746
605
525
483
778
378
383
96
210
653
584
748
72
806
458
88
701
39
6
262
183
166
410
202
513
384
742
539
781
562
174
32
758
36
451
607
232
566
363
516
303
543
181
389
575
439
204
157
462
320
795
261
784
466
170
408
377
812
361
452
484
175
7
394
253
230
819
196
546
663
456
758
786
791
594
172
298
86
312
262
242
354
472
326
184
185
217
471
368
699
449
723
202
380
684
457
559
635
376
8
385
368
799
113
624
3
177
549
331
145
545
427
193
194
776
563
640
662
344
708
672
737
34
210
114
660
243
607
541
518
565
473
729
441
18
705
106
770
31
523
139
719
476
807
379
98
393
61
671
116
82
531
505
830
801
773
155
759
454
54
244
205
821
412
337
692
182
460
141
639
315
683
174
225
713
438
530
826
265
488
427
359
50
646
255
42
712
430
695
677
294
98
388
113
298
547
476
6
608
503
221
653
512
441
564
103
262
700
282
353
393
729
677
97
429
305
486
605
718
805
443
462
495
555
700
406
378
383
246
40
396
720
138
264
390
117
36
472
84
508
825
499
549
375
485
530
277
463
26
520
447
806
284
827
790
95
694
107
638
475
361
659
286
538
720
145
427
682
77
184
500
677
651
614
598
416
28
671
557
482
9
39
685
216
81
75
697
490
553
382
575
236
316
440
625
24
569
655
648
55
225
431
423
325
467
554
408
233
608
37
302
221
704
50
591
219
782
718
301
330
242
698
763
619
347
575
550
203
703
335
308
16
50
577
799
599
818
455
775
439
773
40
21
567
253
54
646
98
361
262
474
31
627
216
14
792
389
161
724
42
358
477
299
52
436
101
534
57
467
312
533
571
263
360
779
725
106
530
232
590
182
786
84
699
326
197
258
785
43
312
38
215
273
38
116
203
57
760
215
775
539
204
165
528
300
663
657
645
374
29
264
442
184
780
322
606
240
484
118
364
19
796
358
259
791
432
335
751
12
113
21
790
559
551
552
497
558
487
340
208
5
39
628
538
368
456
268
8
810
633
439
133
150
452
147
306
617
374
397
380
620
338
522
173
674
245
396
737
663
506
749
550
639
752
632
152
608
485
784
202
402
30
464
696
612
196
311
347
459
734
559
245
422
705
729
380
210
778
750
578
641
741
656
252
92
749
382
581
60
423
803
343
6
543
713
103
530
201
354
598
646
311
163
664
136
470
596
43
469
635
572
361
280
649
524
3
554
130
806
570
506
548
683
326
94
220
429
690
224
599
586
270
454
371
541
715
520
533
274
420
597
629
527
428
621
476
107
109
188
273
368
459
253
315
634
787
58
57
42
138
72
511
695
17
378
587
702
32
664
378
491
634
286
525
687
424
206
484
560
198
766
293
416
99
646
116
19
3
606
492
426
606
184
37
161
744
473
231
144
319
52
156
619
614
591
245
149
819
116
398
268
569
470
490
542
29
272
172
79
568
281
588
329
693
440
294
530
389
651
383
653
239
412
526
144
311
657
188
266
326
297
488
674
164
185
241
399
554
228
724
591
144
793
371
343
229
328
92
105
566
822
61
519
680
362
828
296
267
587
719
604
582
124
827
493
127
399
258
333
830
145
240
49
653
423
182
327
35
38
377
83
208
523
25
516
500
708
695
25
235
356
481
202
761
203
731
715
293
789
694
654
753
539
616
808
182
466
191
247
511
758
125
251
498
102
40
787
458
329
62
238
596
501
741
630
388
54
277
47
542
147
411
222
369
107
610
442
295
741
435
812
682
305
24
715
600
352
214
418
651
400
477
518
727
726
781
646
445
777
338
195
86
770
49
206
57
771
696
290
167
733
786
63
814
664
676
622
8
761
36
515
176
193
435
149
182
400
248
663
341
56
22
385
182
830
747
175
343
655
163
310
646
136
49
640
543
633
804
319
264
395
530
525
681
75
609
774
580
748
90
511
51
340
318
728
682
759
647
206
705
546
682
556
631
821
308
796
722
13
45
19
293
240
308
329
323
298
75
370
277
461
431
610
468
491
212
247
450
67
602
711
91
117
211
563
546
472
587
450
782
104
532
316
90
359
745
519
284
437
415
381
411
504
662
716
718
689
774
392
395
722
142
526
223
399
93
469
607
525
361
242
408
687
565
742
42
124
358
138
241
739
277
744
542
746
558
692
159
532
300
463
404
411
261
622
638
198
620
262
466
108
97
362
487
619
382
129
127
141
770
442
347
186
716
621
298
275
47
42
473
641
245
231
540
529
394
181
645
294
526
437
329
459
18
765
763
429
74
789
578
22
210
370
67
229
331
778
445
209
453
159
812
267
469
797
786
103
135
122
63
605
403
225
655
686
176
632
291
508
221
540
673
168
564
299
684
265
236
676
302
639
740
728
329
599
516
643
308
627
128
758
272
129
829
394
654
826
32
141
4
311
603
660
433
399
670
297
189
632
60
276
766
592
485
773
522
43
803
522
763
227
777
292
177
464
51
326
676
605
445
77
19
587
281
501
622
247
406
620
345
709
42
465
734
612
707
693
16
636
54
546
701
393
753
229
339
595
311
703
683
601
617
222
420
287
681
603
74
232
102
611
15
790
573
220
167
688
821
239
572
785
525
483
181
157
564
250
817
223
760
216
483
169
303
368
456
691
49
353
504
73
623
318
13
452
271
804
106
205
277
303
22
156
770
410
439
396
639
549
595
659
394
744
379
370
695
754
326
664
20
189
550
168
705
587
501
810
22
588
264
547
303
155
588
498
700
296
411
402
292
429
196
466
501
473
6
340
266
277
437
783
224
435
299
805
16
662
525
193
13
568
283
777
154
419
517
235
189
658
232
120
515
697
234
22
516
378
449
660
144
672
85
441
168
428
702
701
502
395
795
398
9
498
54
568
691
811
111
55
275
125
665
461
751
78
297
829
528
197
718
352
486
125
805
345
15
7
632
519
347
141
542
63
483
383
544
666
257
171
758
131
248
51
210
599
137
596
171
338
71
646
787
532
268
730
630
346
623
614
367
48
356
181
537
53
466
323
823
542
524
668
471
257
419
436
738
328
277
696
346
656
256
187
767
587
160
533
466
250
192
819
15
751
92
235
310
236
400
103
243
830
395
219
283
313
182
531
647
801
111
330
800
431
332
164
61
160
689
816
124
641
389
623
617
199
748
756
52
688
217
380
528
107
321
294
320
435
32
576
90
36
661
401
11
651
147
748
17
80
692
345
248
454
466
691
767
209
461
236
220
335
323
215
287
371
802
383
636
643
778
672
326
812
745
746
245
397
727
813
431
370
63
391
760
544
464
162
198
201
812
499
190
806
558
677
757
504
441
198
430
383
439
535
633
523
199
801
465
555
332
341
204
757
173
564
554
771
425
512
390
684
745
465
348
280
274
486
636
253
818
467
170
118
688
522
32
647
410
652
782
525
701
497
556
100
725
706
724
395
689
189
375
523
780
293
513
175
226
189
215
22
456
596
306
75
588
59
523
424
285
433
829
828
580
192
98
722
697
654
263
327
137
829
568
191
79
42
132
743
374
794
259
512
572
556
554
307
415
386
498
607
135
714
756
256
720
450
465
21
403
89
209
320
639
462
276
122
457
677
49
708
180
580
702
184
604
421
72
51
778
384
579
394
53
600
584
542
367
746
804
369
387
216
181
436
200
673
179
115
754
270
101
79
698
620
45
333
758
684
193
757
413
392
176
271
587
813
375
364
70
732
311
343
517
205
730
574
415
633
607
244
532
360
440
245
78
486
693
545
672
302
312
199
729
344
402
65
70
403
332
64
826
133
159
152
354
475
266
601
827
192
311
638
488
690
326
293
449
290
278
340
805
581
738
690
69
723
437
33
337
65
316
465
590
271
191
307
489
626
173
518
452
128
536
763
56
335
688
420
78
473
670
24
653
121
410
673
232
288
237
371
552
542
524
186
364
390
705
145
638
242
552
515
379
211
545
192
740
534
90
665
684
19
106
595
823
241
311
38
746
27
440
170
59
791
202
388
495
267
623
310
548
438
474
79
243
170
92
279
756
337
755
485
42
434
649
656
661
521
238
249
681
324
581
8
35
308
590
102
785
367
503
431
745
809
34
798
333
502
623
323
100
804
216
255
490
400
190
86
700
482
341
816
29
303
182
668
798
802
140
436
487
198
621
353
310
706
176
526
522
672
575
717
543
659
148
778
13
753
483
91
730
566
175
599
527
704
424
381
616
260
817
494
357
192
84
757
108
536
339
406
307
569
369
2
727
128
709
537
625
208
687
155
113
15
354
751
821
49
129
667
479
576
205
201
63
530
588
220
58
258
690
495
809
303
466
395
227
284
632
746
198
313
827
561
594
195
596
191
660
133
646
46
31
95
667
805
36
268
292
676
536
149
412
269
470
17
453
480
278
430
176
457
345
96
183
177
606
784
7
235
31
578
442
516
679
237
259
261
462
556
487
512
157
259
433
257
65
470
103
744
422
764
405
58
735
96
468
744
536
508
304
20
297
106
829
249
640
123
667
355
482
522
158
253
60
215
9
2
321
532
617
708
318
286
736
51
494
762
296
583
421
306
821
803
128
566
61
736
635
602
171
742
777
341
161
175
660
696
780
141
188
686
625
617
261
68
590
108
29
217
823
729
574
763
292
29
746
168
636
343
386
549
456
583
691
716
49
540
784
588
507
305
457
157
642
740
256
445
280
380
472
133
245
586
66
623
214
522
746
762
711
639
45
21
77
430
750
724
104
240
536
395
234
559
207
775
223
501
10
352
384
318
687
68
321
742
34
744
302
353
433
219
8
207
334
223
491
508
763
329
153
651
688
190
486
743
449
114
286
205
787
801
610
531
302
40
500
416
816
680
219
163
26
704
783
243
42
786
113
812
650
491
743
159
821
749
3
493
569
821
76
419
750
414
542
778
767
686
796
261
218
153
783
440
25
282
403
270
73
533
518
198
727
390
568
432
215
241
573
463
742
575
542
789
825
533
183
342
366
699
119
479
275
672
751
300
774
74
763
112
200
208
353
322
664
761
655
185
541
297
323
185
801
450
50
239
212
702
758
760
314
812
601
292
492
560
175
448
444
631
82
340
435
103
460
482
169
114
467
331
190
416
261
206
225
246
425
776
718
142
731
166
810
796
719
109
551
697
539
380
334
372
37
221
745
354
60
415
178
258
519
94
102
680
146
190
372
204
123
714
170
821
724
608
485
54
239
211
774
140
620
376
649
33
265
579
502
492
521
727
34
103
32
352
380
638
662
437
66
48
268
595
92
124
765
227
236
89
323
223
435
58
504
368
75
382
583
548
256
64
640
20
586
592
148
456
337
232
252
43
9
14
28
296
645
208
334
734
511
319
317
217
144
298
379
267
377
348
28
435
329
111
489
666
609
196
266
553
167
180
617
273
579
484
783
775
126
159
799
285
25
131
684
562
755
442
121
24
720
677
689
27
353
675
7
699
538
489
62
649
786
635
693
423
61
271
332
646
163
185
362
667
717
60
693
815
474
135
686
446
364
415
504
265
116
706
304
612
151
250
218
577
508
429
556
527
391
94
108
587
345
612
327
188
137
686
598
460
589
21
208
141
114
84
417
516
700
722
817
529
335
823
482
773
14
480
708
45
156
453
693
255
354
96
762
4
59
642
382
644
521
265
639
65
214
535
734
269
812
412
348
686
236
413
781
30
671
574
96
611
827
153
365
118
627
318
805
39
722
681
165
217
301
141
96
195
692
104
384
800
203
231
425
304
455
74
260
744
79
146
826
741
379
734
394
533
585
48
705
578
821
40
310
564
667
482
766
602
19
152
570
48
600
381
200
148
427
77
536
807
31
782
745
11
811
135
25
302
531
531
526
202
768
321
203
465
85
573
299
571
94
502
509
665
728
697
394
290
394
455
85
119
17
117
268
130
58
480
218
816
402
119
546
665
92
272
302
398
187
605
10
47
508
735
500
197
32
137
157
436
308
492
673
672
282
316
255
797
822
197
257
776
237
484
665
166
495
697
409
593
115
563
651
285
692
80
598
266
29
459
694
197
822
563
496
380
618
568
393
657
463
94
125
191
231
596
369
90
445
310
288
649
299
677
398
547
664
201
640
674
163
663
535
342
116
147
160
630
276
654
374
529
561
797
375
234
715
200
701
151
415
261
507
131
354
81
639
769
554
301
765
335
640
827
54
732
486
30
281
313
311
266
829
418
330
280
428
428
732
515
256
652
518
544
117
620
571
290
610
179
653
610
805
20
355
677
149
780
288
446
353
514
807
54
684
656
382
71
707
636
775
351
679
501
258
110
642
811
522
630
293
53
225
737
431
705
716
640
247
749
765
800
656
499
620
566
318
678
310
491
516
749
195
355
739
49
683
375
625
42
201
229
139
72
59
281
266
646
801
463
385
360
761
360
757
714
559
163
664
299
179
472
571
484
279
217
825
541
11
741
130
473
353
221
53
745
575
538
524
647
75
93
64
448
305
515
823
276
572
368
264
154
69
408
735
360
310
297
754
349
389
46
124
238
371
795
475
668
416
314
251
15
794
697
374
101
36
714
31
192
781
783
258
454
723
370
56
441
596
246
483
47
395
260
430
298
594
51
599
807
375
759
573
396
262
229
576
393
190
387
424
392
271
74
7
440
338
337
680
394
9
320
829
817
492
744
770
170
632
829
133
760
405
110
438
315
125
153
282
471
71
590
158
619
737
584
672
69
184
658
299
214
25
808
149
472
476
191
13
320
42
329
672
24
199
146
306
398
731
179
627
378
433
155
119
631
282
669
153
579
554
257
500
446
145
736
134
152
728
275
565
9
120
320
523
559
392
335
220
133
471
524
806
682
747
787
659
81
583
415
689
321
749
217
696
92
223
400
320
476
56
334
113
552
104
226
178
34
2
124
301
255
569
656
327
321
653
283
413
48
598
626
594
341
587
717
250
725
743
196
195
716
429
409
462
622
10
640
735
436
404
716
642
411
450
87
806
702
68
64
150
824
450
258
388
257
531
308
300
86
389
474
440
681
522
686
175
183
237
345
620
295
588
26
544
356
500
266
685
49
193
242
579
377
74
538
533
385
396
255
210
789
680
573
252
740
552
486
455
368
203
465
391
578
828
84
14
725
134
232
755
194
166
625
42
121
574
226
65
336
246
622
528
250
210
354
440
619
510
825
270
515
647
408
626
144
553
610
609
596
220
230
691
591
670
138
121
745
381
761
304
826
700
137
544
789
188
110
783
19
124
712
551
612
146
258
65
395
642
98
520
826
12
222
770
577
169
121
269
335
427
764
641
347
586
513
307
522
780
91
589
770
513
496
165
325
700
143
340
49
49
175
1
389
349
467
568
403
561
648
251
87
653
429
463
491
487
645
490
100
305
306
485
433
71
447
150
434
549
792
380
830
767
671
321
226
679
277
572
266
465
449
579
310
284
495
681
235
308
700
58
79
505
389
599
673
81
7
138
725
258
391
67
478
814
530
418
232
290
199
529
69
164
77
483
94
30
758
408
810
451
164
653
14
149
139
300
299
717
573
806
110
275
731
157
622
184
767
315
770
74
775
522
310
810
344
455
5
602
791
355
497
684
362
493
272
7
133
285
650
816
556
245
753
65
807
529
98
526
707
683
591
147
390
117
469
343
161
250
99
175
426
223
47
803
799
534
131
313
733
629
347
549
528
32
296
235
605
402
328
86
366
192
681
61
799
60
24
695
168
64
274
165
287
74
107
262
423
764
175
474
436
630
138
289
307
265
301
770
169
313
77
345
804
730
727
696
593
251
814
597
575
119
423
744
146
114
33
185
501
86
85
115
222
781
731
505
344
554
544
142
771
564
815
140
311
648
247
297
620
237
361
761
540
493
536
543
255
321
641
204
712
228
387
139
678
653
269
192
602
598
570
22
784
819
226
494
524
129
789
185
26
598
811
300
314
608
531
759
562
403
224
26
598
129
763
193
39
775
164
743
603
405
273
617
543
132
108
536
384
732
819
12
251
303
695
224
768
73
596
179
743
703
63
383
449
274
536
665
470
339
361
775
251
751
491
380
61
293
436
449
78
538
283
773
421
269
652
169
22
609
608
274
225
81
134
279
466
131
486
726
387
108
665
241
498
619
318
549
223
191
373
718
143
546
146
726
136
544
162
157
313
807
789
492
43
810
178
134
175
695
496
635
157
4
579
347
4
502
93
35
787
708
813
382
336
182
732
779
391
118
798
133
84
400
39
748
581
764
12
484
449
142
634
338
90
295
817
30
449
194
362
578
514
81
677
368
56
643
296
17
185
514
96
402
400
91
63
575
34
101
823
192
485
426
793
635
325
386
607
1
189
505
651
578
546
459
205
609
16
231
490
382
541
440
724
539
461
521
418
270
741
533
480
172
65
171
387
266
40
58
575
307
26
433
736
292
47
122
398
794
485
743
94
805
766
97
361
448
721
427
675
309
526
636
306
471
441
701
39
46
702
664
384
516
371
24
376
295
278
331
817
21
569
579
468
218
510
722
349
755
72
200
425
83
540
8
468
498
655
774
585
454
358
734
621
398
376
681
23
42
300
37
182
372
385
759
267
625
75
284
788
579
669
105
124
316
446
570
778
488
568
86
42
313
620
19
163
172
27
444
709
156
82
121
813
202
815
60
302
208
571
68
142
242
799
326
550
332
715
818
498
662
811
116
68
245
657
222
628
686
760
219
709
512
473
284
555
169
196
718
441
752
644
139
212
758
61
227
409
449
810
576
682
235
547
623
766
235
58
127
372
226
31
341
299
32
373
473
828
581
443
285
285
24
325
117
483
602
362
565
103
621
388
79
185
108
472
594
176
607
561
195
390
731
501
518
135
141
23
577
67
166
64
456
482
167
221
521
170
192
500
670
355
773
16
774
336
23
649
110
663
181
383
535
425
41
526
134
280
375
29
339
678
794
287
660
206
763
575
549
745
738
795
197
774
338
510
280
600
140
213
594
260
723
733
478
375
140
649
620
486
653
25
490
552
403
619
449
250
5
573
694
161
121
808
246
685
206
787
347
256
86
29
516
482
586
573
383
640
188
685
793
570
494
555
818
478
313
374
683
330
716
458
244
390
635
620
125
162
390
292
229
794
65
603
384
702
354
74
621
213
320
142
708
556
226
187
480
431
381
61
356
215
470
456
588
319
627
187
645
54
715
132
176
54
112
320
230
9
119
412
243
403
110
229
328
16
314
793
621
511
18
478
205
714
66
556
60
38
770
271
696
505
18
401
685
729
565
58
740
829
458
535
426
465
39
379
455
238
45
829
106
126
658
232
358
558
610
598
520
148
773
125
588
674
495
462
725
213
771
667
296
177
2
395
33
132
719
598
9
427
223
199
756
331
655
310
52
228
45
135
516
349
133
391
240
264
464
38
360
86
227
76
756
613
492
535
289
505
777
756
829
679
790
133
753
601
369
25
16
270
643
445
280
248
81
37
644
594
551
811
722
190
728
672
685
763
507
709
541
13
163
496
39
270
432
492
613
663
222
688
333
586
812
546
279
606
289
547
182
356
238
425
183
251
405
673
134
58
624
470
300
238
814
137
596
748
420
494
465
731
192
293
151
260
408
696
249
785
284
586
126
206
223
711
197
616
611
445
527
579
823
424
161
679
346
593
26
269
820
584
263
200
168
380
214
343
11
239
127
318
605
740
365
561
36
559
346
316
611
179
131
483
665
526
710
121
569
47
596
774
186
354
675
550
317
470
755
698
299
788
321
506
273
495
230
507
79
807
25
514
509
245
772
48
695
710
795
727
581
602
603
198
636
505
640
148
814
379
123
187
147
708
501
210
139
563
574
265
811
643
711
468
155
767
787
480
583
542
132
618
511
391
614
510
66
47
653
521
612
361
776
262
61
710
747
420
33
755
114
715
703
531
621
743
204
54
325
695
742
416
590
357
196
531
585
321
498
152
146
240
458
158
602
80
504
527
356
10
819
648
314
574
452
799
85
249
166
259
425
510
287
567
177
356
121
213
708
456
693
522
567
365
621
632
585
719
62
748
445
454
470
433
818
710
103
576
518
441
22
728
663
217
241
292
742
397
773
639
665
194
755
49
330
151
319
89
108
610
22
377
332
29
455
380
35
382
667
242
822
731
65
15
147
144
74
214
489
808
753
775
414
109
321
369
784
486
493
219
700
753
47
493
396
698
67
108
498
677
453
777
715
679
572
691
828
225
229
21
273
169
712
283
649
437
214
764
668
801
749
586
496
735
480
143
440
819
304
171
605
326
783
729
91
691
673
542
361
351
662
678
546
683
144
342
820
502
481
660
409
113
506
10
306
285
86
301
213
448
304
109
197
91
697
710
454
521
452
586
809
687
302
355
526
763
564
145
757
41
193
751
285
251
721
563
430
401
166
72
530
227
536
651
181
80
320
728
800
787
595
352
388
78
646
257
404
52
574
439
711
597
250
172
698
196
476
556
398
363
609
747
431
332
336
401
497
584
420
173
8
77
216
628
454
209
245
565
358
559
739
727
185
588
699
579
645
825
423
190
604
250
571
93
470
390
767
637
719
650
309
151
687
423
102
470
249
700
115
742
593
75
823
71
504
513
669
254
763
366
126
187
674
818
73
227
567
286
546
220
294
433
711
797
151
828
821
277
198
606
177
817
206
131
382
380
775
644
450
582
722
246
734
527
332
357
813
40
741
230
643
50
47
794
312
108
370
446
692
89
355
85
808
563
424
743
326
468
32
296
560
419
485
512
720
349
624
343
602
318
809
727
392
697
407
259
593
591
424
741
314
9
427
488
784
415
60
482
731
100
512
275
449
817
236
714
146
104
622
722
221
705
420
598
786
30
385
584
159
325
615
387
734
143
650
193
622
395
112
251
194
716
512
550
559
766
59
717
715
125
511
724
467
170
635
70
810
291
626
636
388
46
619
415
344
735
184
374
781
530
503
578
474
189
173
554
287
131
712
461
189
49
805
521
49
647
360
254
32
79
213
366
270
783
261
656
315
126
622
394
749
356
103
240
580
621
183
234
751
634
104
257
262
9
320
494
460
570
541
432
75
644
39
610
715
114
557
71
402
572
649
249
1
435
752
803
172
768
65
610
19
325
603
496
467
390
399
214
518
509
241
31
775
58
467
94
716
637
566
264
153
698
428
788
444
229
405
460
757
779
539
787
425
214
420
52
184
57
107
72
494
658
695
264
117
513
727
631
253
227
213
372
25
580
598
244
585
574
748
96
642
152
226
127
603
595
551
444
628
261
712
224
725
430
511
81
738
721
46
702
275
169
116
104
171
554
807
71
399
772
830
756
763
830
209
532
389
249
462
712
507
714
259
372
18
547
468
438
797
29
93
338
231
397
502
326
673
76
539
784
28
174
721
1
796
238
77
49
98
53
463
560
371
217
518
618
403
605
610
398
730
290
305
721
481
786
532
677
452
51
595
626
472
149
807
742
439
241
365
309
476
512
450
563
798
97
590
218
449
72
272
280
791
244
517
89
814
474
35
341
186
771
213
305
496
731
377
448
31
788
770
289
605
204
617
571
519
139
590
637
492
596
50
173
575
442
73
435
405
782
340
1
597
541
454
584
160
650
671
218
83
687
550
306
5
141
555
198
639
697
243
397
673
401
178
2
576
453
700
792
397
33
8
338
232
700
166
260
513
71
94
217
343
661
432
41
330
733
289
827
78
13
817
536
568
783
403
442
784
643
759
797
744
809
374
354
7
363
724
135
768
302
256
603
684
826
593
571
734
408
558
566
653
777
767
190
296
767
13
809
575
40
170
311
728
797
109
50
458
355
212
750
321
116
365
539
77
396
483
717
206
288
403
797
604
176
153
545
816
551
503
444
433
783
657
83
15
573
430
373
725
472
416
491
791
482
268
580
467
93
599
642
528
515
748
752
85
646
75
762
580
300
150
74
261
813
252
235
391
259
333
731
288
204
288
571
562
774
700
694
618
356
181
347
580
678
501
781
662
605
761
259
145
820
473
649
670
294
406
784
596
169
425
75
287
533
752
681
168
458
369
242
337
81
96
282
448
723
337
818
315
479
277
383
143
271
695
480
599
8
564
481
35
790
143
746
227
400
260
407
141
730
202
440
811
641
361
814
745
451
789
287
645
752
504
321
267
436
193
710
20
553
301
735
225
589
568
314
272
477
762
153
148
820
649
215
717
770
55
778
386
354
763
422
746
421
265
59
401
604
636
761
687
499
298
68
746
353
710
193
443
386
222
652
597
340
807
256
682
319
207
692
414
670
36
140
65
352
77
271
379
221
143
168
103
166
41
485
332
35
598
426
635
201
782
681
205
701
154
199
728
651
685
657
683
446
238
503
226
556
682
375
417
1
365
426
347
616
811
810
156
669
81
498
44
224
67
89
632
222
309
554
139
127
772
607
790
725
273
441
543
460
288
135
468
631
823
822
328
383
256
170
371
486
530
434
595
30
764
183
743
577
30
354
443
240
373
174
636
721
418
121
130
516
61
406
370
759
255
700
106
233
521
779
135
577
754
662
181
685
141
4
103
486
670
263
767
398
175
337
632
341
32
38
32
169
213
323
764
181
314
157
517
239
381
621
659
526
511
568
173
655
119
749
398
414
259
598
350
787
265
564
500
824
97
491
275
17
341
692
811
526
698
254
602
24
151
471
717
50
245
277
164
599
328
552
297
649
213
443
757
301
719
690
35
634
83
789
806
480
380
238
603
304
810
403
276
448
682
181
400
102
828
128
504
739
616
385
222
40
39
81
491
776
151
532
60
512
353
176
235
67
800
804
749
708
359
501
384
463
492
607
62
527
466
527
540
825
170
799
107
787
595
354
402
222
507
272
278
77
245
235
589
105
336
123
189
629
40
112
2
696
234
532
595
697
611
57
239
445
468
86
97
223
228
566
790
727
145
705
196
790
515
2
264
695
812
460
25
381
225
202
381
17
47
607
777
29
461
815
13
42
477
450
431
104
650
118
214
563
693
636
38
750
82
829
736
275
98
777
60
109
637
446
330
801
426
706
727
117
243
376
575
639
437
381
686
21
399
790
480
64
52
619
351
166
630
182
619
595
483
152
475
198
502
504
448
563
440
661
268
44
98
311
569
381
506
494
737
736
243
735
184
99
255
789
621
450
784
786
482
57
442
434
246
720
224
728
43
438
322
731
263
621
142
778
56
226
756
363
731
449
506
119
764
495
755
320
521
157
679
691
448
145
564
180
230
419
162
698
298
77
68
261
317
399
822
298
549
579
816
491
756
825
690
645
239
434
572
390
447
120
319
209
647
688
202
340
324
560
98
511
476
99
539
508
133
676
448
333
249
306
475
434
720
196
392
26
488
50
145
685
802
624
788
144
737
304
743
338
469
100
63
216
780
203
768
133
115
420
422
746
389
39
621
174
534
447
419
814
406
776
672
164
675
477
304
710
714
346
282
746
822
408
430
756
510
248
388
418
730
711
134
469
10
699
220
562
477
455
152
542
186
37
786
535
532
68
717
398
156
207
676
524
728
127
503
783
732
771
405
432
123
601
9
223
630
238
635
606
423
438
152
281
261
742
66
793
663
681
382
354
400
674
267
755
196
319
764
492
171
75
287
723
30
707
619
530
804
764
372
337
703
90
586
287
395
193
627
657
763
368
601
516
591
118
280
805
750
434
682
706
228
661
484
295
433
550
192
149
477
140
795
353
770
665
511
325
446
346
648
590
771
819
152
556
32
813
94
132
166
760
687
401
104
525
559
681
448
320
769
315
169
559
648
462
712
821
447
595
318
355
347
466
630
20
176
641
145
327
67
619
628
159
616
470
700
511
497
592
247
820
450
365
64
691
140
102
150
822
451
319
735
454
496
791
20
660
747
660
586
474
362
282
283
723
427
660
382
584
534
355
597
723
3
775
261
653
105
823
41
605
73
155
616
41
372
244
639
683
546
180
183
18
469
116
14
57
818
532
225
682
463
26
758
802
779
84
770
120
215
179
177
403
108
143
540
21
561
641
195
541
789
823
636
551
193
622
770
341
802
729
458
120
151
83
61
755
628
513
687
236
343
234
791
648
111
2
29
656
692
389
59
366
446
126
126
13
783
2
179
285
63
282
458
783
210
170
402
591
735
800
25
365
479
53
317
708
432
706
762
359
573
797
170
521
371
212
75
571
683
634
68
508
667
33
115
12
483
689
404
463
31
513
260
103
297
720
144
130
179
808
397
405
499
330
93
28
574
219
243
766
443
446
345
416
25
791
18
609
278
549
428
390
65
407
500
358
138
481
330
357
280
387
763
578
661
647
191
662
637
255
75
406
829
555
495
796
551
90
58
342
339
218
57
22
274
210
637
51
207
365
444
142
44
739
196
406
367
812
388
551
447
452
164
816
69
397
661
135
308
775
195
794
425
607
816
719
149
822
657
581
505
666
99
62
84
50
531
515
633
397
499
579
251
293
391
534
586
802
714
655
298
823
767
458
233
567
745
478
386
56
139
780
423
40
433
52
115
149
236
767
344
823
24
812
133
321
496
664
309
413
59
254
497
496
742
735
546
526
110
392
712
1
752
821
754
612
338
762
556
518
440
633
162
253
303
765
369
469
762
773
58
691
132
469
454
166
546
601
401
313
311
4
167
496
728
652
267
567
340
320
753
211
227
542
357
430
161
728
186
400
795
148
149
401
766
452
155
23
394
568
87
682
724
804
517
50
366
487
350
812
359
465
715
576
473
146
809
28
546
435
12
73
400
372
573
327
14
437
591
35
423
297
716
772
331
473
444
478
548
454
719
730
338
309
611
338
825
65
535
244
642
766
718
710
240
302
282
199
369
148
612
829
104
86
587
72
93
272
143
265
187
297
185
552
553
658
119
371
718
652
683
717
791
310
364
326
691
408
140
761
755
242
414
828
228
350
829
542
35
684
205
336
333
357
198
567
11
569
129
530
250
82
706
668
170
451
215
398
654
659
507
526
733
659
89
345
766
28
160
517
524
166
448
773
143
454
240
726
799
784
250
488
246
51
344
62
221
690
396
324
324
684
208
228
432
255
14
626
729
265
581
814
455
815
163
821
656
761
321
484
329
631
344
84
748
166
187
451
285
681
601
146
655
621
341
719
718
444
809
375
218
767
501
52
512
141
12
179
538
531
217
249
781
415
749
359
360
335
657
611
244
792
584
566
468
114
783
392
545
419
536
827
161
56
277
542
723
81
354
393
824
63
482
11
392
111
31
418
431
189
721
13
264
584
89
411
808
189
340
194
42
666
732
546
823
827
371
353
535
745
801
364
573
657
733
290
84
336
563
197
787
142
811
647
283
677
24
511
628
828
201
12
581
810
371
482
58
45
228
620
519
50
667
326
625
685
10
501
564
759
684
150
27
410
249
531
830
86
33
385
682
10
760
151
825
592
334
527
648
41
320
219
198
278
708
726
615
452
273
17
419
754
281
604
550
170
502
404
271
586
744
762
556
577
550
709
395
18
449
276
44
311
123
279
201
738
38
321
227
440
211
224
740
414
672
303
347
16
411
280
191
234
29
613
631
223
521
602
210
593
63
45
562
374
722
617
694
224
443
165
469
420
46
593
690
710
183
771
151
764
380
38
460
70
784
777
300
383
573
642
616
89
158
39
723
678
22
580
306
96
291
513
275
688
369
25
237
51
275
122
48
756
162
454
435
256
223
539
684
821
526
277
510
608
342
535
549
531
1
722
396
393
533
768
489
560
284
480
370
517
146
494
425
755
89
718
782
798
269
487
283
2
790
46
82
471
769
448
644
325
286
119
290
447
732
161
780
337
156
289
282
796
363
328
686
555
562
669
577
420
780
810
467
328
91
181
572
520
516
20
682
593
794
240
690
17
175
338
642
726
35
148
747
550
115
818
810
766
461
747
514
352
621
385
191
599
207
221
278
715
765
172
700
513
225
52
305
525
202
631
670
108
230
225
352
280
58
274
180
415
170
571
390
272
733
316
743
788
27
114
147
287
803
568
788
729
66
507
254
745
479
689
86
536
314
778
374
169
759
51
268
261
376
25
76
345
741
788
443
786
543
160
91
354
209
516
68
4
579
281
427
43
651
704
817
392
140
392
476
243
373
285
393
350
369
537
785
367
785
600
773
134
473
361
677
60
387
725
349
506
266
249
191
64
237
307
738
543
289
147
212
601
825
454
658
304
533
566
256
495
790
527
412
510
312
796
439
800
38
443
242
288
59
454
560
658
209
346
826
691
140
525
461
761
158
675
582
442
558
734
602
822
756
62
174
171
523
243
358
170
19
353
251
659
202
191
83
341
263
242
603
225
403
34
475
221
500
489
226
422
108
483
113
551
235
25
342
773
762
395
58
539
553
588
696
17
824
690
584
790
39
451
648
166
213
169
485
593
67
752
75
813
104
778
713
78
254
727
258
682
621
514
742
125
506
827
739
588
72
616
578
254
449
631
663
7
353
80
286
142
711
204
309
607
624
756
310
491
445
654
566
207
731
193
589
602
578
288
362
612
549
634
330
378
128
830
748
576
743
375
372
264
18
739
88
636
580
183
216
782
33
506
232
223
328
789
371
329
360
168
196
388
436
612
138
309
824
525
778
812
771
478
212
730
489
285
746
280
135
338
423
785
801
18
786
116
512
342
346
470
164
70
732
674
705
109
20
768
576
20
454
434
313
368
188
204
28
407
801
360
258
203
296
391
256
733
174
122
280
730
12
248
33
576
477
422
694
94
314
523
191
330
59
388
815
155
261
442
530
147
81
824
19
262
319
722
660
21
437
347
771
779
284
579
746
250
190
9
425
292
276
508
120
455
776
136
738
654
428
752
242
485
624
220
587
249
21
229
815
712
483
3
303
534
817
77
395
630
407
256
389
246
319
807
723
96
65
490
475
488
636
212
220
137
383
670
557
631
711
339
180
459
244
17
731
648
511
32
728
396
89
422
672
358
370
393
464
664
755
157
245
456
829
73
585
70
89
124
752
74
620
807
559
122
796
636
278
542
361
103
282
94
237
11
764
179
793
454
180
625
154
193
360
402
807
758
170
323
191
85
816
593
264
84
263
619
490
32
298
768
644
3
128
430
241
462
523
2
422
803
828
231
407
460
434
516
119
75
469
69
112
576
798
352
569
219
153
293
201
446
775
243
778
435
287
125
376
612
38
593
281
505
486
149
226
642
636
181
700
458
412
220
637
484
439
797
68
463
453
49
147
608
284
451
412
149
89
341
258
763
684
598
798
107
19
350
688
410
183
156
407
140
624
561
393
488
721
376
327
234
620
544
576
550
621
802
334
209
544
392
805
534
398
569
502
286
193
206
725
738
635
326
740
358
542
139
613
728
669
65
302
599
134
593
820
604
254
724
155
630
782
335
25
566
729
822
788
349
777
409
63
223
481
210
12
768
12
502
248
401
438
286
733
358
226
367
529
322
393
638
500
644
232
34
640
236
611
641
376
242
326
170
293
662
602
163
591
487
142
498
290
620
107
598
575
662
52
297
354
35
387
730
379
308
687
607
198
749
241
271
133
732
709
700
153
117
337
738
600
659
285
264
183
106
735
708
108
829
474
358
488
602
212
222
655
77
180
784
232
368
87
371
453
441
793
592
215
314
139
783
460
449
151
581
431
631
784
299
626
197
42
633
517
227
77
376
493
574
457
252
629
800
829
555
761
627
109
674
188
713
140
776
136
325
128
616
559
319
355
475
160
331
656
766
192
814
326
37
444
249
473
824
276
422
121
764
73
728
809
85
814
629
695
516
757
736
597
806
196
216
211
640
113
96
254
379
703
772
156
493
106
453
42
734
341
274
22
565
581
217
256
301
88
674
514
86
474
156
620
776
402
49
721
296
820
318
44
394
178
795
330
320
363
348
154
403
314
461
636
119
539
675
806
319
250
237
767
329
533
553
231
765
32
263
339
283
829
604
515
765
544
801
14
754
618
769
682
781
488
665
533
118
13
197
362
328
634
125
637
521
145
654
121
562
740
359
339
678
647
112
81
670
172
372
747
599
235
814
807
488
33
111
783
693
731
788
462
663
289
26
242
692
616
561
348
64
316
636
118
821
703
116
228
715
11
270
388
411
59
665
780
426
374
645
239
773
117
137
629
39
573
9
245
132
551
4
224
158
356
48
602
823
127
594
685
561
335
72
238
752
326
348
154
266
452
33
584
788
223
361
105
704
150
131
20
684
65
286
577
415
355
736
820
702
21
439
53
713
397
783
737
72
719
147
727
110
162
445
524
570
691
346
705
793
748
289
550
576
141
486
819
604
77
434
638
102
130
107
770
473
205
489
172
740
583
577
776
639
210
129
571
527
742
225
725
19
275
460
16
685
435
375
644
99
565
66
275
447
35
602
291
390
649
736
147
484
462
135
9
692
423
460
434
297
412
66
762
187
535
798
8
214
746
139
180
776
564
783
309
174
504
354
86
395
387
710
156
291
219
571
775
74
231
349
324
799
584
307
795
266
364
305
406
134
414
454
499
414
528
597
245
255
623
92
591
253
525
669
542
716
153
389
761
738
153
516
341
220
133
353
510
362
487
809
505
380
493
136
413
178
819
705
404
338
18
265
830
20
265
442
101
164
226
704
353
400
162
410
328
631
149
767
695
825
445
764
609
595
82
181
393
321
118
15
467
418
437
92
30
473
661
516
823
224
769
493
787
71
541
185
408
562
341
536
66
101
471
176
683
258
125
678
827
452
451
788
792
307
375
756
469
366
771
828
422
485
370
563
76
405
611
560
10
176
517
261
650
610
290
77
188
505
741
147
159
35
205
467
152
317
514
286
608
45
198
612
306
668
14
241
535
585
632
188
808
423
223
181
345
461
790
577
132
583
282
468
539
360
445
578
257
371
489
229
795
734
384
688
786
30
71
353
760
615
493
446
675
777
707
595
313
207
786
755
287
664
219
178
828
278
705
76
3
771
617
757
267
39
90
345
174
36
45
584
793
408
658
483
530
308
664
47
197
722
493
640
81
481
213
751
729
805
682
606
529
24
612
596
87
449
319
449
584
365
44
552
46
366
764
746
386
89
374
520
589
595
673
123
151
737
434
441
441
159
648
356
141
420
482
658
716
455
709
223
703
813
75
241
661
216
28
627
445
695
108
601
577
696
697
322
714
768
187
111
345
451
74
620
409
789
621
703
60
53
746
683
17
175
76
411
651
369
742
2
231
274
218
243
756
655
603
706
229
213
172
395
638
794
353
791
496
480
538
721
795
420
299
117
441
420
353
563
50
128
34
790
558
94
51
130
741
747
175
762
658
763
137
625
457
501
192
61
578
365
463
775
98
327
669
554
420
663
405
689
48
523
305
795
755
130
520
207
146
778
168
783
467
242
449
639
464
162
151
317
483
819
533
813
283
103
722
139
168
654
242
78
517
732
634
617
18
120
630
662
250
745
524
430
683
514
221
609
187
524
647
507
729
518
318
515
49
65
532
753
7
105
762
6
395
79
792
145
122
110
784
291
812
193
199
169
378
119
197
48
754
535
609
204
660
238
730
255
368
159
100
204
40
423
165
241
202
9
791
96
755
477
362
118
251
54
30
81
639
656
194
623
735
270
448
48
436
708
274
490
493
165
155
744
811
249
155
484
163
535
512
604
798
349
769
537
600
341
575
671
80
96
600
777
133
717
106
255
493
462
354
25
419
808
27
383
520
489
499
135
463
85
6
211
308
157
238
670
271
271
381
828
229
204
590
16
20
380
607
608
371
700
773
666
509
329
156
353
232
154
63
380
53
14
777
736
490
686
591
798
561
392
691
168
154
641
64
685
186
775
367
491
628
197
421
444
777
455
77
313
549
711
80
561
132
438
704
102
128
306
523
76
512
28
752
736
814
658
481
688
511
533
287
160
395
586
452
211
45
409
652
550
261
158
180
445
402
496
704
659
410
431
274
22
761
131
664
638
703
557
641
735
464
629
593
64
705
272
7
13
506
190
107
289
331
590
26
480
141
76
210
266
472
803
684
188
472
223
328
314
20
214
441
650
265
88
801
386
326
532
794
481
492
540
706
650
815
578
84
566
18
39
565
688
280
417
540
41
323
551
205
532
584
484
642
247
442
734
791
653
532
17
650
340
392
768
571
628
129
192
447
334
338
453
776
92
265
146
309
121
301
572
189
680
112
358
634
369
151
300
182
655
173
695
199
254
737
485
525
622
668
540
824
245
128
346
325
486
302
98
36
58
408
136
147
492
236
114
363
276
604
723
25
678
183
25
530
281
133
745
151
698
740
296
407
566
681
772
791
701
36
71
85
628
197
731
534
326
816
571
243
280
733
49
660
115
740
56
527
397
171
623
118
62
787
150
310
331
484
510
144
505
392
667
549
456
182
156
595
416
619
178
6
51
612
176
279
1
451
665
615
65
287
421
515
315
545
474
798
143
18
285
801
551
579
664
558
97
86
444
633
633
387
537
706
695
400
295
770
366
307
289
323
686
281
441
631
625
20
649
250
611
13
199
471
35
494
646
299
102
545
208
459
612
12
174
267
173
720
721
719
459
577
369
567
277
15
224
413
427
40
115
183
804
163
121
281
770
403
609
155
587
743
616
513
767
798
275
670
666
675
261
316
406
671
827
82
711
665
527
101
716
419
247
520
332
660
265
561
276
551
28
315
622
514
453
456
584
379
428
420
161
57
629
133
23
713
294
630
211
756
408
536
50
619
498
463
197
694
730
622
196
728
197
271
796
771
543
553
804
315
660
139
383
7
608
367
801
746
602
35
487
192
339
302
486
726
167
411
732
274
137
459
565
90
511
599
817
424
13
568
793
309
60
494
760
94
669
361
310
412
575
182
70
147
503
86
571
221
518
45
81
275
814
461
176
412
565
427
809
61
500
167
505
789
175
682
348
158
169
526
339
537
568
458
585
604
477
670
739
354
274
452
472
201
62
759
290
785
259
443
206
426
585
139
216
660
298
399
609
293
495
485
70
423
116
14
352
87
223
667
795
319
620
733
625
723
503
239
216
79
721
27
556
396
738
829
137
232
19
651
774
712
142
76
359
199
442
139
288
572
562
153
318
154
265
737
356
681
584
410
107
416
697
315
319
701
355
24
120
543
115
499
593
732
615
92
53
224
318
504
344
441
313
79
270
458
724
785
501
192
83
87
380
189
467
557
118
390
438
595
747
305
69
407
558
516
97
747
731
349
309
419
248
439
318
700
361
166
96
790
723
714
88
272
191
525
387
564
464
560
344
427
678
317
337
182
295
200
734
485
777
544
134
87
317
474
515
728
486
323
308
241
50
273
797
735
455
68
276
347
722
32
275
641
429
593
772
564
305
10
389
712
246
441
516
470
262
113
34
366
572
104
143
829
473
104
292
495
826
486
371
471
800
739
325
520
38
640
217
169
596
303
284
17
39
29
760
403
778
347
609
60
87
561
698
482
669
594
32
235
482
184
573
375
246
689
581
351
573
521
123
300
784
334
727
733
592
97
216
216
734
386
115
773
593
487
512
19
413
662
529
567
272
34
635
504
177
727
662
360
263
240
299
495
269
317
704
29
767
21
228
344
651
4
747
188
685
481
668
141
172
186
489
453
332
748
131
261
680
482
797
596
746
740
434
183
510
774
468
686
407
773
254
514
515
441
497
276
594
279
614
227
325
499
356
103
584
756
477
697
283
454
299
239
125
790
459
482
737
263
483
752
171
117
818
819
669
13
620
457
600
448
697
484
239
325
340
193
304
607
498
528
493
178
251
241
144
644
361
694
398
801
267
759
669
487
57
378
374
438
740
823
202
424
522
707
53
292
563
175
349
494
262
725
107
500
545
409
324
140
508
124
389
293
386
419
169
695
433
287
351
793
665
728
220
202
668
739
762
448
246
559
172
516
316
16
676
660
379
735
563
355
618
804
30
58
600
376
157
23
287
412
712
112
636
194
227
131
471
775
582
605
498
195
802
421
276
133
235
653
90
480
666
66
202
649
539
285
7
172
114
607
509
723
602
676
399
60
342
613
488
124
486
56
131
256
160
292
15
607
169
789
118
244
484
727
122
78
665
139
409
666
760
42
336
285
253
112
352
774
230
319
755
410
469
488
590
502
613
658
636
369
411
562
12
81
640
443
112
464
511
613
568
640
465
707
95
168
163
2
704
103
742
362
270
364
116
739
357
804
372
595
53
698
810
95
695
577
742
398
86
578
775
248
488
490
445
756
129
658
445
806
791
448
130
621
174
809
197
46
229
352
822
549
552
604
604
49
801
346
554
673
403
662
804
649
182
342
117
277
298
90
184
450
138
556
89
96
518
236
91
554
780
592
314
118
724
28
679
118
60
324
66
24
402
11
537
142
224
425
311
106
166
328
507
461
390
742
418
763
173
478
543
703
34
688
617
216
742
828
818
375
474
89
88
546
812
501
523
531
235
365
38
356
559
810
237
745
539
265
692
343
418
284
341
784
174
577
620
715
583
669
305
291
98
422
259
181
630
194
523
372
159
518
197
388
442
479
697
433
212
697
815
241
177
154
605
77
283
205
681
193
86
762
335
199
637
570
706
617
256
266
132
204
10
33
738
410
404
799
650
60
467
595
174
138
830
798
12
803
680
673
57
725
609
478
118
412
529
382
98
642
413
388
569
737
36
75
132
548
123
552
485
540
667
162
45
62
171
181
451
728
322
430
391
116
461
7
416
371
720
489
102
309
327
328
710
565
605
241
248
626
323
801
691
105
464
53
715
527
324
387
528
68
326
682
610
273
590
194
33
794
448
277
385
667
17
670
730
663
605
535
174
110
467
162
418
370
139
252
425
160
210
560
83
318
271
114
228
340
197
201
403
86
595
74
642
222
799
187
809
513
724
756
764
703
729
568
290
33
327
427
685
91
675
606
401
593
523
297
241
546
318
532
625
132
811
500
815
704
271
487
467
166
609
65
192
96
653
653
591
748
236
719
392
712
564
501
99
7
707
254
371
225
219
366
611
58
816
505
221
130
819
203
323
57
302
358
240
627
725
668
366
487
316
167
84
597
650
366
485
354
733
131
454
496
287
364
133
14
776
455
320
271
756
128
54
95
522
19
735
813
587
684
509
625
781
771
212
389
241
27
216
93
372
661
681
176
464
130
470
136
430
545
522
235
579
100
724
681
488
815
122
214
90
255
538
522
400
41
499
135
757
170
823
407
101
585
754
565
828
506
661
623
230
35
462
771
259
746
501
670
558
437
38
567
666
289
816
706
441
264
339
385
468
632
61
776
641
51
307
154
206
307
524
136
486
726
448
587
125
568
198
397
50
236
355
486
197
752
668
816
755
202
549
608
253
62
435
182
666
37
830
175
206
46
25
410
657
495
210
201
231
405
263
3
658
811
235
26
729
166
234
194
145
51
152
712
3
404
564
740
434
29
61
606
506
767
592
113
139
580
452
652
23
352
163
584
129
262
93
137
235
20
317
807
182
718
36
42
596
460
450
187
490
183
516
823
600
744
349
386
67
303
423
36
169
224
255
71
523
599
296
73
148
759
112
819
722
146
493
554
304
429
314
654
677
248
798
333
346
406
611
363
411
343
499
231
406
567
239
263
208
499
554
25
166
368
704
286
443
289
393
301
604
789
590
205
249
323
398
651
16
616
524
114
667
493
466
295
465
440
293
499
130
157
449
782
163
402
402
226
656
275
478
727
56
491
444
609
87
660
174
541
395
581
622
169
152
60
381
338
452
770
94
528
689
256
331
606
510
471
380
600
101
621
629
265
570
661
253
627
829
8
71
1
211
600
171
819
363
710
251
388
618
232
472
361
550
11
161
392
148
539
635
119
501
697
188
270
623
592
251
151
354
385
431
61
656
687
738
275
190
373
776
717
101
459
270
665
295
652
329
582
381
468
624
542
262
692
211
406
805
520
363
406
338
153
708
212
208
396
319
129
612
361
153
359
570
613
227
385
619
689
352
807
597
28
439
528
402
569
97
775
564
115
117
718
750
401
427
442
246
386
111
685
590
792
444
613
114
617
285
112
501
278
531
242
221
265
163
133
484
795
413
307
458
258
617
821
611
160
106
42
684
570
579
483
127
679
571
366
231
463
828
63
193
204
583
397
377
803
341
576
478
493
273
127
480
143
105
74
50
195
727
650
175
608
472
488
174
750
255
791
702
560
761
217
217
450
581
532
472
133
224
394
713
782
179
687
216
554
531
754
368
265
577
756
544
110
528
735
655
423
617
171
503
141
43
540
163
363
266
749
85
16
407
489
460
718
303
66
724
147
643
427
427
134
555
135
646
764
276
301
434
619
750
116
698
680
93
232
411
345
166
689
596
537
391
363
244
771
85
243
377
593
777
119
551
196
90
807
546
530
95
736
830
337
249
704
650
450
20
569
3
397
131
151
721
744
480
189
530
147
287
808
721
818
25
44
280
324
557
523
505
67
180
39
460
335
771
227
662
71
314
596
635
40
533
818
212
140
23
795
784
420
695
543
223
207
333
54
126
16
805
746
25
432
287
655
385
223
579
665
481
776
330
106
144
336
51
543
459
413
787
194
132
225
432
652
245
385
503
91
552
125
533
264
310
533
627
597
386
319
157
770
712
112
689
182
698
734
533
243
8
56
682
549
379
201
518
370
39
289
409
390
410
671
491
336
239
637
650
122
566
170
484
398
473
699
49
15
628
791
134
641
122
317
658
615
522
383
169
261
186
507
291
618
120
544
734
32
417
68
397
367
797
533
362
658
74
22
361
690
693
210
281
320
28
347
677
95
716
733
488
368
655
361
451
699
244
795
782
713
156
819
270
422
129
292
322
517
231
230
582
45
408
214
102
353
87
300
578
83
609
191
459
535
376
214
99
796
170
93
626
528
657
720
654
451
368
160
51
367
543
61
307
55
152
275
297
468
572
475
556
591
220
64
432
357
162
150
391
129
6
775
651
550
331
176
435
263
722
438
674
629
761
20
102
282
659
436
391
508
122
810
65
327
508
502
248
179
383
527
100
333
539
675
24
174
499
815
749
802
124
706
268
635
68
221
471
536
282
644
74
646
222
366
546
477
683
86
518
72
509
572
280
438
723
178
31
136
271
414
212
425
540
264
562
134
812
171
696
312
421
734
221
487
122
398
730
443
199
545
365
798
96
525
251
439
488
428
265
300
581
780
745
343
355
638
752
135
219
66
153
214
6
786
742
789
202
756
505
702
621
177
99
262
250
266
222
461
274
156
793
421
291
730
552
394
182
780
770
94
116
628
256
41
718
155
112
93
103
760
318
636
376
224
736
268
322
663
235
418
829
577
93
115
617
154
299
249
41
277
793
195
267
144
62
258
605
377
691
67
455
463
472
249
666
595
656
670
95
747
194
133
9
506
101
771
200
670
742
371
278
745
492
360
122
98
261
458
640
775
574
220
40
750
538
667
199
528
654
656
314
562
514
70
364
658
25
163
10
490
162
92
347
465
382
481
121
442
829
230
178
736
354
503
755
87
698
443
404
303
476
544
222
297
826
324
323
116
48
468
57
21
513
494
57
696
635
551
817
733
763
577
263
7
471
613
221
217
511
681
604
366
256
547
454
708
274
218
39
567
205
61
374
5
746
158
587
822
803
654
261
270
317
97
184
220
768
275
620
387
35
237
521
769
91
580
112
420
660
474
457
570
385
583
821
242
475
388
180
508
350
532
401
693
459
694
21
763
643
769
6
172
408
408
531
775
710
335
274
70
144
168
166
495
454
528
460
34
428
711
625
721
545
49
307
326
252
601
516
601
225
3
733
43
279
412
456
625
317
606
166
350
434
42
50
635
170
410
576
297
412
403
279
825
385
84
308
638
818
648
520
434
566
8
102
823
475
26
769
398
277
432
428
310
724
689
175
657
726
45
803
551
742
637
617
161
161
816
526
403
30
310
703
724
576
237
489
321
423
641
95
674
329
728
356
522
2
710
270
24
86
224
403
520
464
324
154
556
548
469
142
296
531
716
246
587
796
161
22
166
671
426
501
16
255
360
577
315
400
354
357
721
604
132
435
259
102
59
779
599
24
174
350
531
61
242
364
488
255
825
719
453
39
32
436
511
12
156
380
718
48
119
367
420
435
377
612
55
819
369
578
253
612
502
234
341
491
360
269
159
34
513
701
236
435
202
116
395
639
104
289
826
88
39
65
591
314
392
519
349
11
433
657
143
401
164
136
51
654
440
490
815
607
503
583
522
39
139
704
177
794
749
1
79
419
186
310
284
105
742
433
378
198
504
261
391
214
327
405
687
103
309
800
529
263
777
388
100
265
405
635
221
96
685
277
530
606
16
394
531
184
719
180
610
447
69
318
90
621
252
614
748
633
530
13
139
532
326
648
387
583
244
196
295
665
423
194
255
168
516
520
758
669
814
723
743
429
95
366
713
413
375
99
661
636
814
175
515
603
764
356
633
508
348
376
463
435
783
86
613
641
437
65
687
709
245
258
196
683
149
472
476
189
707
640
29
680
139
771
679
688
116
397
677
682
567
720
111
806
566
371
254
529
341
467
376
577
654
370
484
501
274
404
132
546
550
610
245
627
418
730
51
255
624
579
248
360
487
85
169
716
617
596
156
630
805
3
535
556
635
823
379
490
692
238
362
772
310
204
366
175
34
301
630
631
97
693
487
44
159
467
552
684
363
170
790
346
28
698
520
277
331
776
660
632
332
269
441
209
411
509
746
182
567
157
436
56
742
9
68
522
753
699
65
28
710
773
444
252
87
783
597
213
702
436
750
128
67
694
83
536
123
830
68
56
601
417
229
132
680
406
99
390
696
537
781
779
198
30
807
560
800
120
287
361
586
596
485
584
292
73
201
573
361
731
581
75
761
385
151
345
428
182
194
384
102
705
687
129
789
259
430
99
199
499
356
359
798
347
492
253
810
774
336
248
585
56
768
409
103
695
420
740
501
283
309
674
724
438
33
549
785
770
278
643
796
543
262
681
683
212
271
636
607
568
320
820
49
769
206
255
346
247
107
772
731
525
90
597
818
348
260
271
187
188
755
306
376
33
661
161
2
486
381
90
205
711
512
20
723
469
739
91
757
92
192
694
20
822
257
48
243
634
408
822
817
41
646
252
191
707
300
413
420
178
690
94
342
299
342
424
511
592
210
417
370
557
60
823
671
356
665
770
86
599
743
59
449
593
199
798
744
207
778
209
818
267
395
786
42
10
519
430
617
198
446
772
116
576
581
483
504
417
315
543
105
547
373
119
80
765
739
115
507
294
222
303
258
394
688
88
654
768
216
350
676
234
763
88
385
496
282
591
404
339
461
699
732
602
587
37
640
613
269
362
136
587
537
740
413
776
498
412
275
276
361
457
254
201
804
716
531
152
250
37
188
493
800
411
465
607
155
71
59
162
43
258
339
341
281
107
820
72
105
163
566
554
421
770
333
483
512
512
761
495
554
812
228
157
345
661
801
790
408
200
514
1
313
687
194
716
272
4
27
412
806
563
790
73
11
55
599
76
568
738
567
499
98
38
236
630
31
208
566
384
739
197
390
642
73
289
664
183
172
35
646
335
80
304
370
327
369
70
33
29
343
158
432
84
214
820
186
407
552
519
452
727
643
775
522
668
274
389
364
234
244
450
270
608
398
280
331
532
364
144
783
594
429
505
412
76
537
102
39
529
409
425
180
653
388
666
139
227
758
215
69
90
311
273
484
641
688
56
94
482
621
301
14
636
715
757
526
489
411
194
404
666
270
210
659
489
543
776
283
94
30
198
114
230
617
177
751
229
692
512
472
670
554
46
502
96
129
169
544
28
325
129
112
189
490
183
285
242
248
239
242
357
435
95
684
177
501
568
200
133
44
378
154
281
533
308
248
555
655
553
722
471
543
548
359
299
119
309
736
115
117
146
489
469
124
573
711
700
299
506
426
326
616
39
114
419
15
770
216
388
47
326
68
535
533
596
289
379
181
319
692
467
220
653
295
734
525
184
625
146
475
410
292
367
431
682
580
417
118
802
743
24
394
520
431
541
513
193
146
151
412
356
381
627
405
121
773
149
11
116
517
462
731
209
309
502
719
21
420
89
475
296
699
804
655
675
87
753
408
677
329
371
244
813
632
368
181
222
56
357
686
755
381
672
755
437
596
733
60
147
224
222
478
418
667
171
485
24
188
336
196
128
766
363
23
711
659
51
323
220
498
405
159
114
138
13
657
172
20
210
328
106
681
536
410
591
666
319
583
595
353
614
481
615
241
300
359
629
256
823
293
804
184
634
420
801
792
663
169
426
461
244
373
776
604
659
125
90
772
425
697
745
689
346
679
692
573
755
733
570
245
88
593
735
300
413
622
497
586
390
60
735
708
39
409
668
432
578
775
611
746
746
312
666
798
201
440
428
65
318
438
207
701
740
178
285
602
518
135
439
343
440
743
188
60
734
826
546
396
259
106
332
353
166
286
624
668
573
368
740
754
732
610
309
7
596
511
455
17
595
764
337
470
704
450
8
682
502
262
93
488
536
554
384
606
240
755
118
175
317
643
525
214
388
82
517
213
736
547
583
821
527
138
91
683
677
682
774
289
134
423
36
43
775
12
449
305
482
400
246
799
264
662
307
825
513
30
252
232
186
796
721
300
547
492
729
411
709
124
384
32
120
408
406
357
299
167
636
552
64
543
137
552
620
161
329
436
123
450
222
91
822
595
740
587
84
114
431
381
810
743
266
151
314
261
109
217
131
594
800
544
413
633
139
729
58
133
630
352
505
126
93
21
636
347
47
127
816
500
627
432
364
195
87
67
618
555
733
611
10
567
772
825
254
86
148
716
672
811
386
532
102
108
369
358
609
525
493
554
41
9
701
810
577
247
167
377
739
247
158
487
256
805
819
610
650
408
637
813
630
526
726
754
480
613
124
801
608
199
294
737
768
382
536
306
786
597
775
50
307
702
811
26
668
576
158
439
791
739
101
817
550
532
552
529
234
269
495
742
80
234
743
63
601
528
145
98
822
537
163
131
730
508
794
85
179
803
340
414
764
80
62
799
490
388
384
335
633
29
396
26
455
410
735
449
768
566
783
439
385
371
817
36
137
26
756
655
78
131
747
717
335
190
771
22
228
99
52
498
71
368
663
230
653
296
145
191
269
307
663
725
44
212
230
288
142
270
171
496
746
433
305
108
308
666
293
381
661
169
633
482
719
256
632
477
237
257
530
762
726
381
685
74
189
312
115
702
215
530
129
707
161
393
447
559
321
493
269
723
482
645
13
46
155
644
213
613
309
343
191
452
67
824
411
585
542
174
13
100
628
802
27
609
810
31
165
392
25
614
204
301
568
247
517
209
744
80
786
646
371
50
26
219
709
90
258
253
275
250
728
643
228
87
270
85
700
610
53
158
92
719
694
257
422
682
286
204
360
460
568
705
777
661
556
347
392
220
510
594
219
595
361
629
566
401
346
306
120
663
383
589
654
575
317
757
628
778
54
706
683
70
276
229
212
689
294
803
811
260
339
774
294
720
334
730
528
517
557
86
53
289
76
333
418
763
356
368
477
110
533
505
23
770
693
2
289
341
782
58
138
140
2
540
409
630
490
222
112
347
615
95
92
207
173
693
217
360
40
731
137
378
678
52
161
535
419
352
633
296
792
153
623
463
394
146
590
661
374
667
643
334
77
793
250
138
382
413
592
785
805
68
36
641
419
548
447
805
522
707
714
467
225
587
498
74
821
664
278
567
566
197
178
702
638
100
301
112
135
455
750
158
686
517
446
145
23
34
764
451
305
550
70
120
470
654
746
778
664
554
497
733
190
230
313
691
363
509
527
675
384
255
206
568
107
19
424
168
97
607
664
524
124
608
3
100
595
80
545
613
509
737
239
397
39
575
230
478
298
121
627
40
328
280
88
43
434
636
517
49
537
602
252
123
373
59
17
85
76
471
143
180
133
309
728
182
690
402
602
717
535
164
438
331
421
237
767
686
660
447
458
385
282
325
607
754
589
170
192
136
602
209
617
452
811
101
180
677
85
427
690
139
347
246
156
422
717
775
82
27
624
570
68
171
394
88
505
232
604
48
26
409
185
247
316
741
554
321
622
405
162
59
733
134
444
360
777
376
256
317
830
692
510
614
659
163
337
402
77
705
6
632
15
470
352
470
772
746
337
133
271
1
709
160
427
556
68
412
327
291
430
127
123
428
398
92
423
602
263
585
364
743
601
152
242
523
798
47
590
710
419
369
366
185
247
784
731
691
518
16
659
821
389
622
723
169
176
238
159
500
121
232
500
301
151
22
794
620
403
702
465
281
295
810
747
783
683
662
4
346
30
509
555
240
691
630
443
634
152
223
801
554
468
171
583
57
72
825
803
358
182
613
135
544
639
149
571
350
114
251
388
176
119
258
169
69
232
554
390
365
85
207
799
249
214
157
509
132
343
660
573
135
287
653
830
705
521
394
696
734
791
714
333
173
739
493
601
249
821
693
822
451
577
451
348
596
13
414
634
452
546
155
377
682
227
194
809
676
388
431
73
31
339
320
622
601
134
218
45
270
226
319
422
95
658
497
329
424
345
187
533
296
166
260
72
696
640
105
795
654
539
660
409
480
290
326
574
28
511
797
515
229
617
460
269
31
558
548
135
331
494
222
343
435
20
797
433
751
440
287
568
46
226
759
418
228
392
556
307
813
340
565
549
635
536
673
514
384
406
12
444
354
292
293
336
166
396
446
471
319
212
448
534
205
110
204
58
821
341
564
696
485
792
68
464
594
16
231
190
194
327
415
370
100
237
658
684
265
215
755
352
769
62
225
604
797
535
761
98
81
434
25
209
626
359
345
591
494
485
14
152
367
814
39
158
395
299
326
465
690
745
651
131
435
825
173
450
65
281
700
556
50
297
530
328
750
567
29
689
702
771
163
610
404
583
291
58
537
569
248
610
123
498
484
95
667
43
567
195
678
628
716
171
705
396
821
327
547
140
320
638
232
565
558
296
830
107
205
155
740
52
808
667
658
364
700
641
215
245
723
732
491
630
66
267
577
372
418
90
689
83
99
46
162
125
129
60
544
737
9
703
776
708
676
330
221
805
298
802
226
115
799
166
608
348
30
69
527
481
439
725
156
40
722
624
540
742
799
83
666
665
608
119
711
658
811
672
90
318
425
68
562
20
540
609
279
501
490
741
744
523
493
26
119
263
6
583
447
387
688
493
671
554
228
333
347
710
402
217
517
671
10
147
67
514
599
79
132
651
305
735
509
373
109
254
761
744
274
142
740
69
242
272
196
305
307
347
62
141
823
12
443
733
627
224
630
60
102
91
187
29
426
38
32
824
54
471
816
311
103
783
213
35
72
77
745
544
139
338
819
823
502
737
88
783
634
206
196
203
318
807
509
415
761
747
590
134
211
605
157
786
667
612
715
362
294
712
380
338
629
218
6
760
743
124
25
569
257
707
112
493
446
288
327
765
606
500
802
133
95
215
484
633
369
132
595
29
580
465
230
53
730
377
747
501
161
39
177
824
485
544
473
257
605
62
813
509
233
223
39
112
568
438
475
318
183
571
412
557
806
535
692
44
113
166
667
613
177
335
511
145
528
119
370
585
668
286
758
270
511
760
146
65
828
539
275
70
328
68
99
41
392
486
821
742
160
740
311
812
381
676
66
62
822
133
161
209
365
597
690
371
376
233
342
393
532
690
272
511
64
81
653
795
713
496
246
237
577
690
108
554
73
42
387
693
534
88
682
335
174
63
644
31
506
31
703
689
224
631
817
556
300
652
314
771
599
166
401
108
233
319
320
255
133
127
700
390
693
102
515
324
686
246
733
726
413
12
550
187
599
701
641
773
520
816
556
316
486
237
243
48
515
544
669
336
451
571
232
649
563
21
89
587
558
657
478
494
377
676
309
295
674
529
265
222
111
596
373
188
504
578
633
471
773
479
76
361
394
86
189
603
668
559
481
328
746
550
636
256
295
452
164
465
190
790
233
504
189
730
326
295
415
454
669
615
768
145
453
93
216
566
827
177
636
62
536
588
22
560
451
179
732
598
56
514
30
58
325
687
475
521
208
204
129
355
133
427
177
707
397
361
535
56
644
685
430
378
317
184
224
660
41
793
686
754
715
63
408
9
247
728
737
615
350
733
302
191
522
97
704
545
227
491
13
84
798
720
726
434
217
91
164
154
370
800
505
425
389
330
90
357
310
161
213
147
449
716
457
631
287
527
104
445
461
155
248
626
298
457
412
129
86
493
435
461
306
171
170
436
16
552
724
497
680
320
308
21
324
120
491
432
778
740
331
388
30
785
498
339
570
308
702
748
142
40
94
162
549
581
260
361
250
268
374
190
649
823
318
491
469
524
450
518
445
523
199
735
128
391
735
670
137
262
738
224
493
790
121
140
498
665
611
757
293
638
568
535
443
45
755
596
186
360
414
596
416
550
493
308
19
204
654
166
212
513
827
480
103
812
164
398
714
519
502
8
739
355
568
255
612
88
421
561
453
196
107
739
112
616
815
616
470
71
195
36
172
519
325
474
605
793
169
783
333
212
1
193
698
305
644
606
599
88
505
552
250
828
336
778
99
643
74
673
795
466
503
118
668
526
27
739
464
344
309
286
105
492
286
265
266
591
275
29
390
791
156
69
285
664
686
436
556
320
141
28
425
790
242
458
519
318
72
482
546
692
111
3
147
253
125
157
777
621
377
664
254
723
508
32
301
687
342
522
374
804
520
280
161
452
29
794
257
643
416
783
353
718
556
771
271
246
349
725
190
369
633
744
236
71
217
815
692
9
85
260
260
19
392
263
433
814
125
102
167
806
705
543
293
776
170
298
88
131
630
284
347
264
372
435
163
31
43
34
744
113
302
400
123
811
383
483
304
28
681
201
553
602
603
480
545
363
142
696
178
666
720
140
317
34
743
529
229
191
215
472
801
290
715
472
820
191
213
4
337
656
324
190
726
802
96
634
680
644
409
477
661
739
203
782
621
91
524
319
809
272
80
265
43
658
817
283
747
514
175
276
135
693
81
737
664
137
701
74
294
813
537
497
456
383
18
114
792
399
814
40
818
710
398
701
470
416
339
32
613
332
476
760
702
489
222
624
504
659
805
621
743
356
786
277
221
200
107
629
102
244
687
578
251
131
503
794
658
561
689
689
709
210
469
427
332
394
19
672
469
236
18
442
829
247
465
6
186
172
311
47
55
515
73
265
784
656
800
191
589
453
680
507
498
574
340
356
735
116
659
717
806
260
125
260
348
17
124
417
211
201
544
576
424
746
605
208
170
486
706
436
681
207
177
256
94
814
804
357
349
85
568
539
680
414
33
195
339
416
113
74
33
726
376
726
786
365
256
11
238
443
184
303
720
630
669
354
285
772
296
358
801
458
60
265
107
519
482
261
740
657
77
157
627
130
146
257
283
75
54
50
624
438
433
381
64
379
302
395
458
689
677
714
830
538
607
7
317
144
64
195
253
64
110
283
332
775
703
800
270
310
261
429
760
758
290
634
300
819
100
726
77
617
211
797
336
45
605
318
359
502
287
170
762
816
297
341
758
656
725
693
236
26
455
66
310
65
591
411
86
233
306
748
15
162
419
784
181
270
712
23
64
396
172
273
691
461
393
644
27
645
697
204
455
209
362
710
540
322
479
573
624
273
204
521
367
404
405
283
554
478
171
139
773
627
226
518
729
426
335
253
770
437
101
417
482
278
280
11
321
823
44
37
240
532
14
12
825
420
761
109
660
708
600
31
500
435
329
126
322
618
765
498
5
98
754
385
693
106
153
527
5
720
786
706
649
403
653
63
274
43
732
687
98
375
658
536
248
473
739
499
530
486
578
813
51
217
126
201
226
790
641
502
16
772
462
482
313
160
530
531
550
763
313
625
462
462
314
148
682
182
201
169
817
237
769
724
431
488
326
140
106
726
159
644
300
703
707
323
311
600
531
2
422
633
726
368
498
401
733
726
119
9
195
290
197
56
643
805
372
521
332
601
533
589
201
583
340
49
682
401
531
615
609
440
350
421
205
374
500
695
628
807
661
629
28
506
588
5
619
599
385
261
613
756
821
813
790
826
47
522
604
506
617
480
815
306
84
629
80
334
601
316
233
569
441
284
497
410
293
498
308
8
381
437
328
568
678
551
285
494
479
82
343
19
736
349
375
400
399
493
149
370
52
272
796
812
510
293
753
349
304
363
111
131
808
826
466
622
553
345
190
693
360
791
507
374
320
432
215
152
32
342
3
405
323
516
343
587
300
325
128
245
149
387
75
599
367
265
137
820
692
679
371
455
271
586
75
370
198
231
156
119
324
233
39
22
435
824
713
691
275
676
559
377
72
685
652
74
770
393
538
135
127
175
547
799
141
530
422
453
444
154
76
624
559
55
373
431
787
345
763
247
739
157
48
518
192
368
485
496
385
508
351
1
90
253
610
761
664
327
658
703
752
504
541
606
229
319
163
314
671
149
768
657
502
459
709
399
532
140
486
655
341
85
399
480
295
256
648
432
308
504
331
427
209
643
489
331
577
750
672
752
313
733
156
457
459
443
507
321
44
525
50
19
13
610
751
673
227
290
122
229
254
116
404
324
637
308
136
529
704
42
406
487
724
760
87
719
702
751
631
407
109
441
424
650
342
799
481
321
213
446
634
346
117
405
301
539
784
85
222
421
510
113
128
458
237
330
825
68
563
608
665
711
520
58
726
338
551
735
624
55
786
297
254
405
730
82
565
629
428
191
286
154
306
824
618
393
435
9
196
771
427
197
56
159
314
631
827
212
698
6
262
78
754
799
560
101
205
487
425
40
819
136
26
683
544
759
5
709
475
697
131
728
297
155
495
303
363
644
450
586
167
469
690
16
338
325
683
554
420
330
74
736
375
11
380
442
68
347
551
455
367
706
456
264
240
302
753
43
720
638
156
168
634
328
737
499
269
213
701
641
223
347
437
6
206
584
756
38
68
742
392
711
548
641
150
136
197
318
205
26
408
169
384
403
746
164
262
219
676
297
573
454
720
553
200
238
48
145
763
533
141
795
731
750
183
473
468
22
594
191
757
709
307
10
293
241
829
219
188
504
109
262
648
719
590
233
464
39
412
759
166
430
556
253
432
204
758
674
668
456
456
236
319
767
507
443
710
567
466
2
387
399
25
81
610
269
287
529
712
286
299
326
75
363
461
727
9
507
783
102
255
406
327
511
49
798
354
703
289
2
713
623
92
548
727
246
419
646
332
752
413
376
412
360
540
662
90
566
601
180
825
593
66
559
747
236
508
724
271
394
783
719
43
740
477
328
200
569
94
441
435
267
614
418
637
228
558
59
164
155
338
189
213
318
346
828
346
814
449
686
241
799
681
772
725
619
157
554
63
716
330
575
37
203
689
282
755
338
513
51
578
326
291
431
810
93
593
376
598
801
244
767
698
258
410
178
20
119
433
128
642
370
346
348
123
59
303
229
217
615
496
349
729
768
245
14
764
343
207
252
818
633
300
642
185
96
765
343
825
806
553
809
547
373
151
199
516
670
502
640
571
288
582
228
401
458
771
120
45
356
35
64
756
15
325
718
391
44
365
445
167
705
253
533
358
568
133
423
806
101
726
718
558
723
284
639
256
335
295
288
611
321
109
680
473
489
534
805
789
101
746
486
341
409
636
794
311
210
86
85
749
575
339
254
680
175
372
640
804
414
91
237
365
658
717
144
128
585
820
289
691
606
775
39
664
777
256
775
114
631
332
667
517
378
728
254
200
575
151
236
788
698
208
379
442
824
826
528
580
365
439
194
790
314
489
245
618
125
116
807
347
602
61
719
487
90
264
15
433
98
217
192
648
296
440
297
317
599
461
378
337
28
42
331
4
280
279
816
402
116
72
623
39
175
268
513
46
669
14
407
567
48
759
692
590
277
229
263
822
627
827
824
46
634
671
58
421
211
269
797
422
133
72
543
322
24
683
741
611
670
717
757
4
774
385
740
677
516
768
615
738
53
92
481
227
120
274
411
796
38
223
483
50
378
28
759
687
365
413
727
679
118
117
53
45
749
821
513
68
231
816
446
381
692
169
116
320
71
460
254
49
447
676
138
619
248
803
197
428
599
303
787
679
689
644
512
803
467
485
126
798
688
410
57
236
221
134
124
327
120
341
45
117
467
46
101
330
327
794
66
155
260
235
44
699
777
649
763
141
504
703
139
403
565
676
733
394
407
447
784
464
536
19
498
244
821
528
647
568
824
23
584
143
330
457
166
45
586
321
101
263
35
698
417
612
562
380
616
821
535
635
25
392
582
742
208
355
823
222
324
686
158
76
243
627
211
704
353
645
122
799
713
471
293
173
275
662
677
138
498
561
336
817
345
4
133
700
579
443
689
543
292
83
76
648
647
332
385
90
426
591
263
522
690
24
507
300
71
404
747
499
165
583
211
236
216
646
281
154
54
376
164
165
475
715
142
790
521
743
435
706
38
611
283
257
287
607
303
466
815
478
764
115
104
718
245
260
328
476
163
427
386
91
79
596
719
638
249
281
707
415
106
122
167
420
702
1
239
527
818
36
711
485
48
472
580
661
213
286
578
557
166
74
485
600
242
553
595
317
596
748
737
743
523
67
779
68
474
371
307
642
534
403
89
777
480
62
508
407
142
273
315
522
443
167
173
622
614
299
821
752
39
38
154
539
617
46
2
108
758
468
522
328
661
14
113
427
545
796
590
192
67
562
706
362
552
785
145
437
259
251
148
73
417
752
720
210
419
732
542
5
516
70
228
14
70
779
174
689
371
802
575
29
678
738
189
22
387
761
47
301
245
286
668
814
154
702
769
154
217
553
333
569
176
432
514
215
473
225
164
691
454
540
681
170
25
67
460
301
332
449
553
181
200
736
408
542
626
111
58
67
468
611
764
426
406
191
456
119
244
522
574
301
156
135
718
311
690
787
2
276
394
1
92
771
776
154
566
203
573
55
695
124
791
329
711
535
761
504
77
412
619
185
383
796
107
469
521
789
772
634
210
180
215
824
569
664
558
156
125
312
626
242
409
277
414
683
351
451
466
35
579
134
650
725
465
541
109
472
167
756
766
560
422
587
221
800
786
117
340
612
450
24
281
790
19
744
605
236
196
798
262
237
594
75
582
688
115
173
224
415
112
723
352
387
503
76
101
769
687
324
824
464
225
642
613
422
89
655
439
702
796
423
290
522
94
205
478
689
333
110
504
640
472
6
608
671
74
394
209
310
239
751
272
218
379
567
758
533
590
421
38
20
789
154
83
444
139
486
130
741
151
141
265
335
473
694
32
373
319
698
432
115
188
523
591
96
393
252
685
759
459
693
6
772
282
659
383
771
102
42
218
258
126
15
684
486
437
625
523
503
762
674
187
791
360
459
108
382
197
808
158
24
111
782
709
411
472
388
639
576
476
744
244
581
643
799
180
267
462
160
687
550
520
545
811
492
475
33
298
258
124
380
281
559
710
735
782
75
236
715
407
454
709
572
74
410
219
431
192
142
213
239
693
326
697
390
207
129
800
663
788
509
298
148
770
255
583
29
61
226
39
264
542
450
465
308
341
601
218
59
590
453
413
801
753
505
302
261
353
113
119
436
162
51
271
287
445
340
729
482
177
212
78
488
330
88
73
77
438
369
388
763
269
251
572
217
178
652
680
656
433
549
337
627
38
626
490
426
820
257
535
415
381
637
186
430
776
453
106
42
318
754
276
676
208
166
371
107
491
305
421
365
826
410
251
521
538
279
657
49
791
254
790
480
188
829
301
816
157
476
826
554
320
609
543
586
519
632
3
482
424
23
527
302
534
802
805
792
605
552
585
225
167
545
210
255
535
571
253
591
664
801
362
714
700
128
142
473
594
704
604
82
361
363
674
210
175
215
830
482
442
455
34
724
341
612
750
693
181
52
602
8
29
205
449
378
180
10
665
509
437
572
346
234
144
306
250
130
69
272
252
342
743
759
395
273
268
529
406
166
141
440
263
51
574
411
205
259
378
272
631
658
548
71
18
619
182
443
288
159
714
654
596
283
710
371
447
618
737
432
39
108
183
106
28
347
270
129
106
129
349
72
107
221
703
1
156
137
447
95
97
279
315
309
169
604
411
224
349
743
758
521
484
248
63
500
362
21
602
358
62
73
135
523
667
430
33
70
266
723
779
74
321
737
139
388
211
344
105
182
110
284
240
493
555
86
645
202
213
770
305
457
154
342
404
103
69
118
803
249
826
151
612
337
719
441
109
528
756
262
256
190
738
446
555
651
771
312
488
513
449
258
115
123
48
573
570
536
411
795
807
450
704
710
438
358
152
595
723
210
169
476
98
675
30
428
499
638
86
253
62
706
486
14
630
257
460
249
136
819
504
812
533
307
389
748
352
646
498
678
66
530
723
813
321
11
271
275
747
686
562
187
799
485
617
331
269
362
379
734
430
828
545
799
54
271
303
457
50
139
798
31
491
726
156
108
97
609
346
431
786
178
668
455
352
85
271
197
499
418
295
495
38
680
315
221
311
413
793
540
27
808
342
564
800
206
369
633
781
642
720
319
824
46
617
92
829
109
240
726
187
390
557
177
612
487
197
540
247
611
567
695
27
271
516
515
623
767
566
778
201
567
248
188
549
777
401
48
80
691
236
164
367
357
86
802
803
642
384
511
149
57
517
187
48
599
319
688
491
148
96
476
20
25
563
91
449
571
661
175
545
547
512
296
368
393
141
738
118
789
599
314
299
775
625
381
499
63
153
781
563
630
92
35
82
617
600
727
486
448
204
85
162
617
1
576
435
70
682
620
804
809
244
137
825
115
24
504
729
490
261
110
816
738
750
139
498
764
387
92
774
705
134
562
175
764
640
311
817
402
660
742
322
755
664
791
581
794
82
679
762
751
460
493
138
75
17
281
162
351
709
39
699
608
360
527
428
688
457
342
654
535
384
552
161
748
745
421
19
671
308
477
739
337
680
753
104
275
765
75
634
576
540
492
813
587
129
141
654
476
541
147
710
123
252
333
793
312
551
392
420
314
424
452
39
642
452
807
627
3
115
427
427
716
33
559
404
212
61
17
820
640
720
472
572
138
798
96
131
546
326
99
250
225
763
261
145
767
58
747
658
723
727
273
540
554
721
756
603
483
253
324
32
561
377
186
715
705
787
40
319
622
242
311
110
569
587
244
365
54
220
164
43
102
137
806
332
103
734
636
444
300
173
18
703
645
278
669
128
280
577
534
1
344
260
118
694
575
464
533
599
227
343
327
27
679
784
255
309
624
256
651
286
822
471
173
530
530
410
774
527
74
629
473
144
626
554
347
699
467
271
454
86
91
493
409
148
184
134
813
243
752
225
752
501
621
64
735
611
56
696
487
389
798
514
295
695
376
594
15
273
108
232
370
452
403
296
375
401
454
161
172
677
716
628
767
366
29
463
95
817
699
118
640
500
580
244
667
726
293
689
727
660
328
353
685
282
816
657
461
52
321
308
664
39
744
114
638
460
756
819
767
262
520
43
794
220
187
217
456
793
445
329
710
348
419
81
115
458
740
738
553
416
166
458
485
3
11
167
607
700
383
784
521
696
297
736
449
456
731
234
610
354
415
806
699
14
177
552
687
374
526
814
255
567
54
267
503
432
364
290
680
499
327
231
427
134
302
566
615
52
634
346
322
117
414
472
769
146
679
699
26
302
654
768
669
789
190
689
618
176
765
448
377
476
27
597
413
138
528
457
174
703
589
240
555
263
545
181
580
120
633
415
447
670
738
292
826
258
67
582
610
223
114
682
255
521
16
567
71
503
371
290
730
247
296
5
578
132
201
676
404
650
457
526
657
200
46
588
571
379
595
410
612
364
453
739
195
433
254
480
7
658
815
668
791
324
256
227
496
323
73
666
55
272
468
328
406
242
631
416
420
546
692
197
727
783
158
655
110
521
309
738
620
151
321
207
640
561
531
41
637
739
69
141
664
609
507
537
155
320
367
75
642
176
774
224
449
795
241
60
287
727
595
401
168
445
553
623
449
552
826
246
603
40
208
51
525
572
242
165
605
473
236
507
191
766
445
209
296
734
459
23
370
294
721
774
424
347
789
825
715
445
394
77
805
448
775
829
273
403
435
337
662
121
133
181
618
615
182
830
42
128
656
560
724
305
496
616
73
743
755
696
568
511
820
701
82
519
321
2
711
354
144
223
578
545
259
323
733
46
543
178
290
357
317
227
168
765
691
624
52
198
618
681
313
71
289
363
243
736
354
674
86
624
711
359
97
735
103
587
426
95
378
336
207
170
196
329
560
113
399
418
34
609
418
379
562
68
742
744
282
144
346
387
178
302
766
509
454
108
354
317
820
494
229
496
388
250
83
501
509
641
313
698
569
189
110
699
266
583
320
499
412
365
425
249
658
521
524
228
603
224
122
531
292
697
92
617
15
19
163
32
213
331
328
329
213
778
247
47
85
411
819
826
269
129
256
186
131
694
466
699
583
341
674
206
365
622
351
516
404
639
40
470
277
361
315
138
531
90
214
224
420
147
549
348
481
540
358
179
590
747
128
787
101
371
629
10
409
637
361
199
133
645
374
144
486
547
518
169
590
417
373
405
357
193
743
765
828
378
661
342
733
195
452
172
526
261
705
334
657
576
168
440
318
92
355
106
285
45
388
484
210
677
484
43
482
641
182
84
297
428
271
73
290
115
691
482
321
639
713
210
413
818
237
513
414
231
132
90
499
47
558
353
554
646
526
105
735
825
251
661
534
334
125
464
131
574
584
526
324
111
508
80
663
257
307
439
398
707
288
134
730
282
525
462
368
608
483
653
740
740
471
680
660
548
446
293
275
529
789
61
778
153
52
365
2
77
782
662
830
83
519
171
524
168
433
278
756
469
793
821
674
403
450
772
220
701
395
348
343
33
788
720
345
558
779
788
123
514
274
133
653
196
32
616
25
377
348
367
586
597
312
87
455
275
88
211
689
186
492
1
796
469
678
706
602
403
554
3
800
413
139
191
263
330
514
659
603
121
112
681
598
706
257
92
222
483
382
195
238
819
704
744
81
331
54
133
123
763
167
791
270
150
192
659
262
175
168
693
176
685
162
759
345
348
449
114
521
545
80
145
342
298
258
608
626
544
561
567
413
644
154
348
711
668
406
71
672
565
127
822
69
332
39
35
619
330
593
284
823
70
726
418
219
599
204
484
744
643
459
111
444
727
372
792
786
758
151
102
298
363
287
44
73
314
186
651
671
726
708
333
585
322
334
664
609
266
744
3
360
312
316
449
30
678
503
813
731
569
560
270
708
232
728
603
319
691
528
477
147
413
364
486
469
418
168
2
821
584
284
458
41
767
246
107
660
301
221
136
745
120
204
507
370
804
763
257
523
189
621
402
308
243
641
710
297
523
293
761
596
185
247
323
455
820
155
425
787
232
257
555
367
122
547
305
579
119
629
37
352
604
127
504
100
537
779
808
74
636
651
38
84
198
576
630
224
802
705
745
252
813
708
808
78
675
401
448
368
341
643
440
39
513
23
155
92
491
434
59
233
256
252
787
348
573
289
25
37
253
701
25
472
643
511
808
331
435
497
338
508
137
553
636
399
718
366
80
724
726
781
8
125
270
20
225
11
319
62
64
730
691
215
147
212
526
242
58
590
245
137
67
399
488
532
68
256
752
389
372
85
791
626
376
122
191
398
335
386
523
699
767
373
314
456
547
227
736
139
577
608
565
453
338
546
711
219
379
130
598
557
251
738
175
442
300
656
370
432
623
655
449
485
523
367
257
471
127
268
240
288
776
678
752
262
318
225
195
639
67
123
614
185
36
762
649
649
326
538
536
572
201
734
652
633
396
403
281
418
216
132
92
82
783
795
625
538
695
414
129
310
7
487
469
76
329
187
494
448
304
800
176
503
142
481
285
62
399
307
659
166
795
68
333
193
541
163
719
271
754
305
493
260
154
689
814
24
391
50
278
102
248
131
67
134
761
297
562
615
466
785
410
195
293
165
562
678
697
174
164
557
741
171
586
449
270
604
379
663
516
282
819
638
696
80
72
102
777
340
192
240
49
634
531
143
510
198
381
802
416
814
408
725
567
103
302
134
323
128
537
173
710
395
464
673
126
392
430
492
363
218
143
438
43
162
651
281
358
18
697
50
20
114
813
106
578
72
198
129
761
391
571
823
540
679
628
688
147
116
48
273
467
182
56
202
249
743
464
277
267
487
583
562
298
730
114
23
713
304
665
533
588
325
5
737
174
317
175
815
24
430
763
783
467
712
726
542
612
612
467
39
408
567
275
707
150
702
668
303
639
617
89
278
494
19
758
709
406
335
301
156
183
80
346
576
402
527
728
741
640
452
762
551
828
403
315
138
434
90
80
647
662
388
218
186
824
53
406
549
262
796
306
242
32
663
650
232
361
778
172
228
637
655
183
479
364
231
251
293
778
179
314
23
339
691
316
185
81
686
746
700
249
618
93
360
64
53
168
172
100
784
2
771
370
684
114
571
395
359
351
728
452
672
390
193
767
38
558
552
234
541
806
175
393
590
654
147
171
522
810
462
371
95
357
600
48
211
251
622
697
226
313
130
203
146
825
724
8
381
362
480
42
173
572
724
486
115
342
698
466
692
75
739
600
598
748
551
646
216
462
516
727
722
91
765
547
342
684
669
697
495
670
245
332
488
326
179
352
252
715
621
448
158
520
272
516
452
541
113
776
15
31
122
410
587
480
35
214
3
379
370
602
251
748
590
129
678
762
347
546
458
431
792
269
713
188
284
479
554
682
97
260
280
732
575
759
200
780
70
62
688
191
801
17
749
710
321
264
713
4
485
14
50
495
478
270
731
327
723
407
658
278
401
742
351
254
759
265
165
474
415
525
21
663
369
631
460
361
347
690
576
307
211
633
531
209
374
340
608
660
626
306
73
305
180
156
160
101
208
398
180
6
79
579
422
556
231
676
139
26
700
188
776
418
161
479
363
121
620
207
81
363
694
331
800
180
389
183
797
719
141
439
562
278
145
245
545
602
345
390
514
474
745
656
451
386
334
333
723
151
572
273
27
165
245
804
676
587
538
387
716
102
195
202
396
448
10
649
118
99
460
576
504
125
758
728
798
828
63
574
192
440
560
681
599
784
524
35
219
581
33
579
778
809
755
572
580
493
621
735
509
21
447
474
638
158
683
109
9
468
720
73
642
578
137
399
702
354
259
526
733
743
549
111
234
405
553
335
247
514
756
757
195
53
734
478
105
68
149
412
692
654
472
199
556
135
49
795
285
521
291
533
105
594
129
469
484
472
718
433
267
331
620
480
526
700
546
30
8
626
626
575
803
411
546
108
56
641
239
107
486
619
587
816
349
557
515
778
122
430
387
511
290
548
456
40
359
632
474
242
71
64
521
16
138
299
581
496
97
29
162
235
455
332
319
64
513
239
440
760
472
437
816
356
573
750
536
66
85
406
663
111
149
435
290
138
231
730
709
758
708
686
261
294
434
27
751
620
284
617
398
154
415
63
505
138
739
225
297
427
157
55
46
158
403
431
190
206
713
378
417
586
144
423
327
366
703
522
129
317
159
294
787
664
631
244
620
504
242
542
436
21
27
496
136
301
694
669
703
91
82
24
551
277
460
542
766
517
376
18
719
612
4
120
400
735
233
32
676
110
729
39
556
153
375
668
442
51
558
322
243
580
582
362
778
532
367
295
317
1
259
597
199
33
312
98
212
279
164
679
232
40
766
629
170
508
553
489
772
475
809
394
437
513
193
561
625
481
594
3
563
626
714
396
215
373
739
490
146
717
112
332
8
300
762
798
481
682
802
196
111
194
165
823
570
392
575
461
796
566
229
819
611
247
364
628
263
101
426
310
482
815
288
5
757
342
90
606
488
461
243
788
138
243
154
347
27
26
752
127
8
729
751
398
561
347
386
561
128
631
198
560
330
502
37
704
571
254
284
585
174
237
50
787
229
192
768
791
697
57
38
604
180
565
795
732
629
61
602
547
296
524
148
804
656
386
176
393
692
238
393
69
126
362
612
127
222
518
188
745
74
290
115
281
757
603
485
276
628
641
407
250
401
506
4
390
629
457
504
36
586
424
766
744
626
371
718
521
725
598
392
751
27
169
212
187
788
45
219
255
633
676
233
445
726
382
26
562
528
713
767
351
516
592
659
375
640
133
750
40
623
356
287
230
516
703
385
828
208
63
782
152
713
657
411
99
266
222
56
644
448
589
492
291
515
728
717
219
437
478
39
133
613
634
557
4
578
684
298
283
385
12
439
409
137
88
587
234
795
469
598
781
190
792
517
824
209
372
315
19
747
230
696
723
76
64
482
637
714
633
418
443
639
487
806
770
748
716
748
614
723
39
752
752
161
698
261
182
536
280
596
777
422
14
540
499
421
477
512
782
441
756
316
684
489
127
466
94
672
312
289
182
658
164
94
653
558
816
214
69
441
625
491
94
720
258
118
267
207
407
680
383
421
593
491
353
341
655
408
106
557
546
213
12
528
28
650
674
347
336
198
209
247
639
351
95
494
378
525
733
388
337
215
113
41
98
758
805
100
161
488
184
594
305
659
438
535
603
365
550
770
331
537
718
821
525
238
162
789
346
564
588
748
751
563
24
717
415
308
270
24
805
539
101
372
344
43
353
157
485
188
741
247
280
105
231
787
361
492
725
715
16
471
697
249
592
797
703
269
273
226
116
245
57
729
508
671
101
657
292
787
113
665
664
804
591
394
409
234
155
597
109
775
830
541
243
731
79
629
617
372
675
181
653
178
345
132
759
359
280
713
327
164
2
118
388
787
322
803
12
692
761
241
350
80
800
563
188
758
770
420
503
742
606
13
814
12
553
56
497
276
596
356
371
526
116
49
400
750
429
564
430
26
436
383
576
385
483
235
142
598
803
469
181
484
678
20
583
448
393
794
173
352
660
86
217
452
765
90
359
536
254
148
19
339
693
765
341
24
430
649
346
570
699
759
383
584
670
281
28
423
731
392
799
564
122
57
113
235
444
705
124
308
9
413
290
675
136
725
372
582
482
588
88
805
471
156
179
210
116
180
87
769
197
296
621
362
229
379
245
796
414
84
11
644
489
337
603
157
287
807
819
394
155
439
548
353
165
760
229
536
5
548
178
46
822
714
79
382
622
558
245
295
430
729
160
419
526
379
579
280
160
350
181
712
568
185
415
545
142
480
663
802
360
26
519
683
365
224
402
387
331
679
126
50
461
385
480
828
30
50
393
134
533
280
668
66
157
820
477
666
300
99
478
750
554
367
120
802
513
396
298
449
680
482
741
373
658
471
795
120
754
449
323
101
17
786
99
816
21
768
460
575
453
560
144
608
233
35
158
768
301
498
630
378
313
823
734
682
320
614
624
824
757
451
793
10
682
556
202
615
826
26
382
2
650
148
86
14
107
277
47
491
454
626
670
48
251
669
14
294
570
162
802
72
531
484
452
310
801
35
725
632
726
52
296
352
187
437
551
545
710
672
810
807
655
445
649
560
787
790
552
745
626
625
30
716
49
193
276
103
357
474
165
422
325
733
3
319
551
368
245
577
133
813
45
357
739
279
499
526
126
127
758
41
273
688
79
795
525
674
414
326
812
497
442
530
30
590
542
542
241
104
692
770
485
796
774
801
822
106
801
60
235
656
636
564
726
531
639
532
83
379
303
455
124
230
189
378
717
620
48
660
37
274
795
85
109
767
35
360
155
226
133
330
651
418
817
373
636
785
185
496
783
272
819
663
89
687
10
287
293
625
10
454
761
204
267
780
758
146
390
795
698
758
683
529
94
537
608
321
685
613
649
126
263
366
534
608
467
605
654
154
442
800
525
368
400
204
108
211
706
335
352
483
215
652
491
73
802
800
674
96
539
557
330
200
438
744
118
5
474
543
85
474
288
260
211
791
744
376
174
585
508
446
55
218
413
396
28
606
110
780
771
744
476
262
192
189
238
209
78
113
309
440
15
65
757
76
690
828
517
85
520
323
703
30
784
71
82
819
298
341
366
216
708
49
672
707
788
27
662
704
448
591
283
608
268
358
137
440
186
537
596
279
688
741
419
798
572
680
269
656
780
78
483
713
557
738
86
686
712
485
698
304
299
309
7
398
376
318
102
723
382
770
83
537
69
493
636
178
732
654
139
591
234
378
493
570
435
727
736
204
165
125
411
615
561
718
458
542
432
295
235
672
314
34
553
725
184
128
241
480
427
203
576
674
202
164
12
469
304
500
744
228
417
224
197
702
318
321
694
808
302
456
130
221
238
128
203
94
162
110
817
120
360
189
500
217
589
470
276
101
584
194
508
324
447
292
616
796
169
329
755
804
361
363
739
436
473
469
358
233
663
22
117
38
379
16
764
172
772
270
264
264
97
51
602
661
269
72
275
639
273
304
700
62
506
641
95
45
352
764
117
421
554
382
205
292
277
64
470
296
270
572
725
587
677
221
801
435
760
245
812
257
702
386
589
780
110
156
660
823
692
199
205
413
589
306
758
493
496
366
229
581
365
811
359
250
821
165
97
503
347
497
44
408
544
34
34
122
746
352
764
394
563
408
168
580
533
796
741
763
413
388
770
156
698
534
332
221
579
542
665
521
551
659
94
243
275
415
697
580
608
174
437
370
401
784
478
29
393
260
230
468
174
804
736
8
534
11
509
679
508
727
682
503
413
237
526
459
738
693
198
692
715
792
4
220
335
646
236
22
468
772
297
618
202
660
672
122
164
627
342
52
301
577
458
659
319
56
523
816
616
225
304
92
480
7
13
626
390
712
708
783
360
486
94
48
378
249
515
804
171
125
630
709
52
392
315
651
782
94
122
430
93
321
277
714
761
664
195
425
781
623
559
405
281
435
561
312
823
37
21
593
492
141
347
198
306
766
346
557
453
513
285
740
606
392
42
495
360
493
337
702
454
699
200
245
506
91
303
785
496
557
572
135
588
553
89
561
729
75
349
786
175
556
511
727
591
822
320
217
87
636
599
383
712
585
619
577
571
502
515
274
499
562
439
766
591
641
295
545
650
195
32
643
50
568
498
477
565
695
755
307
260
458
693
302
615
339
124
661
143
696
543
160
424
548
198
492
101
187
564
308
770
719
716
609
228
161
379
481
120
118
2
135
112
85
653
196
807
439
121
37
580
294
190
323
713
479
797
90
123
791
9
362
715
208
461
517
211
753
34
242
653
758
436
158
87
35
828
262
523
287
744
496
453
589
353
66
813
249
363
212
494
60
667
144
679
205
245
254
817
186
756
487
591
134
790
592
600
658
499
282
818
447
145
531
84
260
696
303
364
389
753
440
365
377
801
179
384
533
727
541
9
308
545
376
720
277
388
290
45
592
446
736
801
578
739
725
552
228
24
397
339
650
99
7
711
798
8
603
409
212
35
614
693
739
82
239
209
269
619
788
306
578
408
589
60
209
251
345
697
623
381
562
818
251
434
177
417
126
648
213
379
127
306
801
407
518
692
292
115
1
127
705
428
739
598
266
514
141
328
525
598
577
742
756
199
463
343
549
270
237
685
22
595
734
46
597
721
569
18
57
18
368
182
193
343
777
512
503
246
342
508
142
544
552
330
373
247
78
473
362
596
606
481
51
697
590
223
499
133
644
530
359
54
267
56
830
362
802
778
765
822
615
635
420
354
15
727
411
220
68
132
818
212
107
789
554
761
615
315
799
3
303
663
387
235
317
562
592
712
764
154
120
686
554
152
44
317
485
233
412
197
507
78
250
401
634
229
629
556
737
456
594
243
454
70
458
503
305
83
788
581
572
593
559
383
634
483
497
762
615
455
786
217
677
235
788
653
586
804
399
538
25
594
397
73
168
373
598
212
33
607
157
124
169
509
173
576
182
402
226
678
530
233
739
598
795
593
618
497
162
633
542
369
510
570
85
294
76
6
175
677
139
363
805
121
57
215
56
776
282
422
381
150
7
6
478
352
56
797
426
811
641
726
370
131
530
621
474
126
382
304
466
571
287
591
289
360
389
411
649
10
360
649
714
172
9
280
455
343
45
86
281
670
799
672
22
223
360
664
302
763
648
366
94
298
468
587
116
460
737
230
266
186
608
590
313
743
526
74
289
448
225
3
496
783
776
749
182
801
217
390
361
806
827
596
740
143
635
302
84
420
124
594
806
546
580
81
66
701
131
493
210
819
59
143
257
373
699
619
204
786
88
693
134
729
373
203
110
736
40
21
267
386
767
114
755
750
130
546
754
589
493
704
124
523
519
128
441
289
572
691
535
658
810
463
173
160
711
802
119
655
803
92
237
92
560
456
38
547
20
225
815
539
402
758
291
20
662
636
564
433
474
522
545
706
88
263
358
167
446
651
811
67
813
519
561
214
116
345
342
404
408
201
393
416
544
750
297
783
618
628
484
528
685
408
266
319
283
475
62
238
621
225
30
344
410
465
34
748
657
109
490
354
537
257
573
85
542
444
620
298
159
808
507
637
523
135
770
156
650
362
796
195
138
544
709
464
44
794
483
2
31
321
402
738
577
395
637
249
611
81
192
233
583
336
523
336
26
251
820
555
356
180
461
353
654
414
373
9
279
644
194
441
495
655
71
25
221
797
270
727
348
656
658
823
72
716
787
718
238
795
228
413
392
247
104
245
703
401
643
193
418
548
772
275
429
274
174
264
213
470
254
455
503
75
609
25
734
155
146
524
261
151
585
312
276
59
429
163
509
440
529
92
174
158
706
645
175
85
566
168
248
488
631
439
280
473
676
589
372
804
737
435
56
360
139
424
193
705
576
88
2
347
564
309
604
659
146
494
399
697
371
712
64
681
821
779
62
392
693
331
748
140
270
430
538
771
548
135
699
171
653
42
682
102
17
528
205
634
38
491
405
131
512
449
676
277
792
174
404
574
272
446
381
707
312
84
496
507
445
609
427
68
737
415
468
529
795
643
483
809
24
47
308
305
709
687
110
630
102
175
130
208
611
403
272
679
362
468
93
177
10
158
418
258
227
558
606
531
468
186
376
160
375
225
249
600
229
388
238
33
239
580
13
636
622
781
564
747
140
781
767
436
574
432
269
261
33
1
323
344
247
730
596
660
190
811
736
773
822
753
760
177
424
104
281
250
192
464
246
392
771
228
623
235
335
285
546
113
739
186
540
260
180
347
337
525
64
632
398
214
239
68
401
313
15
616
452
346
784
708
485
263
367
753
669
189
458
418
222
297
479
498
652
243
217
164
98
487
305
219
677
408
385
688
460
46
626
383
408
711
163
803
246
420
543
456
762
10
20
788
63
349
592
566
441
3
478
290
29
464
476
469
13
77
682
592
561
361
496
709
362
1
326
712
440
160
761
736
12
707
286
547
499
663
398
158
543
602
561
373
153
453
530
24
614
816
497
428
579
417
497
302
159
302
421
337
554
60
602
66
111
96
170
591
387
708
169
671
374
508
443
458
253
629
295
342
330
788
724
491
816
237
106
226
322
238
68
328
548
798
795
704
486
263
340
763
43
341
424
611
260
339
362
690
824
751
229
85
44
806
457
277
753
631
405
330
337
134
825
30
719
279
830
5
624
545
104
545
447
507
724
386
390
284
176
697
299
827
546
630
415
135
769
550
273
53
114
128
500
691
444
428
817
46
520
385
35
34
728
615
596
73
777
703
582
440
614
28
327
46
73
206
454
707
808
782
96
384
430
322
267
520
558
57
125
310
499
282
162
394
545
677
397
334
429
369
718
706
318
92
238
685
119
201
143
152
324
338
741
376
741
715
674
709
578
47
293
343
109
16
228
372
50
101
232
566
89
813
501
603
346
87
474
357
399
67
455
62
379
87
602
368
27
307
398
553
393
563
640
306
126
281
678
15
30
593
449
521
97
479
739
98
408
393
435
813
211
291
370
686
604
611
173
49
537
97
722
41
388
436
601
377
63
492
820
278
693
656
184
547
653
333
670
626
472
266
2
511
746
448
197
91
155
751
420
161
558
420
436
453
740
636
671
175
741
645
300
179
511
464
774
611
14
182
817
441
611
199
627
292
575
606
563
798
222
585
113
487
338
483
218
772
376
363
284
686
163
655
660
111
397
795
394
538
34
280
790
806
541
48
602
119
237
752
647
730
711
514
376
633
829
621
619
788
555
401
344
348
487
397
261
806
38
654
634
99
288
680
801
244
303
130
54
388
419
465
715
27
336
525
741
98
239
231
401
571
79
598
767
624
825
10
745
155
52
736
658
278
636
138
46
528
547
572
167
532
540
663
780
488
596
444
788
155
450
359
538
364
476
252
138
279
465
85
264
249
184
483
716
818
625
210
236
253
24
423
250
499
270
525
349
661
207
84
566
477
266
174
634
242
730
6
514
578
221
582
241
708
552
673
281
264
59
169
43
253
681
545
335
311
158
179
564
602
743
543
436
417
747
597
344
399
367
255
558
792
81
216
460
68
332
107
35
649
288
391
430
337
711
415
773
782
333
178
10
488
508
432
301
813
826
692
802
227
785
142
28
787
814
262
700
575
246
580
119
535
40
73
367
457
103
429
546
687
362
303
23
239
470
788
396
735
456
343
740
777
36
565
598
730
136
30
722
179
271
145
764
339
618
699
27
566
534
204
134
38
6
751
300
47
791
267
263
256
200
39
155
583
484
1
140
124
657
129
798
324
49
577
79
732
625
61
492
618
105
753
516
444
710
621
208
284
676
183
800
768
642
91
262
212
433
441
386
492
435
173
569
137
183
649
407
176
164
14
63
318
694
687
314
740
241
293
819
433
487
210
627
226
651
388
399
816
156
761
715
147
569
136
232
329
244
727
740
798
785
762
86
409
473
163
31
387
672
343
335
633
668
800
450
587
696
707
102
443
786
652
589
165
510
93
107
427
513
159
178
786
99
366
659
293
418
240
570
807
414
197
633
739
688
618
90
81
190
234
702
545
49
322
399
307
211
318
811
525
756
662
701
416
445
360
259
784
437
659
96
808
579
384
800
402
43
179
185
251
13
629
302
25
805
670
721
272
806
295
297
132
447
421
311
315
336
812
381
798
75
175
678
128
464
186
181
167
361
17
418
633
498
547
479
342
528
94
309
636
336
725
163
432
567
820
419
351
687
349
416
183
14
822
255
785
470
691
128
627
285
638
502
16
712
161
494
157
747
544
731
620
690
278
494
264
97
284
694
683
11
764
566
409
7
566
611
716
767
505
542
532
444
609
44
816
551
172
147
200
821
527
337
166
262
730
398
251
651
211
612
161
811
77
597
336
126
681
486
207
85
430
405
49
780
325
45
632
766
418
327
289
407
114
544
809
485
702
565
74
675
751
798
112
806
403
758
156
104
3
191
445
665
725
43
783
107
406
641
605
799
776
616
215
404
412
474
39
282
330
450
616
190
691
343
574
660
36
34
182
261
92
704
559
398
596
435
515
106
663
703
20
202
363
113
583
91
397
547
61
797
135
485
824
545
782
563
331
242
118
396
292
817
371
327
724
810
447
653
482
66
209
562
182
659
706
173
253
792
29
59
406
432
220
183
799
729
344
318
653
168
524
823
443
285
215
333
97
609
407
199
714
63
514
14
634
803
160
477
790
165
159
107
344
692
292
723
234
381
590
38
354
501
718
734
750
598
604
677
534
362
566
483
69
240
530
258
378
113
666
253
542
464
267
126
552
693
571
392
326
409
696
521
364
639
541
576
228
42
365
15
528
75
12
797
732
338
118
697
337
445
772
212
362
422
757
325
84
529
213
740
237
61
195
498
704
690
444
529
498
273
50
379
728
380
758
223
559
203
597
446
795
767
211
571
816
685
703
189
417
701
400
526
46
336
440
748
438
244
647
147
115
235
215
302
788
606
727
238
241
434
323
199
309
529
64
736
283
204
640
85
131
533
563
343
627
79
241
292
477
785
135
321
380
482
643
483
352
443
608
284
77
84
664
634
169
782
239
194
247
676
761
484
434
685
357
617
125
743
66
747
559
829
615
410
574
103
341
362
321
548
309
814
61
414
611
252
583
315
28
69
769
566
477
361
538
5
41
214
578
176
670
263
752
810
610
434
25
716
661
423
154
714
417
773
443
274
302
88
768
747
235
287
196
403
772
266
264
7
188
339
680
351
740
591
682
397
572
301
491
278
693
609
744
404
546
461
801
472
739
443
324
469
635
769
811
208
137
537
346
809
510
683
261
470
428
46
733
744
131
135
529
782
804
802
82
551
95
46
256
165
402
510
746
162
690
547
547
182
422
491
614
377
695
164
714
557
764
400
53
175
356
58
716
341
14
362
527
339
233
194
143
768
684
229
576
654
322
274
594
530
242
84
129
575
717
637
417
191
774
125
103
269
128
824
309
424
82
772
488
286
229
492
750
549
612
407
712
145
234
422
772
355
275
332
769
792
467
330
461
500
565
137
826
29
121
167
103
437
318
284
630
483
479
522
759
18
242
695
386
355
296
677
457
364
699
688
542
24
770
85
342
308
460
616
722
811
168
135
252
336
620
258
132
724
451
367
744
445
658
293
22
69
777
735
138
165
817
650
256
769
255
399
217
166
529
617
317
198
481
669
796
113
765
166
604
286
348
589
399
799
729
61
394
166
285
793
641
384
111
138
502
679
329
166
557
109
164
107
690
816
27
227
155
197
386
591
730
702
303
280
590
363
563
208
325
798
258
332
96
204
412
694
119
389
261
304
408
268
804
244
448
478
689
615
744
446
741
291
163
555
474
730
44
693
329
68
208
371
811
592
482
207
757
533
363
519
354
165
185
138
473
464
178
70
608
60
658
407
4
485
181
586
760
690
673
74
572
711
561
817
819
591
100
104
256
227
454
678
512
102
104
348
665
247
408
569
721
461
80
445
819
345
94
259
319
105
745
442
390
670
107
433
528
207
748
476
659
258
154
656
573
370
36
769
771
21
35
355
689
786
341
538
577
499
812
542
162
137
136
630
361
441
552
66
245
616
784
159
538
160
231
695
673
685
822
701
757
540
63
484
248
709
156
288
676
717
654
665
210
466
763
116
380
797
503
546
297
257
250
597
61
692
650
297
361
418
123
145
412
227
349
350
8
755
649
382
188
354
330
755
387
258
311
176
212
470
94
134
444
733
6
372
119
329
665
192
375
705
271
813
438
241
216
31
166
610
412
681
84
387
253
738
584
246
131
781
24
253
529
408
156
151
423
719
272
621
235
739
737
429
531
315
316
828
15
312
642
822
701
350
98
741
136
514
99
580
411
665
319
78
714
306
743
71
265
492
314
287
88
792
823
616
148
67
777
622
156
516
515
341
29
317
701
493
343
362
151
453
18
640
126
628
174
716
63
362
714
698
445
772
331
648
271
361
101
264
767
250
96
564
828
162
600
221
263
686
749
80
752
459
623
798
187
19
213
465
419
337
285
512
540
501
220
763
425
767
320
712
693
169
63
747
368
767
480
518
156
421
59
121
496
804
18
536
202
242
341
686
762
157
597
522
740
765
813
116
362
107
702
476
685
8
691
300
134
755
426
315
486
34
719
32
146
173
288
634
384
149
570
45
191
565
103
347
731
84
92
152
682
400
493
677
129
324
365
772
483
813
631
722
180
590
26
493
694
802
265
546
11
123
119
687
784
791
805
386
34
258
469
709
656
517
288
467
658
130
501
754
376
533
590
52
398
485
91
640
728
815
76
553
818
64
154
58
767
670
56
638
692
571
250
182
148
606
805
494
350
149
88
608
403
826
140
256
631
631
309
336
147
530
494
223
333
51
93
550
605
510
796
651
288
683
604
460
463
194
792
165
736
675
538
528
762
364
574
369
248
663
384
652
269
601
150
453
551
530
779
585
143
611
294
708
668
288
416
233
424
694
69
17
463
84
703
725
401
89
422
354
395
550
686
672
390
191
829
225
512
153
74
619
600
791
12
239
688
451
458
806
725
354
101
44
653
34
192
589
813
243
712
311
788
468
62
322
722
633
273
15
7
212
193
366
76
235
106
37
785
23
226
339
196
285
550
511
336
574
470
290
311
295
544
398
54
725
704
536
736
450
599
274
37
712
196
50
1
328
769
596
561
250
538
21
497
218
776
583
107
731
439
69
357
826
135
607
22
291
566
505
548
768
382
367
341
244
676
344
345
20
13
454
260
92
130
793
418
642
251
130
158
15
290
729
51
704
604
543
563
704
747
722
676
33
814
11
30
379
121
154
591
661
493
786
350
251
204
677
191
407
783
660
761
107
301
519
327
711
758
453
645
13
456
79
694
109
155
818
822
476
215
445
15
381
597
50
265
203
569
285
211
348
570
14
74
26
290
651
52
571
270
776
531
724
729
513
106
145
234
509
742
709
603
78
88
268
251
218
208
444
22
1
727
162
631
180
576
785
155
368
749
667
813
225
583
457
714
753
559
133
697
33
437
479
21
818
322
47
712
258
307
348
290
691
117
646
245
143
621
142
405
461
384
795
138
304
699
461
797
409
435
142
599
438
482
528
73
761
212
99
756
642
442
291
127
375
402
823
388
679
687
715
394
272
772
783
447
717
227
564
577
675
121
381
217
174
20
186
580
180
270
272
368
34
210
406
611
191
87
36
748
617
756
659
790
258
784
529
404
458
307
197
562
140
685
533
143
560
311
794
56
588
174
413
44
482
299
357
19
404
564
459
491
419
642
625
347
566
383
469
793
699
493
162
278
346
171
87
782
754
614
477
760
415
502
152
783
229
570
593
269
450
628
386
524
276
658
548
369
598
455
322
333
524
454
601
763
782
35
96
548
573
708
424
489
267
496
791
519
37
725
563
81
804
242
441
605
363
736
54
243
666
603
185
343
643
408
691
649
568
186
319
401
163
196
528
793
714
197
659
826
578
179
799
93
522
300
215
545
350
416
167
782
225
632
660
276
247
672
580
597
153
570
406
352
279
275
483
488
97
135
806
423
324
579
391
381
535
575
567
774
119
794
646
389
87
391
705
412
24
700
631
129
306
224
78
357
160
774
568
166
90
646
674
164
527
193
740
128
403
186
437
659
88
734
128
708
20
565
242
651
482
585
805
755
110
432
161
128
312
263
427
125
301
411
802
501
370
523
313
505
549
820
88
268
367
414
164
272
535
789
219
127
4
220
645
610
802
710
569
186
94
349
482
87
537
469
70
736
485
338
824
471
194
248
236
584
321
530
441
264
694
815
287
253
202
636
506
757
499
472
285
398
83
798
377
164
327
654
315
335
807
228
148
69
798
59
104
612
319
285
431
129
318
483
541
214
301
91
314
299
700
807
641
647
18
322
166
302
810
698
129
420
143
258
39
643
229
85
692
148
66
377
502
16
8
157
802
721
430
564
366
781
810
443
791
791
781
66
80
46
384
12
4
600
741
801
4
227
567
390
669
728
648
675
511
502
796
410
708
503
777
666
721
139
271
189
373
493
120
177
411
455
290
556
489
768
21
88
730
268
630
734
589
669
514
440
109
501
664
586
111
148
237
274
87
533
613
679
726
438
109
744
227
64
134
782
797
152
417
231
522
733
264
271
127
524
828
315
183
313
413
554
210
626
700
22
589
649
474
193
527
170
351
6
299
502
492
450
629
94
752
418
26
65
694
361
148
714
168
477
422
637
507
718
180
348
131
488
122
307
529
570
730
24
33
691
77
763
488
752
320
818
532
583
440
610
291
646
167
184
797
204
243
72
732
731
701
352
223
82
444
184
124
394
815
673
181
633
573
800
78
358
594
619
562
591
166
121
519
600
127
17
541
142
355
207
615
84
119
530
247
705
91
416
110
581
244
493
337
348
415
311
135
801
547
277
296
303
244
793
725
319
396
527
113
665
819
373
246
588
468
361
204
72
321
16
502
810
350
610
367
471
2
688
237
201
494
769
4
805
152
745
116
697
704
770
550
116
146
445
572
713
813
240
728
798
694
428
669
478
42
793
230
451
367
514
514
83
51
568
63
351
362
716
547
797
643
525
714
476
739
241
820
701
174
229
463
110
87
658
259
482
512
323
358
686
335
453
217
316
48
487
363
447
420
325
793
4
652
816
51
93
572
369
282
6
808
725
63
596
681
654
607
800
711
235
308
354
225
493
663
292
414
755
98
276
462
8
47
346
119
312
585
39
85
644
79
124
110
198
287
471
260
473
620
429
308
790
241
375
326
35
556
253
220
512
171
635
203
815
510
756
316
810
428
283
199
628
39
152
17
637
657
32
402
355
762
168
651
600
259
213
786
379
505
795
71
724
425
793
505
356
547
788
146
670
784
456
479
107
428
10
61
311
587
746
220
765
24
112
382
799
418
797
244
607
378
99
308
617
373
639
401
485
823
205
442
88
746
641
316
4
229
517
120
544
303
510
503
248
244
301
468
224
381
653
454
1
575
106
111
377
332
306
491
691
197
105
809
595
68
353
166
63
520
710
114
482
568
376
714
572
322
501
212
482
367
350
566
211
82
655
712
265
701
675
678
319
129
452
157
83
240
689
523
246
228
517
338
118
628
449
81
113
378
76
159
273
709
309
21
670
693
499
700
114
97
685
770
339
655
773
579
387
499
791
61
509
368
747
401
536
513
671
108
495
494
159
306
783
485
825
426
542
518
277
307
132
198
215
694
662
318
693
498
61
292
335
185
797
717
697
590
602
428
475
315
486
506
790
509
78
563
84
784
483
605
509
48
710
353
409
290
342
256
707
400
452
100
793
77
358
106
168
419
785
99
48
231
667
541
298
556
93
619
392
748
250
788
690
733
308
131
278
237
204
605
123
641
600
80
169
389
274
556
606
241
676
411
83
344
254
194
211
82
259
173
331
589
682
647
805
468
140
193
798
471
423
274
362
636
326
722
518
6
499
315
109
494
138
78
826
730
135
579
407
787
581
729
245
46
145
752
61
361
607
170
55
209
312
686
605
647
535
742
192
506
659
812
181
84
482
133
560
562
378
459
41
521
118
814
827
304
422
393
410
193
235
577
46
762
430
570
427
102
524
222
801
147
433
88
763
747
518
539
282
246
119
129
827
552
452
365
204
614
73
537
597
255
511
105
547
201
630
529
656
69
378
84
664
225
318
83
188
583
226
657
599
396
134
730
644
118
803
410
792
268
398
527
536
115
460
124
419
723
134
799
507
821
803
463
397
253
474
772
469
757
748
515
130
602
455
162
490
250
558
25
575
226
546
485
796
468
510
804
726
503
173
748
229
728
583
440
516
546
231
780
374
633
398
468
503
783
283
673
134
51
808
320
93
610
693
32
601
326
401
188
207
201
548
176
427
573
729
98
115
211
302
267
26
826
96
536
749
671
298
269
132
46
413
72
811
814
283
21
16
789
52
684
666
795
642
787
680
547
812
650
382
604
138
827
752
186
20
178
273
210
315
94
321
278
63
347
704
520
768
137
495
186
481
676
725
563
706
753
336
133
751
786
500
554
211
196
243
725
170
342
318
360
416
126
775
201
182
302
638
6
295
669
143
429
92
148
195
775
529
96
650
326
565
604
764
271
468
370
743
545
778
205
376
209
830
476
71
690
171
123
423
635
624
539
407
234
814
418
80
145
466
739
800
507
144
614
174
779
576
531
301
322
544
227
384
252
104
804
804
211
693
441
560
351
6
180
337
347
174
56
741
536
769
724
210
773
736
93
718
355
444
681
577
568
121
582
829
420
292
595
617
805
161
790
677
654
42
768
827
730
291
512
35
694
325
213
63
65
660
41
224
233
760
198
5
505
721
703
813
742
308
294
153
728
306
127
292
389
549
625
349
60
433
198
159
571
465
679
238
604
281
32
679
619
285
314
118
6
92
81
363
671
386
438
321
551
442
603
550
164
207
90
507
206
817
166
46
229
573
778
468
508
36
337
797
188
92
183
161
778
478
91
201
50
470
521
485
324
316
742
573
777
182
247
104
694
774
106
309
335
810
60
176
628
535
310
477
115
215
529
494
309
469
429
668
497
36
503
575
118
463
128
332
79
347
720
389
625
450
210
763
188
441
26
628
579
166
586
750
683
707
129
181
160
357
47
375
181
287
100
769
537
183
706
708
587
251
650
247
47
824
775
125
189
109
13
413
726
347
824
662
285
782
119
387
416
109
762
437
96
821
44
772
393
689
443
148
318
49
773
484
361
236
17
231
428
332
607
362
584
607
624
817
40
68
404
628
114
86
207
275
150
357
606
635
489
358
43
800
524
32
723
5
616
309
216
673
564
401
808
573
209
230
442
87
348
608
143
648
802
581
694
82
633
754
389
273
342
245
222
459
140
189
407
689
344
506
180
645
399
649
561
624
726
388
43
605
610
806
341
93
471
826
21
248
274
729
800
647
296
529
72
459
172
331
138
327
449
504
146
338
468
502
171
354
423
785
628
680
696
722
719
536
760
384
557
658
413
636
246
296
209
277
105
326
167
394
88
488
40
563
731
240
370
774
323
12
505
419
249
24
131
656
140
519
402
453
122
350
505
473
519
763
273
479
804
64
330
684
64
555
530
735
405
752
198
215
763
406
715
158
830
635
548
343
25
785
697
346
573
632
83
508
592
576
717
452
562
45
479
362
425
63
478
533
108
299
556
18
577
766
653
383
37
142
221
666
641
588
818
395
654
783
726
783
266
759
249
377
251
190
434
311
797
449
42
143
615
561
268
53
47
767
218
380
710
241
256
640
201
541
666
251
399
529
410
115
457
397
116
288
493
745
299
215
626
5
731
91
181
747
202
182
734
494
454
555
728
638
336
651
675
468
612
714
662
96
625
346
700
296
414
699
485
175
295
112
684
654
644
425
401
497
563
161
597
213
3
222
581
619
196
131
251
607
682
53
782
378
101
564
736
37
729
488
257
104
16
368
393
158
206
397
556
660
733
621
739
115
698
706
268
165
74
703
597
816
354
310
766
127
523
92
323
434
275
270
204
777
221
261
774
135
334
118
543
533
530
183
159
25
80
677
365
331
82
95
160
57
337
203
237
454
106
789
35
474
193
368
544
175
239
752
17
152
84
536
343
216
312
472
765
135
67
156
758
57
213
6
491
506
199
295
561
620
821
108
521
656
357
356
26
657
482
651
663
489
391
717
486
494
589
689
785
32
571
405
382
417
629
367
152
118
462
593
687
689
717
358
56
105
52
168
747
489
431
772
396
592
616
183
133
54
230
577
696
95
644
653
277
151
355
3
766
493
312
451
685
375
824
576
158
101
372
212
677
779
312
281
511
116
190
314
126
214
528
57
55
137
721
660
791
592
373
139
569
617
770
277
303
778
753
69
635
592
490
697
506
623
132
592
286
763
408
135
43
701
85
222
52
657
639
472
812
774
785
201
680
731
129
264
514
786
597
291
769
175
88
329
46
305
765
162
652
428
668
518
343
602
464
612
78
505
585
550
28
183
509
282
249
338
254
407
77
196
300
297
445
201
548
117
821
183
408
774
3
675
612
111
407
452
594
160
51
88
648
641
503
321
80
202
714
351
165
66
140
428
475
493
652
427
211
701
479
117
369
229
675
658
457
802
402
122
323
367
557
572
140
528
449
259
234
481
339
692
747
642
732
413
329
519
306
343
38
454
723
117
700
524
206
589
746
321
563
405
469
737
360
213
350
217
457
827
385
743
21
605
27
84
763
507
296
47
2
387
755
786
652
200
54
427
45
538
184
476
483
721
749
737
105
620
373
820
170
309
78
657
432
824
744
120
221
51
687
753
483
509
443
55
475
382
535
203
728
151
444
654
254
784
282
728
495
743
240
2
309
694
405
693
750
246
285
248
718
751
629
461
750
557
1
32
269
143
459
361
549
368
437
585
715
399
115
54
123
315
183
408
344
667
121
137
495
734
54
27
541
637
589
116
299
320
641
653
673
379
701
573
830
683
493
655
322
39
452
56
618
495
674
476
432
808
229
469
808
116
332
382
332
682
107
337
375
106
334
559
702
219
76
212
194
650
278
575
275
730
444
455
452
39
604
652
132
679
455
612
714
767
195
531
794
602
212
97
355
325
208
264
284
324
70
619
7
521
453
640
692
768
801
40
119
586
138
810
729
265
737
164
391
731
327
373
825
154
641
828
317
570
663
764
792
45
415
620
32
809
830
44
435
757
497
780
575
536
185
820
305
115
322
568
555
452
664
191
512
283
81
637
247
281
737
733
781
728
272
580
497
356
209
482
730
728
235
811
67
565
290
566
404
226
785
226
286
704
211
5
656
214
806
380
660
281
166
86
275
59
270
662
350
92
64
568
793
533
540
736
630
648
181
445
796
370
754
418
275
423
650
424
297
797
418
500
668
357
384
90
347
616
620
603
1
622
731
649
757
659
427
554
497
792
813
412
542
388
176
626
554
235
617
440
219
199
384
7
812
574
477
281
650
811
446
697
572
770
448
629
95
127
37
685
615
120
452
816
364
663
39
661
534
209
192
758
190
760
431
562
65
345
18
719
503
591
772
503
696
437
820
464
485
390
392
214
740
647
115
28
447
430
209
486
194
44
452
423
598
494
656
84
787
547
246
137
598
44
513
292
555
369
168
805
214
738
693
492
747
61
756
252
477
401
508
719
299
239
826
414
724
83
444
443
393
547
18
187
420
266
461
29
422
42
466
793
770
628
825
426
793
724
694
70
99
768
63
358
725
385
496
180
10
190
215
294
450
427
694
382
206
103
423
795
395
676
706
715
508
452
671
270
66
314
557
560
30
126
120
733
283
489
391
578
87
805
124
707
261
653
524
493
48
490
214
250
659
451
577
204
518
187
730
516
621
699
108
559
495
414
452
157
495
265
44
828
426
493
707
639
49
118
470
30
265
294
85
126
266
814
797
81
199
622
581
206
538
109
552
342
209
477
211
449
435
59
390
399
289
453
540
613
94
330
66
721
447
731
150
306
683
564
785
758
354
14
526
63
820
629
107
296
558
561
413
594
717
97
8
320
596
632
702
690
167
95
595
364
375
639
574
613
18
757
153
501
1
529
5
124
158
129
728
539
424
44
597
635
111
553
466
278
279
701
580
175
730
655
653
297
756
472
149
461
390
448
286
729
24
306
411
494
246
570
809
18
30
564
495
373
542
797
521
662
522
575
172
89
394
495
208
140
736
574
753
605
747
178
516
814
240
173
412
731
446
559
331
651
454
350
749
636
392
729
156
406
243
664
196
180
181
56
476
810
134
147
786
462
603
151
249
173
730
532
780
635
404
27
522
28
438
526
491
500
694
104
51
229
318
709
660
284
754
321
76
705
354
302
735
733
773
627
145
635
749
367
733
381
236
215
64
618
130
784
313
161
726
555
337
639
273
217
54
635
627
186
203
99
545
153
499
348
732
282
229
309
507
643
482
240
821
620
187
72
616
398
830
172
168
342
35
473
683
714
202
418
20
176
660
96
347
395
210
781
235
174
694
232
78
661
410
741
652
783
257
142
294
489
672
735
257
453
504
48
626
482
61
446
597
466
373
386
517
489
202
20
711
655
74
656
304
36
104
248
602
531
45
233
735
410
682
606
394
667
162
232
195
105
811
711
386
426
474
752
818
627
335
52
276
682
89
39
47
597
317
189
330
760
11
46
21
648
91
722
104
523
304
609
230
582
679
586
511
125
243
467
782
266
776
413
93
333
20
749
688
194
169
154
267
270
288
327
9
716
396
640
212
83
8
811
30
221
354
606
653
381
712
504
83
198
374
788
280
573
321
232
91
134
258
813
434
198
565
594
413
68
159
177
168
178
394
440
336
331
741
12
490
445
376
29
790
21
521
658
690
314
824
620
16
11
750
692
266
197
282
513
646
379
471
213
271
258
149
155
115
417
353
206
493
273
576
199
506
323
708
587
742
469
153
384
194
704
618
416
801
164
564
476
382
513
171
805
241
705
19
658
606
413
230
778
353
17
279
179
615
781
53
192
367
759
276
472
672
637
298
518
72
560
502
236
124
703
2
492
757
393
410
738
356
491
48
396
54
428
789
465
623
117
645
194
594
358
94
165
303
36
728
653
214
522
157
274
255
635
560
449
449
315
818
503
763
144
791
684
203
194
470
178
640
527
610
4
786
759
165
10
527
399
225
568
345
545
583
295
37
803
568
537
95
745
105
39
16
808
39
113
157
275
749
397
107
699
61
576
156
513
747
40
404
713
50
309
507
803
328
637
145
736
156
683
235
626
825
51
790
254
460
413
58
25
186
689
544
725
335
412
731
38
318
317
594
680
194
534
139
378
306
528
578
462
425
687
148
382
159
180
496
257
653
577
499
617
477
776
66
175
476
381
601
436
814
157
826
306
468
151
343
775
654
329
150
206
548
586
32
565
63
203
766
476
504
278
460
121
36
798
490
570
31
310
609
59
228
514
511
830
468
558
467
696
600
101
669
611
303
547
54
194
165
202
148
388
170
310
224
296
713
717
681
807
755
466
283
778
776
481
503
491
536
230
233
429
168
802
487
473
103
518
498
518
83
605
342
182
510
486
191
455
214
71
535
300
818
610
588
316
487
463
548
407
377
622
42
247
830
115
576
343
152
708
40
730
783
256
445
120
673
12
491
50
142
102
589
728
33
234
185
364
174
139
535
800
26
141
127
273
703
358
658
602
624
266
567
347
800
812
547
563
426
462
401
717
151
24
476
720
742
482
333
657
105
769
471
801
797
340
483
754
361
5
815
296
57
765
606
507
178
153
381
203
400
537
798
635
702
8
383
468
318
759
681
269
496
171
329
330
770
825
95
464
285
526
34
551
207
456
255
445
795
477
156
402
427
506
456
682
601
683
561
483
605
613
17
371
324
799
128
64
490
677
572
132
224
648
117
425
230
630
55
233
430
316
158
582
709
129
411
3
14
659
458
594
466
821
477
14
121
107
288
812
27
228
513
422
563
329
266
39
409
102
192
648
52
388
369
583
773
640
59
598
753
303
239
353
341
761
394
102
496
754
264
35
63
92
265
162
555
702
792
19
23
57
11
172
22
331
683
44
106
714
20
497
664
313
596
618
551
132
303
540
252
720
545
691
300
314
543
585
780
408
409
592
356
618
231
333
546
203
525
437
570
628
60
589
29
65
114
10
368
376
72
283
652
686
121
13
448
356
615
594
488
718
812
285
19
722
94
333
728
533
140
773
205
805
681
786
432
726
309
182
443
521
538
608
313
824
73
293
392
181
548
91
115
2
444
554
411
715
170
38
684
781
137
438
52
448
262
824
318
415
268
327
347
798
355
201
85
500
346
446
455
380
344
218
698
22
371
140
76
726
686
159
387
565
498
413
671
232
753
567
245
149
290
783
28
303
496
517
184
50
770
472
502
183
727
79
820
224
426
223
547
54
617
328
563
180
258
56
9
429
439
501
206
608
384
522
153
72
296
306
89
356
117
821
478
658
244
766
613
789
262
690
512
177
398
812
233
249
777
385
183
823
514
694
569
433
740
25
580
483
315
139
122
579
124
248
436
535
579
616
31
168
11
282
345
644
58
470
751
633
528
634
466
313
169
25
286
565
828
634
616
482
462
472
141
383
700
493
219
255
708
760
355
158
221
692
457
378
820
503
554
693
414
388
602
762
51
686
812
711
221
352
563
528
498
365
616
820
351
784
783
583
424
714
804
336
100
522
628
565
461
731
391
675
277
326
736
127
189
746
570
432
163
408
528
751
534
160
82
378
502
131
558
94
338
390
1
200
191
295
223
114
236
310
687
26
703
469
152
217
656
667
395
698
702
172
293
632
498
630
84
357
5
739
315
394
203
64
603
681
829
107
374
268
152
772
614
754
441
41
704
94
123
509
44
153
18
223
21
533
804
568
49
65
515
362
662
477
334
158
35
356
165
461
1
231
761
163
11
32
68
438
178
531
358
321
398
168
40
769
548
261
700
793
257
313
614
314
773
405
227
184
234
612
711
816
715
600
306
121
789
46
323
655
764
621
107
608
339
355
780
351
534
277
225
115
622
181
567
539
572
496
695
621
622
482
752
800
130
775
701
89
405
286
493
307
156
556
658
639
78
368
21
296
636
331
273
634
264
544
457
705
271
704
812
94
146
73
753
745
542
420
156
238
37
794
154
803
337
358
772
688
425
698
740
21
48
285
535
214
211
250
366
658
53
180
688
354
216
749
177
747
588
486
468
782
91
189
469
771
212
770
124
370
496
25
355
533
582
575
107
89
666
148
768
696
409
446
549
111
459
111
311
378
351
515
164
743
614
346
70
454
670
608
221
758
201
74
76
36
108
374
302
686
757
297
587
431
202
593
92
471
571
714
582
57
634
583
596
491
181
617
588
115
448
185
441
603
824
559
675
645
12
670
174
736
449
809
593
255
175
613
206
203
556
683
261
10
366
591
235
420
541
630
67
513
447
123
52
223
592
11
180
654
74
627
451
185
70
82
63
150
144
398
722
81
555
554
795
552
47
485
492
402
329
775
115
644
535
814
69
296
120
153
570
585
166
827
142
261
621
111
518
169
231
650
591
798
592
808
186
397
778
121
352
488
688
670
617
137
76
663
625
245
392
44
288
785
467
321
6
387
532
271
800
666
363
687
136
182
63
636
789
392
24
196
580
47
183
276
393
307
80
457
71
462
355
150
268
128
179
443
7
190
471
99
609
439
1
299
301
810
666
670
770
393
204
24
759
582
661
627
624
651
258
604
511
774
597
550
244
739
752
363
273
592
429
288
269
697
776
444
381
186
243
32
736
457
463
144
515
667
480
76
26
395
539
168
358
325
656
76
752
76
308
489
63
504
672
290
760
352
233
241
430
823
665
320
191
253
654
274
766
245
217
453
741
465
594
524
356
200
73
747
265
176
787
478
646
694
634
527
157
1
571
730
249
213
45
289
220
430
111
36
467
567
458
700
88
317
134
460
437
482
214
1
407
27
393
105
275
497
727
4
303
103
436
179
660
266
445
689
94
170
353
522
340
523
637
279
803
138
791
644
570
625
251
264
680
808
302
229
24
776
457
772
129
398
444
408
613
772
87
385
98
535
404
705
134
437
233
6
140
498
681
172
291
765
261
614
178
49
326
252
616
479
721
564
180
699
411
353
251
423
587
707
448
340
761
393
498
538
586
408
182
138
294
250
740
461
770
642
467
707
608
696
780
221
804
743
679
498
53
301
507
307
482
142
132
135
394
356
285
744
591
348
613
640
318
291
1
773
584
113
787
472
447
70
400
640
751
3
661
603
80
246
681
458
517
89
600
734
173
64
300
31
498
131
402
167
409
344
365
784
757
308
339
548
614
586
433
210
722
190
691
383
764
501
698
683
544
575
517
563
702
673
310
29
720
230
643
116
32
139
799
310
818
33
138
379
713
38
686
7
161
362
478
647
147
246
650
347
331
761
616
98
531
777
486
685
330
407
507
593
292
264
281
266
597
324
259
482
56
787
500
182
730
830
418
433
728
173
165
86
820
459
21
641
606
783
573
803
543
631
296
495
158
663
225
76
68
632
801
218
729
765
677
34
823
623
327
531
816
567
535
195
17
725
163
817
397
611
4
129
60
394
461
577
274
95
690
331
610
728
267
667
676
487
150
817
628
743
663
134
390
116
758
651
367
689
633
155
518
483
381
168
153
659
290
77
815
624
416
453
559
415
598
376
207
26
289
769
176
680
429
680
263
216
246
89
44
260
463
574
403
510
726
551
294
820
299
268
818
270
495
783
430
169
557
826
114
512
645
167
472
708
224
654
648
352
783
691
803
376
473
58
618
460
579
276
707
178
512
114
655
727
646
363
163
621
517
91
132
522
117
507
794
95
567
519
602
318
812
180
467
648
212
354
578
495
80
486
257
335
474
265
413
466
216
690
346
679
415
144
645
548
8
318
152
265
539
592
633
299
654
646
813
664
5
231
702
502
24
533
156
570
165
785
722
780
181
250
716
759
1
710
770
682
160
423
751
415
323
145
639
259
727
190
433
609
710
753
397
806
811
147
827
211
161
147
86
193
795
659
586
424
59
789
85
138
507
626
11
468
436
744
1
360
767
41
356
19
187
221
269
444
225
136
722
563
697
388
92
219
476
221
8
62
143
630
663
155
778
287
189
75
153
310
765
217
519
565
689
716
607
444
60
812
37
195
727
474
316
105
490
343
156
603
718
712
673
145
696
409
69
131
738
772
1
344
258
737
457
662
15
614
744
21
52
696
47
107
423
49
477
315
359
206
528
518
678
82
212
584
435
422
211
715
823
414
569
659
737
243
758
95
105
504
807
602
638
271
573
772
596
237
77
403
55
528
544
122
682
197
145
99
151
311
460
772
621
816
366
378
467
108
200
13
131
779
600
612
522
8
84
218
613
775
458
566
225
150
317
401
802
200
164
371
737
322
462
562
182
652
369
601
345
151
724
829
360
127
183
32
435
78
432
456
482
10
821
258
602
93
211
672
175
104
146
656
586
406
163
404
566
633
553
57
518
824
634
388
558
385
223
215
452
43
68
91
227
581
227
426
397
41
137
373
558
85
766
298
789
73
335
506
25
76
94
17
126
191
694
159
630
361
275
660
532
520
22
515
805
678
522
91
806
332
488
830
622
573
617
787
250
495
186
76
250
237
336
689
119
162
813
372
340
181
179
710
220
184
28
353
567
44
577
116
762
62
466
743
709
622
805
265
611
217
149
106
352
399
756
205
337
524
411
143
688
92
90
119
39
816
507
69
587
710
344
209
706
259
547
610
337
122
39
441
475
55
399
634
811
472
659
210
254
272
178
264
348
169
104
291
763
253
38
509
455
172
237
334
649
705
493
128
710
700
813
108
225
217
783
285
175
13
388
417
368
700
806
161
334
405
237
460
139
266
468
127
367
481
637
501
623
28
561
683
364
169
731
295
85
789
713
801
571
358
709
276
448
524
192
114
227
139
579
69
386
22
555
70
436
602
442
619
415
241
322
775
678
244
716
319
623
737
566
189
309
482
694
110
349
336
260
150
306
102
710
604
501
118
800
561
140
64
523
40
460
237
284
316
175
147
289
146
169
438
747
161
735
767
763
291
201
320
65
404
275
232
816
199
630
404
828
272
372
672
7
154
421
786
598
633
35
297
40
645
800
822
661
326
221
179
192
677
403
786
595
390
811
731
825
473
767
748
167
653
216
713
472
155
766
76
223
781
133
752
611
404
754
540
23
743
367
341
530
266
803
688
775
303
601
581
763
477
334
599
20
607
8
487
126
815
21
554
170
580
414
194
554
455
162
194
584
250
482
127
669
340
379
353
505
741
743
816
706
597
441
494
62
289
599
794
309
549
741
74
100
637
518
362
147
667
632
141
670
399
110
323
441
212
315
431
231
703
494
212
773
709
260
129
192
570
10
760
437
633
255
54
166
722
434
315
470
425
799
522
734
112
498
749
77
439
447
568
113
326
361
497
543
769
477
219
755
175
462
114
306
268
588
250
146
578
739
775
742
141
797
411
577
118
346
316
347
443
457
525
299
499
191
556
498
345
750
635
646
180
331
539
275
271
781
152
12
205
130
8
474
504
373
561
117
794
5
502
339
767
743
202
611
81
251
770
672
427
202
379
81
71
285
536
696
546
104
261
492
600
603
800
66
752
643
468
522
761
328
426
347
613
379
463
812
717
269
724
220
98
518
350
745
597
581
506
564
822
403
293
508
137
590
699
708
794
29
793
664
613
738
255
667
788
730
513
416
333
538
17
493
464
681
776
50
34
111
634
736
741
600
351
507
613
174
292
761
233
494
50
825
141
325
741
353
83
121
490
484
492
537
406
358
247
426
313
266
208
760
616
106
565
28
269
689
87
415
774
15
1
85
607
262
798
576
706
189
565
181
463
200
624
197
164
61
115
405
799
375
389
710
95
335
516
385
735
39
789
3
829
408
540
705
45
601
228
748
531
591
38
16
619
637
566
283
552
525
666
606
580
156
651
341
387
351
771
383
81
84
672
42
523
196
563
329
600
788
119
776
274
548
136
627
538
725
397
167
465
481
4
313
593
424
361
761
230
720
466
579
615
83
694
785
386
474
116
718
393
302
214
306
647
397
693
432
499
299
604
599
604
819
740
418
337
168
764
514
793
752
614
174
317
312
713
445
68
249
355
109
191
202
806
271
373
522
780
312
199
663
407
480
653
646
606
120
413
62
495
154
7
337
294
13
536
619
418
379
258
346
609
572
252
291
472
645
624
616
478
254
785
169
630
516
349
558
457
738
640
807
367
240
646
498
622
437
296
693
132
49
393
699
476
55
674
430
780
410
755
428
230
669
278
113
135
355
361
667
786
820
192
301
430
105
54
496
114
486
792
396
613
453
294
581
255
104
215
660
207
166
700
454
668
568
50
582
608
448
366
591
592
502
679
39
679
630
14
659
358
528
234
463
593
38
237
616
18
156
316
454
69
477
309
633
654
291
549
241
61
191
196
108
280
154
306
682
58
132
401
498
100
37
59
727
364
775
542
264
462
62
605
305
596
491
138
151
292
115
220
234
385
384
243
341
180
288
1
775
166
354
328
219
671
293
798
85
33
603
789
253
146
568
216
414
281
59
600
594
532
200
277
10
599
339
127
435
223
141
501
750
432
613
209
779
382
43
586
258
331
94
403
180
273
589
329
392
759
280
273
380
269
259
355
386
92
586
334
38
218
503
333
606
562
677
261
366
439
540
272
366
142
431
408
503
198
301
175
654
777
226
402
605
815
676
705
262
806
193
529
673
529
65
48
481
644
535
793
160
208
90
551
274
23
104
328
99
332
169
760
3
762
595
637
663
732
273
274
287
2
48
666
582
470
795
769
271
529
501
320
205
470
826
363
320
464
37
627
507
112
338
392
754
585
246
267
322
238
543
78
596
822
208
296
760
647
529
594
313
686
695
818
738
654
355
354
6
625
511
478
539
748
795
313
780
665
86
192
730
183
347
825
73
335
283
366
276
481
262
14
84
158
86
779
383
331
506
167
28
250
616
712
744
718
463
210
776
639
763
248
705
460
544
739
159
459
265
257
564
316
634
470
22
40
12
14
444
133
20
771
461
361
51
639
779
178
533
528
31
58
47
302
585
663
819
319
374
627
374
762
147
744
744
697
249
382
664
126
182
797
633
352
260
390
179
2
57
155
290
790
518
238
504
721
401
649
690
785
579
20
600
70
544
181
391
704
66
639
447
442
478
587
606
355
170
217
226
134
743
42
173
344
572
759
540
101
472
521
520
522
734
11
35
533
525
627
361
572
541
161
205
615
446
126
317
635
408
158
600
259
806
63
308
552
710
338
493
478
123
532
810
209
695
307
458
460
81
734
166
615
508
514
199
734
70
770
721
785
763
135
335
246
484
698
194
146
148
150
461
413
280
229
751
295
643
204
394
451
269
632
763
615
617
226
381
527
296
563
393
295
515
727
414
546
641
77
394
263
524
146
603
329
814
305
564
778
187
209
466
645
77
139
23
23
100
430
180
560
804
71
776
252
247
47
523
589
671
718
468
812
660
670
544
420
52
724
174
716
815
115
522
714
128
50
164
659
672
607
85
759
142
101
381
461
322
561
388
88
793
321
564
679
621
417
222
465
665
711
273
373
51
33
489
154
661
192
298
88
234
670
473
280
539
316
799
521
528
7
130
143
288
160
283
790
766
652
234
468
567
430
182
566
56
541
744
696
501
376
280
722
3
678
803
220
428
818
197
398
214
406
486
193
27
668
344
58
292
786
416
86
175
813
592
549
411
779
47
621
749
61
272
743
62
11
196
693
613
487
206
531
668
168
420
321
696
644
242
727
565
11
327
127
649
261
203
663
666
827
85
16
595
617
49
702
179
287
263
392
511
494
36
401
716
733
261
123
144
128
776
69
648
436
60
491
563
281
403
628
817
501
758
755
248
518
388
653
56
83
690
266
56
722
286
775
516
598
245
381
618
427
152
365
816
18
566
743
49
811
546
117
122
537
258
109
201
95
738
746
140
511
164
114
309
458
798
737
564
96
265
704
696
208
105
386
735
826
357
573
346
240
399
259
821
660
433
707
438
559
546
648
545
563
613
813
495
572
621
190
110
712
511
724
104
728
106
466
804
550
243
516
114
686
228
265
328
692
476
78
703
767
442
338
296
699
167
480
534
4
82
769
12
175
732
568
296
761
424
495
791
659
742
443
401
648
722
804
708
696
524
227
759
203
419
719
636
798
541
443
198
549
606
786
48
81
724
248
371
668
1
667
586
305
293
814
69
821
669
799
328
442
292
299
495
650
583
250
806
185
634
522
481
43
335
571
279
504
469
336
556
345
772
61
200
145
373
473
444
303
23
40
433
829
714
746
598
45
820
195
688
105
746
699
197
313
680
253
152
781
402
683
726
426
156
795
184
698
810
811
247
527
735
586
86
323
49
770
673
323
196
503
28
203
451
695
410
513
283
481
646
689
306
695
709
734
584
222
410
580
362
157
255
301
824
508
513
36
568
722
632
447
744
436
351
362
500
688
26
113
117
782
157
248
317
385
98
646
447
148
213
444
577
6
324
734
815
36
332
553
457
819
759
24
662
576
78
20
548
320
690
245
315
532
800
445
202
36
775
31
484
41
626
366
629
394
312
644
101
62
712
298
545
773
751
590
33
799
753
501
137
622
824
536
406
668
405
506
430
668
568
223
178
275
276
297
95
290
340
789
33
314
315
605
666
440
800
268
330
495
78
16
516
330
498
3
215
753
603
411
203
134
22
12
151
246
773
791
269
712
736
555
585
217
632
542
213
757
278
445
493
342
319
338
381
97
688
86
627
742
91
168
96
464
770
645
584
37
231
161
770
826
814
729
511
426
648
32
763
67
427
453
459
333
99
79
26
445
330
693
677
601
829
765
10
271
684
232
798
355
463
181
26
620
237
107
609
793
185
279
559
710
130
121
293
534
394
129
530
86
516
25
372
508
262
373
544
12
184
32
294
329
502
583
166
520
370
482
727
296
803
164
528
26
567
105
332
700
709
386
604
5
810
666
653
549
353
157
161
27
647
514
497
332
203
327
505
824
734
749
382
24
260
538
420
261
333
482
796
779
314
766
695
816
515
719
611
727
324
248
724
720
365
578
451
412
58
829
470
58
120
34
101
189
533
109
5
473
731
166
73
196
797
217
622
395
50
18
191
428
634
92
697
731
259
546
441
250
233
679
369
371
410
377
475
152
696
445
753
49
621
4
785
644
620
705
471
32
177
759
666
440
656
178
399
788
356
231
539
21
653
43
44
34
335
722
98
169
198
445
196
215
711
565
417
191
261
706
460
730
219
497
755
342
535
750
234
91
724
120
548
720
57
340
120
408
418
645
26
182
201
654
801
663
353
266
495
747
707
635
672
270
383
777
780
386
432
431
197
162
40
320
119
642
539
345
165
467
92
430
421
44
247
116
675
229
753
766
709
152
648
285
226
453
339
763
747
321
493
105
647
666
200
289
621
342
586
216
557
192
369
746
579
474
291
109
383
352
69
453
501
89
559
482
72
762
708
333
345
400
102
747
514
657
709
309
287
293
640
594
674
745
367
824
597
344
538
124
416
59
746
583
459
672
291
132
515
501
118
19
522
615
4
452
342
754
644
781
284
368
270
625
142
245
810
89
322
687
80
391
139
670
463
386
88
332
720
113
229
443
330
366
484
742
810
280
498
760
23
735
475
665
709
634
827
155
565
650
461
483
83
640
212
500
702
375
519
811
487
134
325
52
227
585
217
731
190
348
773
756
495
750
130
313
212
41
751
551
449
231
10
372
507
452
310
526
27
33
383
323
786
409
543
744
817
768
383
692
56
552
419
476
33
8
238
809
14
335
395
392
822
146
47
242
501
631
756
620
396
49
443
559
353
769
608
641
593
357
157
759
484
279
705
368
101
499
166
77
222
199
260
631
394
495
812
223
794
636
651
813
749
88
238
172
817
121
490
678
798
744
791
698
669
672
19
569
728
315
164
462
61
36
478
785
135
552
648
446
62
156
113
201
555
637
684
214
405
491
480
767
162
159
677
783
273
320
526
195
237
302
821
541
180
718
32
68
773
606
812
338
39
2
526
409
290
822
780
283
302
664
218
326
354
633
477
177
722
648
262
700
322
745
27
542
460
759
153
78
162
513
297
629
194
148
84
96
296
717
359
73
704
412
723
622
791
91
377
240
173
526
576
569
196
357
100
605
496
8
789
272
584
174
490
216
617
13
636
220
427
460
719
245
140
827
103
17
308
521
623
789
247
629
392
176
570
305
782
465
819
636
449
474
70
306
424
213
629
769
217
378
549
75
6
411
542
798
661
129
821
319
163
57
811
414
806
465
571
33
430
523
56
365
515
423
5
443
673
278
348
7
778
113
316
4
118
83
770
723
735
110
417
176
538
275
379
276
200
105
569
389
37
681
415
698
511
329
688
304
787
127
56
660
762
779
648
414
503
400
433
205
465
472
376
460
780
236
244
281
318
265
30
691
287
52
721
382
13
330
189
194
650
749
618
659
597
160
375
706
824
382
452
382
809
298
828
551
189
281
277
663
190
27
587
341
623
20
809
807
36
783
663
486
534
622
587
623
276
168
77
500
629
464
675
701
105
418
701
822
370
176
371
314
389
237
304
230
77
385
136
460
667
621
537
791
707
32
722
297
43
197
153
488
358
154
821
54
713
451
792
87
75
442
66
638
235
700
180
37
366
455
498
796
569
590
801
143
754
566
763
735
138
55
564
204
359
119
215
257
617
550
520
781
171
70
516
449
88
565
22
94
403
589
379
54
425
220
14
325
399
49
554
137
108
257
1
231
127
249
167
438
562
363
685
782
821
241
224
260
600
523
6
545
125
110
721
35
734
373
132
194
788
777
130
33
1
787
412
37
464
557
95
193
432
339
402
442
689
560
830
150
819
140
490
377
277
582
752
337
78
713
128
469
205
550
476
13
439
243
350
348
763
524
60
397
142
208
334
525
243
248
671
469
311
313
790
570
741
451
335
221
756
624
284
649
764
515
509
730
445
418
530
87
515
607
510
159
807
402
57
647
376
676
131
527
316
489
430
314
521
150
382
439
81
334
627
716
601
719
477
252
689
568
85
552
135
628
191
735
287
311
598
430
738
813
781
480
583
114
18
377
588
817
605
755
362
221
498
453
207
144
748
600
682
536
105
803
296
6
337
565
660
452
283
431
639
98
101
690
187
667
792
729
472
647
113
103
339
411
261
542
140
509
249
522
357
191
295
804
239
467
102
804
286
336
780
104
631
179
287
79
298
414
566
640
415
564
409
177
641
626
307
816
30
656
511
386
695
485
425
388
450
5
211
804
626
105
208
343
758
202
571
718
299
188
139
414
616
740
134
270
423
24
530
66
382
289
292
155
742
162
364
480
703
376
408
419
247
595
273
788
330
24
183
98
655
524
194
137
166
157
120
34
480
144
508
313
28
406
429
35
277
524
351
551
675
117
403
278
731
201
248
40
239
258
780
58
642
316
789
365
18
737
24
817
788
285
620
276
409
9
684
106
565
219
463
324
101
406
334
480
576
241
73
339
383
689
126
378
763
776
683
54
149
27
27
320
596
772
207
774
595
618
429
69
366
700
489
623
699
812
193
375
158
512
105
33
314
554
387
256
96
175
355
500
564
425
126
198
391
114
451
794
271
50
437
131
770
464
503
499
661
432
21
420
403
140
82
550
318
553
595
829
164
355
232
778
728
113
381
157
682
332
172
179
245
715
336
778
767
401
480
42
601
366
176
725
225
209
194
137
555
71
754
715
741
801
446
236
165
218
557
302
300
504
778
755
145
310
811
218
588
287
34
89
115
776
284
698
687
488
454
13
142
86
219
430
748
799
647
628
277
409
363
298
287
246
241
234
9
546
43
544
648
574
709
329
499
684
198
51
812
707
627
13
752
393
390
584
341
425
258
268
555
678
691
190
680
664
210
402
47
504
763
56
704
573
606
806
332
507
5
665
514
35
728
806
313
778
760
152
568
129
83
28
238
222
215
786
258
296
250
356
385
370
340
135
501
354
194
256
707
678
761
657
299
59
385
144
521
397
274
571
453
454
636
505
644
497
760
737
534
663
814
170
130
731
462
285
20
499
206
231
519
36
427
576
360
281
523
576
255
685
512
655
150
788
158
233
586
123
90
455
68
637
760
7
615
504
444
3
141
523
75
290
709
334
552
606
296
773
172
224
279
379
591
629
439
251
690
390
256
385
399
377
776
417
565
296
232
133
277
154
567
320
342
85
305
742
672
813
438
244
553
682
335
635
305
793
293
30
420
114
765
589
705
727
636
798
602
222
284
507
275
233
671
105
372
507
193
778
85
286
593
6
188
141
20
84
578
603
520
516
6
396
769
630
105
187
240
474
175
60
33
107
150
315
444
326
36
80
359
569
161
121
664
384
68
659
614
237
496
167
320
219
443
663
215
122
822
170
781
166
572
119
413
382
219
58
674
51
475
807
276
625
783
720
208
580
676
822
677
111
488
513
141
342
259
337
211
238
231
128
694
203
332
647
597
209
673
743
818
616
640
156
440
423
718
478
392
35
185
822
136
106
238
403
576
760
116
88
592
258
695
186
122
746
255
392
458
632
587
819
478
303
215
429
216
596
461
657
457
199
822
760
457
575
781
64
248
691
483
46
455
355
357
325
171
657
823
375
675
107
518
444
666
747
704
691
433
321
427
534
679
301
510
454
445
805
15
528
352
98
436
621
362
559
622
545
406
284
476
324
770
164
658
756
515
696
205
49
159
72
486
686
241
706
478
549
339
347
699
479
410
672
450
422
105
412
779
75
587
215
431
501
566
696
344
724
371
605
322
760
642
238
487
674
255
508
17
115
124
297
349
288
511
15
271
577
176
258
62
560
673
493
413
439
441
636
329
538
86
402
458
32
625
217
597
783
667
824
760
680
447
818
348
494
726
615
222
768
105
479
309
594
168
120
418
201
681
155
538
579
649
441
823
279
228
435
191
568
824
547
663
20
217
785
74
805
130
228
626
321
652
791
269
128
593
193
527
149
209
544
774
521
765
39
481
458
427
507
491
578
468
273
332
733
737
144
430
38
32
730
574
79
798
781
633
368
769
298
792
369
414
437
688
299
348
355
219
540
248
811
177
160
569
537
293
474
449
371
282
209
112
165
206
758
201
25
109
412
643
659
662
621
182
105
762
777
445
430
714
72
778
119
259
468
358
223
443
232
317
516
385
350
790
363
113
121
379
540
278
1
601
27
473
674
21
505
587
486
103
168
450
522
147
696
345
152
263
206
630
16
652
256
413
682
484
496
137
516
271
267
366
220
171
376
729
143
278
340
620
444
196
23
682
551
745
628
722
83
82
78
734
328
604
515
782
527
118
274
365
12
103
177
322
80
47
713
410
479
101
479
177
682
722
692
1
582
798
631
633
313
241
238
403
231
678
289
201
596
456
243
564
281
810
606
70
399
682
297
691
134
674
581
602
471
740
57
51
677
173
18
231
585
353
155
83
431
510
252
663
535
344
274
619
393
490
124
375
237
295
44
26
800
42
407
278
356
672
754
446
561
728
602
283
92
353
720
418
697
703
657
435
205
229
404
508
375
726
314
690
808
308
217
104
823
518
184
621
500
829
570
565
802
629
656
270
526
221
518
458
137
440
89
418
149
121
409
104
183
234
512
720
466
433
511
469
157
234
790
252
364
526
669
597
89
637
429
650
339
206
146
185
124
557
555
461
703
446
103
727
129
545
22
477
4
51
595
80
628
612
409
425
151
12
768
606
374
331
625
573
712
213
416
786
471
819
556
812
254
823
789
631
436
133
712
827
603
202
238
10
672
524
520
355
290
558
818
829
377
46
755
264
153
670
726
151
627
512
382
714
660
533
586
764
654
732
355
386
54
553
743
187
241
61
308
382
115
599
733
667
567
130
1
819
377
163
295
491
446
201
284
466
23
582
389
27
153
140
551
722
772
172
730
4
358
756
800
675
148
777
58
719
296
731
649
488
264
719
224
203
31
467
444
156
19
490
800
355
733
422
525
380
497
745
565
158
827
606
6
183
46
804
244
773
615
228
476
115
572
7
718
645
492
440
354
399
612
759
390
289
256
286
750
755
455
255
243
210
404
96
50
137
419
410
370
805
298
164
671
824
391
581
216
186
473
575
762
652
234
620
226
62
667
489
135
606
128
21
538
800
348
760
826
227
782
283
614
221
754
513
825
560
304
374
511
748
712
129
286
653
167
186
720
233
499
434
456
442
62
371
230
363
366
621
217
757
516
551
305
552
199
333
711
688
497
497
773
687
303
270
209
86
75
754
149
709
37
612
118
210
731
138
190
242
147
604
96
97
289
411
533
464
416
157
277
345
702
459
475
526
561
476
590
324
294
158
502
309
710
342
709
579
128
720
465
242
327
586
344
173
711
349
812
736
717
487
471
49
589
244
254
179
710
351
147
82
45
584
675
346
367
661
807
92
390
800
604
428
804
798
691
445
561
225
191
396
37
265
453
599
673
356
772
111
703
280
676
225
293
461
798
77
550
222
702
510
699
560
530
273
659
657
561
783
758
701
501
591
331
312
106
460
509
799
436
781
180
635
383
214
384
826
71
627
71
80
41
237
41
52
252
95
149
734
345
79
117
608
202
310
501
696
353
100
487
77
92
589
566
226
630
810
598
97
66
374
327
586
67
291
256
64
810
29
113
32
146
540
624
372
464
723
534
285
104
202
124
672
635
194
67
336
537
686
695
14
283
751
45
166
784
40
696
137
460
546
231
770
258
354
562
635
305
144
529
47
178
536
779
301
353
87
31
277
87
343
164
131
808
653
482
421
658
185
13
704
249
26
422
512
694
775
20
667
492
224
519
249
666
753
496
131
151
358
441
440
450
575
282
261
507
47
205
137
414
120
636
809
576
691
388
487
710
579
804
379
655
274
251
274
695
804
490
396
377
667
559
147
317
237
718
828
235
88
454
529
48
354
120
688
779
796
281
557
679
783
198
351
63
12
25
112
774
670
206
588
78
527
606
341
816
586
477
368
443
743
61
571
417
496
257
595
500
16
256
734
106
799
724
472
429
430
577
404
724
500
331
477
144
268
495
481
666
732
629
367
614
205
727
373
542
126
483
348
228
298
657
36
715
649
365
264
336
115
335
35
297
284
536
545
387
282
725
484
153
516
762
805
443
63
652
33
824
318
524
353
734
823
261
206
567
258
275
372
536
829
761
799
3
55
669
376
521
543
648
798
727
830
477
556
397
676
512
396
820
264
211
61
212
787
620
345
49
115
170
331
65
602
317
727
232
311
472
823
695
324
629
341
127
745
689
744
327
115
596
656
577
439
316
665
400
558
694
435
500
240
277
637
786
348
830
136
694
120
465
698
691
206
793
726
496
787
235
130
514
607
1
332
17
744
655
474
554
518
633
261
351
556
763
736
752
416
170
105
497
589
786
482
596
519
714
414
26
607
422
292
256
736
763
456
753
800
173
830
671
75
471
117
519
346
482
79
92
67
668
264
589
692
485
647
429
489
487
383
377
458
215
612
400
391
808
389
12
748
195
513
254
341
440
309
9
134
743
666
108
284
618
104
606
253
259
541
728
311
355
630
698
451
431
397
663
692
517
776
469
238
825
353
200
85
828
646
740
175
766
715
62
189
168
509
642
179
356
803
226
736
368
668
410
682
366
674
637
610
360
154
754
122
162
475
415
143
46
239
273
470
605
174
188
760
550
771
322
520
755
550
722
22
16
735
70
184
509
22
510
683
394
303
579
725
132
687
550
177
247
7
820
230
507
701
166
161
650
795
706
295
417
29
617
553
290
701
757
616
427
454
92
351
703
22
207
245
442
52
257
628
6
169
143
640
646
119
509
140
320
486
384
342
221
95
163
406
451
70
395
651
655
40
88
119
62
358
574
130
479
541
758
337
294
802
619
393
791
438
528
551
135
80
298
732
697
816
99
745
360
519
40
112
564
595
246
532
140
547
389
39
18
603
85
201
264
35
87
779
673
761
1
73
553
556
503
758
309
154
367
485
317
452
753
760
221
706
161
137
570
90
56
61
679
590
253
239
197
126
214
581
49
716
745
666
644
471
91
39
624
555
767
536
716
561
433
281
245
260
35
105
222
311
566
529
543
354
580
8
552
605
334
689
478
367
319
397
152
681
41
476
795
609
109
699
668
344
606
101
659
506
502
715
386
682
566
654
55
551
399
96
598
770
755
56
774
422
748
315
405
761
35
597
407
607
771
231
15
771
726
686
582
701
350
83
370
307
720
52
74
129
426
370
60
493
439
89
827
655
294
206
398
417
728
570
487
22
564
555
139
158
59
566
753
485
469
40
703
581
111
569
222
462
331
577
253
691
659
683
329
518
345
68
618
360
335
759
531
553
450
304
93
481
392
209
383
372
653
151
653
742
569
760
554
153
463
281
635
566
480
727
611
381
412
260
233
314
334
21
399
233
725
621
628
480
821
475
387
112
208
391
439
91
760
434
621
374
334
151
727
635
35
639
539
375
616
530
494
802
231
140
347
341
199
642
113
141
496
45
113
614
181
492
88
8
400
20
502
560
319
596
216
294
320
244
640
590
595
157
640
300
234
494
629
371
561
550
747
28
374
679
823
149
464
802
451
511
715
106
827
516
168
694
789
360
154
599
631
43
776
565
741
402
628
712
227
809
650
213
455
15
445
6
733
609
154
36
453
367
583
808
52
573
703
157
749
562
301
703
595
336
823
769
535
177
793
6
480
751
363
301
194
142
167
648
97
818
646
589
39
487
604
390
716
681
591
219
125
63
613
234
565
503
557
695
414
797
813
91
633
195
390
690
596
273
313
36
761
327
171
250
656
65
410
360
342
461
789
239
10
534
669
501
495
123
229
292
541
257
445
587
351
139
308
109
55
640
19
336
793
106
682
85
732
300
415
303
105
289
188
406
211
601
825
343
338
26
78
612
98
364
456
4
325
628
382
645
693
562
682
764
345
46
215
573
448
75
169
435
253
518
111
28
696
182
23
307
87
394
406
269
772
59
431
69
180
462
173
64
499
400
11
516
461
529
246
120
242
190
81
86
658
79
242
32
668
477
432
713
11
64
72
503
218
328
811
16
672
758
147
358
195
35
398
428
141
237
730
664
567
265
644
289
278
420
647
341
279
214
92
392
87
292
478
717
496
560
119
668
12
16
168
310
42
495
330
331
819
118
383
593
10
420
7
744
485
355
64
241
488
160
550
480
319
388
378
527
630
168
145
487
696
89
309
810
434
290
135
72
748
360
127
238
440
569
14
218
652
602
423
139
792
183
210
622
299
142
813
399
186
718
380
551
764
591
377
18
278
99
603
319
619
377
331
367
77
536
288
452
580
548
212
375
458
601
10
346
193
803
578
197
488
56
597
728
231
430
417
146
315
78
693
538
46
387
752
430
400
358
661
72
45
147
368
73
264
660
24
740
131
251
454
258
269
590
543
359
775
474
445
636
737
567
758
87
309
37
73
118
146
436
216
593
90
794
612
653
238
101
328
650
609
501
474
531
616
433
111
130
503
577
649
388
81
821
433
479
546
389
715
679
424
367
77
803
621
499
479
248
782
332
298
558
313
659
142
207
626
787
750
687
728
758
4
569
798
570
589
544
590
138
205
700
559
29
580
632
688
388
380
764
234
261
772
424
762
176
223
226
515
128
251
467
39
653
376
751
167
65
320
707
211
680
734
380
275
675
727
772
423
493
248
108
505
534
322
716
8
59
80
97
486
359
819
338
182
180
690
244
275
721
361
438
73
738
348
364
686
512
542
633
172
803
313
811
790
582
655
202
271
97
358
9
212
165
709
743
136
156
329
477
448
173
699
534
786
132
674
743
262
171
673
312
394
815
31
291
462
83
670
582
133
345
222
513
111
325
661
346
707
383
395
151
185
30
252
612
505
549
646
517
242
142
406
211
383
455
490
110
700
516
778
348
492
762
502
310
822
595
82
748
266
562
468
544
3
285
695
208
223
201
761
100
1
660
320
94
205
608
270
151
596
469
590
213
317
634
543
252
171
793
714
1
342
760
38
512
102
302
504
505
768
607
426
675
396
620
225
709
6
578
331
241
48
142
33
345
32
579
114
826
512
86
576
761
458
467
403
478
662
338
372
434
601
455
658
665
425
139
431
177
182
783
409
635
286
414
4
474
549
809
558
63
235
627
631
642
80
17
194
153
427
696
267
364
494
79
331
721
91
216
614
538
21
275
4
45
271
245
771
226
478
505
307
800
155
70
297
41
644
536
319
43
467
709
704
22
332
60
228
428
80
180
619
567
279
530
23
6
111
454
498
180
108
383
721
219
176
71
355
140
523
322
763
215
491
784
316
319
427
564
717
470
167
441
748
431
25
543
238
590
788
418
678
574
143
715
639
758
536
679
438
272
631
619
39
419
34
276
349
621
268
643
41
344
656
543
358
163
349
724
223
788
818
9
296
795
27
549
818
452
686
218
378
633
439
313
495
135
44
706
224
736
48
282
496
644
74
784
643
469
753
60
749
370
113
683
599
462
268
119
433
771
175
812
716
606
810
92
191
74
430
561
490
141
48
609
216
464
549
279
817
359
582
635
372
73
783
615
181
466
401
288
768
313
356
118
366
571
827
738
133
602
217
366
451
59
610
98
238
74
415
294
722
320
685
278
605
216
306
598
692
531
78
579
135
267
665
613
686
250
299
200
25
808
738
287
87
389
288
212
147
71
651
792
711
31
200
436
465
600
537
170
658
603
368
419
321
83
21
108
81
234
383
569
113
252
569
704
457
380
69
658
373
396
578
181
574
201
438
757
467
567
809
297
578
414
87
471
107
457
715
825
628
603
491
630
78
242
333
820
299
436
549
208
629
687
132
187
113
732
573
422
241
454
275
193
228
671
271
72
288
189
379
18
792
93
572
170
383
431
222
254
624
146
763
74
304
829
291
402
799
441
363
579
829
768
454
805
620
681
194
121
706
299
418
289
739
45
374
643
182
412
203
715
385
223
335
162
301
51
786
326
481
358
635
393
752
784
204
331
28
226
305
398
188
662
665
587
544
762
130
412
51
361
771
457
10
402
355
680
294
670
349
236
103
372
326
298
39
146
600
796
706
439
69
675
674
414
161
732
168
683
224
647
442
190
262
90
84
336
555
175
1
282
251
373
533
183
47
279
237
573
461
636
171
419
590
704
463
708
91
564
717
777
488
143
663
764
30
819
614
106
753
499
708
611
780
662
368
315
96
365
740
16
58
672
405
228
687
717
576
554
558
584
225
467
725
341
338
706
805
404
668
229
333
6
396
641
540
373
544
440
178
281
624
625
448
310
125
26
707
126
186
384
791
794
499
350
271
415
577
145
661
144
186
85
293
167
649
498
595
364
362
304
84
280
486
304
196
661
572
503
299
380
240
423
766
617
103
384
524
353
112
381
736
659
551
140
673
115
137
668
630
158
63
623
753
281
80
665
86
617
705
756
656
65
166
546
603
670
703
63
648
776
582
509
723
233
456
819
754
641
615
92
446
512
465
578
620
283
580
700
274
140
699
674
798
226
409
20
251
439
398
793
123
38
427
197
730
183
194
244
528
44
522
202
206
30
800
662
291
454
727
557
808
361
363
675
247
433
557
182
295
708
601
623
440
507
242
334
232
119
108
820
819
373
341
625
390
767
775
682
48
44
593
210
175
251
612
767
657
103
118
399
62
221
361
46
683
742
675
13
192
804
144
293
397
178
683
470
662
38
490
458
193
712
97
171
207
5
313
651
48
209
247
8
671
694
514
37
166
489
297
305
18
356
617
754
290
429
654
136
165
535
339
549
358
277
233
190
364
232
67
732
807
585
74
313
677
796
828
438
817
780
376
165
725
756
315
491
59
44
643
105
578
451
584
87
432
820
565
707
467
657
243
430
428
361
830
359
283
348
409
242
363
416
603
414
814
303
637
645
424
694
96
504
806
237
473
143
460
404
103
358
635
533
705
304
814
826
353
613
556
715
671
75
175
800
658
628
66
245
808
624
749
670
527
129
734
234
418
615
551
765
539
725
443
122
412
468
584
448
519
490
290
225
810
244
182
186
233
263
194
554
164
265
328
304
81
327
3
93
418
246
713
428
395
153
578
693
91
804
354
439
50
292
305
522
257
647
145
386
354
93
427
215
335
493
160
475
132
780
671
201
322
164
667
156
238
763
241
133
711
790
771
69
628
763
214
600
503
737
286
383
823
453
60
479
165
104
654
79
425
388
580
334
812
295
659
390
516
473
617
570
495
131
272
398
275
335
449
239
25
164
519
770
35
213
603
672
495
409
443
603
818
309
313
57
615
199
356
500
121
387
148
363
94
656
122
109
594
146
810
211
786
411
694
182
241
432
402
488
627
793
133
308
479
440
363
316
339
274
826
797
98
759
723
628
269
434
300
297
585
3
42
81
354
475
596
98
818
33
41
246
828
67
326
95
175
464
646
67
107
433
761
522
690
468
166
680
757
249
177
25
448
344
160
325
497
102
387
593
194
729
15
428
190
828
438
252
284
23
445
354
295
445
2
342
681
656
412
454
205
558
253
696
118
560
675
613
392
195
3
50
143
388
127
694
672
145
707
767
45
655
162
677
488
142
727
350
164
34
457
276
633
696
535
71
193
557
360
595
697
689
296
717
133
52
15
345
700
404
614
689
594
487
446
547
465
81
171
163
317
152
514
641
436
243
29
448
699
239
532
412
744
649
373
726
490
666
459
694
50
786
246
202
212
414
776
101
798
821
11
10
44
725
540
584
416
775
512
427
7
408
724
657
185
141
318
588
364
713
481
725
623
1
157
605
180
364
475
105
8
257
428
372
613
15
310
449
150
693
230
101
122
801
157
534
20
712
663
103
578
41
200
639
264
208
506
638
579
445
116
769
241
292
665
635
714
192
580
715
667
574
298
760
689
403
152
770
13
715
36
624
532
603
447
343
179
428
111
35
17
332
292
34
718
107
291
288
628
107
637
276
439
793
600
496
59
398
49
67
49
278
176
537
466
178
686
524
139
417
747
16
364
479
562
419
327
404
784
217
779
366
247
569
304
181
41
508
119
696
553
240
323
50
434
464
198
599
477
598
372
593
717
50
177
592
231
575
320
537
545
590
96
277
265
493
304
123
39
168
632
261
779
534
627
256
593
439
293
247
62
302
128
757
608
291
122
469
684
82
681
687
51
778
709
690
70
519
744
206
292
329
740
401
131
164
716
475
665
381
677
763
359
795
377
332
435
250
607
404
367
168
377
292
215
100
180
461
191
621
412
693
539
463
176
101
90
674
251
771
111
523
515
211
289
324
775
246
795
672
284
331
383
142
760
665
803
678
139
125
1
394
184
87
572
362
330
178
510
237
637
481
544
377
213
540
727
710
27
205
266
77
399
314
578
717
426
803
19
516
641
729
462
351
439
408
192
144
119
634
132
332
635
690
194
701
492
824
421
89
733
293
549
666
443
338
573
544
450
569
496
17
770
465
26
519
212
510
141
16
210
475
225
45
738
228
615
489
791
633
550
805
345
571
523
667
771
489
646
157
398
134
778
614
410
626
133
598
685
305
120
606
704
742
343
64
94
224
278
525
416
40
22
752
559
449
765
792
424
327
611
804
319
628
28
714
763
552
410
715
45
251
585
725
141
228
570
194
580
297
6
250
256
638
290
23
796
176
260
194
765
50
491
689
265
246
766
49
292
477
70
330
723
60
444
341
689
708
104
701
443
290
377
364
791
611
418
186
608
671
388
35
804
713
627
771
305
203
321
644
734
535
669
620
763
443
45
87
817
133
480
633
421
328
736
533
711
176
472
527
312
238
525
277
529
673
798
246
600
85
34
558
763
487
330
514
699
119
26
687
207
743
768
323
44
294
702
555
687
112
562
83
532
8
462
335
206
747
703
562
540
432
477
657
816
97
312
548
388
638
270
243
346
554
705
657
778
300
138
743
28
658
424
467
231
40
180
558
405
563
14
442
597
104
768
313
724
285
489
173
673
741
709
305
447
688
727
805
624
630
401
543
807
504
220
821
358
57
433
434
118
429
705
519
661
395
496
393
491
248
401
353
19
443
823
519
242
771
746
550
551
294
751
432
375
718
380
421
190
26
332
791
433
404
382
472
596
437
414
382
761
9
517
29
68
45
172
292
557
415
345
388
525
426
722
92
407
721
718
738
363
464
165
665
405
458
491
145
560
7
283
206
629
25
738
166
83
613
591
400
101
378
320
32
790
505
591
702
142
689
74
521
336
712
500
684
422
238
169
307
756
437
804
539
160
369
598
382
716
352
759
281
550
280
463
694
207
804
665
798
382
795
640
733
275
550
10
33
704
139
203
541
138
698
525
829
681
422
385
249
231
743
31
536
743
97
43
495
283
486
57
807
274
778
782
625
383
41
185
457
589
806
563
218
243
222
339
298
519
34
601
828
212
11
151
137
492
632
229
310
771
166
133
384
543
241
798
794
716
224
164
504
674
609
403
92
396
346
725
594
819
132
793
795
5
47
16
365
634
191
44
130
487
364
565
544
599
487
771
684
60
117
293
400
650
655
638
708
168
240
225
78
677
683
799
347
81
3
53
261
500
180
328
697
753
807
41
556
800
235
814
144
45
135
171
224
282
382
76
26
625
328
68
127
277
682
385
389
559
112
20
629
511
207
754
275
712
60
19
215
270
699
681
681
166
83
415
179
438
503
703
601
97
624
406
164
625
52
251
737
383
139
567
94
371
180
141
36
480
803
569
258
830
816
226
668
49
786
769
221
753
287
21
224
441
741
472
335
258
678
788
279
481
22
690
407
304
289
11
6
23
408
632
369
137
376
268
714
607
371
751
312
235
270
402
259
808
207
64
18
63
584
459
367
683
731
769
523
681
648
426
510
265
122
141
399
775
294
650
153
770
315
443
205
531
263
171
83
428
59
530
656
401
477
415
747
228
624
512
20
795
673
634
490
436
542
328
752
791
41
175
492
104
296
602
576
435
590
462
385
357
708
813
13
481
706
311
196
384
611
268
419
367
37
635
104
133
114
400
727
341
409
67
585
418
425
410
363
191
309
706
483
746
2
545
391
777
500
39
688
327
113
192
676
584
181
667
339
374
643
265
327
722
633
67
428
270
300
615
281
552
767
169
448
597
31
307
481
183
259
538
24
599
780
658
709
125
45
259
80
829
512
566
631
127
448
226
110
286
127
409
514
422
214
282
358
119
723
334
744
472
750
793
667
676
664
809
572
442
341
390
30
470
178
721
271
747
684
11
526
396
390
314
799
137
780
146
731
544
811
131
46
96
1
733
431
772
32
668
433
726
300
94
311
212
339
426
497
229
133
262
787
488
319
134
348
157
483
317
617
146
614
803
85
310
662
115
441
16
371
604
81
336
88
71
467
587
620
716
103
1
631
198
273
636
480
674
731
148
218
319
807
24
194
225
195
748
469
732
200
209
442
315
521
773
191
157
261
457
541
147
278
262
307
771
369
22
387
144
670
74
751
521
586
244
20
317
245
246
685
201
641
732
807
797
236
552
512
688
52
513
651
39
313
391
754
378
511
311
118
819
417
261
481
326
191
725
104
375
810
635
332
689
9
254
111
539
718
17
398
829
249
118
401
240
190
604
447
703
295
356
393
69
372
109
799
514
597
679
62
598
810
821
45
464
786
380
830
816
460
139
786
365
641
567
217
359
795
99
799
627
622
596
110
225
599
469
92
693
495
304
698
153
211
559
140
199
635
408
695
739
23
611
456
270
511
470
167
151
399
822
535
106
303
459
86
467
407
528
645
57
315
328
490
260
740
436
87
275
262
697
128
550
730
133
710
753
271
687
398
751
321
771
646
589
618
456
695
786
337
633
239
183
565
521
32
499
47
710
593
829
629
602
264
820
162
317
73
475
443
696
642
744
542
39
257
593
163
812
645
745
519
732
766
257
212
607
765
823
135
762
457
84
198
520
786
531
478
632
290
454
115
284
657
428
116
416
35
605
94
526
395
387
16
65
401
355
43
676
40
70
107
125
119
218
312
269
346
140
269
115
254
810
791
686
645
773
616
738
781
158
223
498
127
825
622
196
80
747
742
743
738
389
742
672
98
544
563
283
495
501
183
706
811
168
319
65
239
239
350
626
472
232
551
231
68
87
617
286
686
691
102
777
416
560
775
577
182
660
662
687
177
477
120
740
754
567
505
237
304
736
82
157
337
807
98
548
40
738
285
601
198
22
130
435
370
491
528
724
531
323
397
216
310
389
650
369
220
76
319
327
291
443
238
157
322
703
5
469
280
166
514
677
116
614
614
790
536
145
605
258
173
394
46
249
713
2
649
227
824
275
501
9
794
463
426
771
141
49
553
796
759
40
516
417
790
736
490
607
74
277
624
217
374
222
660
824
818
526
732
608
12
731
585
455
164
128
310
62
496
570
438
495
144
589
408
693
551
232
494
320
798
36
714
91
84
772
492
435
549
393
607
482
396
60
472
336
106
200
618
24
134
316
707
475
73
23
547
476
203
287
768
438
473
317
514
354
600
693
177
56
742
472
636
597
55
235
389
322
58
613
118
394
757
215
327
774
695
405
129
202
711
828
633
344
727
786
211
333
467
187
338
369
229
390
522
813
208
32
252
365
743
153
219
218
462
795
718
388
503
199
582
717
28
144
673
442
272
657
92
110
770
222
740
456
83
801
323
239
449
545
686
202
387
16
333
312
659
393
363
608
750
463
200
2
378
575
445
198
372
591
7
193
810
828
471
713
379
615
76
99
340
553
250
117
335
530
276
574
720
204
413
23
684
775
134
19
797
627
752
264
776
671
609
610
784
270
437
121
701
581
416
137
673
331
262
413
213
360
471
169
647
469
798
548
359
697
640
185
798
497
215
359
625
360
756
470
228
696
504
98
491
488
777
231
818
276
719
532
769
567
12
648
533
9
269
464
280
617
135
798
66
194
601
289
737
111
174
519
741
336
140
97
719
202
786
508
754
169
274
711
570
286
29
588
152
636
372
783
244
233
764
429
496
95
724
247
61
256
817
398
811
359
200
573
673
584
685
143
226
61
344
149
53
805
80
619
798
680
416
176
745
440
260
766
716
150
185
560
634
170
689
716
381
351
711
210
284
684
801
136
454
706
517
593
701
606
161
404
678
696
507
689
664
736
89
523
481
669
207
182
778
433
206
538
562
366
624
583
465
502
419
414
142
178
76
606
333
389
499
47
766
413
780
48
568
548
330
241
318
619
9
783
388
775
268
391
345
207
109
435
679
99
109
440
11
734
651
47
159
353
732
481
151
37
111
36
332
42
174
227
788
384
760
601
564
586
789
373
787
665
438
593
248
548
264
641
827
525
556
377
302
459
283
286
673
680
12
315
403
633
231
777
242
295
826
386
84
775
556
175
795
93
593
294
299
535
408
40
777
382
170
639
642
477
316
521
162
407
196
266
465
602
352
32
417
773
802
582
475
375
347
191
108
734
608
474
125
90
182
546
186
620
559
167
486
170
629
81
497
169
146
298
681
141
301
274
336
467
347
375
459
725
634
167
688
341
459
227
462
175
619
356
237
230
11
283
482
186
537
676
99
499
273
87
695
643
614
557
607
492
563
75
7
805
152
725
486
446
222
145
359
235
614
813
169
386
401
781
226
268
176
245
726
45
178
772
688
570
708
568
763
15
770
361
108
113
219
246
366
295
577
829
643
591
74
504
726
255
704
785
13
656
816
581
379
452
782
507
302
656
652
656
401
44
322
767
237
358
465
757
705
2
60
669
585
290
318
467
596
354
563
174
388
767
748
402
18
252
354
346
105
805
767
688
408
311
159
20
166
310
42
301
460
116
143
822
627
699
268
414
475
784
663
609
114
616
260
745
423
585
251
409
622
446
500
201
810
482
372
369
343
455
152
764
73
786
509
249
535
318
300
226
484
113
674
738
22
141
423
229
333
359
787
681
784
654
315
456
774
270
579
183
14
794
765
66
741
491
823
142
261
221
174
576
328
410
234
779
606
671
664
587
289
159
628
812
450
103
525
470
400
800
501
180
719
154
69
8
44
448
95
777
510
572
199
751
114
190
636
199
374
364
445
197
161
652
217
424
520
340
277
185
302
499
587
761
24
106
645
783
672
795
139
117
555
583
737
716
448
210
264
422
482
768
78
251
434
292
466
367
820
362
107
332
499
107
308
240
703
136
792
165
822
426
298
439
582
644
19
770
489
793
486
360
33
445
114
105
712
5
697
516
518
287
775
94
49
544
541
538
256
435
394
281
252
480
326
222
691
573
708
743
680
275
95
56
194
161
669
653
3
338
348
124
314
291
357
512
506
295
383
761
99
232
8
268
226
34
399
362
529
629
443
365
317
253
234
277
319
138
765
492
157
554
134
279
576
301
729
723
528
455
295
704
148
775
269
220
56
830
411
341
271
60
688
804
376
788
196
115
381
577
622
588
486
389
229
486
61
323
706
96
723
507
106
490
740
14
360
560
729
771
150
505
64
506
387
163
288
15
24
436
746
431
343
49
277
328
610
516
291
812
412
175
248
787
542
753
491
446
770
222
439
305
381
248
86
80
673
771
16
690
419
329
262
43
469
643
379
244
678
669
236
184
693
794
758
294
124
26
430
304
327
653
726
579
733
306
27
303
539
721
96
781
363
431
208
67
87
437
274
724
86
534
765
320
701
361
573
635
569
657
24
355
83
461
334
693
386
261
746
182
802
211
417
399
9
133
585
658
684
707
505
495
699
472
70
522
521
66
34
577
389
579
450
447
769
541
303
767
119
84
789
689
652
48
440
188
270
246
272
340
716
497
310
184
38
555
582
370
80
574
581
695
94
527
378
176
170
713
541
674
574
593
560
762
725
510
620
319
148
277
822
273
51
769
40
539
592
166
235
717
605
358
289
709
82
84
699
90
807
550
83
757
39
122
288
8
469
566
655
314
102
789
593
436
376
703
552
71
476
651
718
258
521
98
199
350
203
3
280
72
165
504
12
827
353
268
417
80
11
575
290
242
681
668
175
723
335
559
749
494
282
456
406
34
526
29
2
53
530
44
168
220
196
137
609
513
798
103
445
556
356
280
771
86
795
613
315
363
9
142
496
91
702
661
42
700
570
51
365
77
357
445
129
85
395
826
67
650
211
436
739
662
64
379
165
492
354
244
446
217
298
379
483
732
369
307
543
47
788
567
218
356
788
69
489
39
445
477
377
776
723
74
120
411
76
217
125
43
372
6
417
377
732
558
167
788
15
436
39
363
35
30
691
342
679
164
230
730
513
238
745
344
614
819
709
762
696
216
449
500
301
271
116
105
819
590
301
168
482
414
157
686
572
424
756
55
215
785
565
77
136
472
358
11
668
663
250
666
63
537
461
764
352
62
272
733
424
158
519
174
481
295
722
613
512
542
70
444
145
111
420
266
529
451
581
785
133
254
456
113
812
452
478
278
421
524
750
419
700
106
94
524
456
48
520
399
263
742
606
782
8
454
548
541
557
813
21
783
440
44
534
757
483
472
332
686
706
185
261
485
780
132
19
738
794
725
712
342
693
190
715
514
348
582
559
655
609
568
723
561
204
102
528
221
250
397
258
749
554
340
415
166
814
650
634
783
461
515
236
157
426
639
284
294
727
527
124
632
708
575
360
216
522
118
824
383
564
367
593
400
85
456
255
467
249
281
433
118
439
345
92
25
383
634
441
188
365
535
79
181
612
622
9
640
288
339
165
166
186
226
351
246
810
604
772
230
275
567
418
566
516
569
234
637
752
72
247
695
699
504
414
525
634
599
397
80
296
19
712
82
57
121
753
487
292
632
26
645
584
115
807
762
736
640
62
652
370
593
654
148
580
235
317
767
231
794
773
630
270
711
472
437
430
575
55
72
603
639
405
380
205
772
63
363
583
794
42
339
798
312
334
154
186
575
398
563
221
537
559
63
240
758
353
573
116
339
142
356
255
390
281
327
748
238
709
66
65
350
267
533
456
98
770
825
118
583
580
399
694
263
45
210
135
499
161
337
820
400
143
1
793
335
17
35
546
248
319
696
788
353
108
195
280
793
752
219
131
680
71
79
701
382
73
388
302
50
125
303
453
490
133
489
183
334
736
372
208
429
285
690
366
530
724
823
274
142
383
697
135
746
403
624
695
296
559
130
191
238
153
528
53
278
694
317
594
395
187
390
545
31
688
283
190
313
545
148
283
331
145
112
827
69
792
521
393
170
552
586
642
376
54
336
20
576
57
49
91
599
496
166
727
156
115
817
603
413
225
499
503
694
60
781
579
546
288
587
797
351
455
117
160
509
322
567
138
333
403
561
548
272
30
651
263
810
805
528
131
97
194
828
351
312
532
654
366
181
586
356
554
93
341
684
621
275
14
49
591
705
13
425
652
225
812
715
494
554
785
808
649
286
741
786
316
162
126
646
542
125
829
626
691
537
809
372
543
52
510
209
161
83
305
12
642
411
643
661
202
655
113
162
259
40
134
824
240
45
361
347
706
78
304
414
112
332
212
628
24
296
735
449
614
625
639
34
210
382
582
125
556
820
75
358
595
309
259
632
142
229
208
671
543
539
400
784
238
106
791
433
504
700
533
532
586
704
651
257
405
218
634
101
291
486
756
272
418
167
798
578
363
719
91
788
536
541
705
509
765
728
218
467
224
463
94
68
176
732
451
751
43
251
64
68
28
367
287
221
766
273
678
764
591
774
627
640
268
209
393
804
689
472
474
662
270
13
611
344
329
219
754
712
309
794
378
738
75
653
132
17
825
820
730
408
817
345
820
426
292
164
45
311
748
764
682
30
823
764
179
429
200
572
757
531
626
329
481
110
582
811
221
552
307
144
648
647
782
250
788
27
232
668
594
818
340
554
438
407
355
499
3
663
327
634
679
677
440
403
110
567
341
180
416
112
683
188
497
132
772
390
747
119
145
384
393
746
822
710
211
438
542
211
677
100
513
619
401
584
815
779
734
518
281
511
705
824
699
378
330
172
125
90
241
595
29
73
363
594
277
365
790
341
505
5
791
426
293
149
492
244
20
137
770
229
668
755
755
74
510
203
9
794
207
167
555
770
230
565
619
310
790
673
387
692
374
363
783
579
126
109
645
392
683
637
121
636
488
761
639
561
789
57
502
731
574
456
80
417
415
164
335
160
409
237
378
574
220
647
657
588
201
806
619
140
791
760
625
33
55
437
794
776
478
109
720
149
581
622
286
187
550
331
205
351
695
607
55
204
791
739
816
684
146
165
682
795
652
548
619
253
656
499
596
557
21
364
196
638
662
107
556
112
408
630
609
371
114
556
684
823
196
646
105
122
148
199
373
112
597
424
114
128
482
763
39
379
51
454
642
58
241
154
438
234
505
523
154
632
336
219
759
145
376
648
785
488
54
220
54
494
645
47
755
284
492
634
199
464
301
283
228
44
631
379
363
187
16
770
632
214
720
472
399
68
165
326
300
17
400
1
714
156
133
153
438
808
414
319
29
82
201
483
637
187
560
813
579
88
4
812
81
219
277
331
715
335
583
235
511
275
270
325
753
211
744
520
364
119
313
525
441
516
660
136
468
597
826
752
694
788
778
195
531
790
240
211
563
108
162
315
362
386
752
728
662
659
139
183
250
679
17
323
536
253
449
94
180
436
448
641
779
173
634
347
308
307
478
270
368
367
689
207
426
133
36
665
710
562
31
568
251
828
244
55
4
714
143
569
799
748
197
620
524
183
786
358
466
18
204
482
218
58
207
149
154
310
500
367
301
705
196
306
141
29
789
15
133
336
434
489
819
505
312
58
400
546
722
560
7
786
78
608
724
136
235
496
402
368
260
585
686
453
172
806
190
504
102
802
778
824
594
263
356
550
706
375
121
437
732
728
247
602
363
710
373
119
564
91
9
634
517
19
258
635
362
406
83
763
141
733
807
766
172
412
614
219
228
236
232
344
15
487
646
440
564
286
311
252
392
241
182
300
515
817
680
660
315
431
543
246
484
78
567
367
227
805
308
819
439
224
193
83
443
182
656
521
84
807
333
26
361
394
243
307
216
168
619
285
430
567
382
237
511
60
754
210
503
212
666
5
708
366
510
7
224
334
264
23
108
316
301
80
392
158
33
283
258
328
326
78
250
257
279
413
734
140
727
387
270
776
473
501
114
96
368
398
85
30
647
233
102
101
280
761
806
556
391
241
342
271
4
132
405
492
608
192
319
399
228
650
400
583
776
790
207
470
702
515
45
652
696
357
511
293
804
227
129
44
421
426
722
258
730
526
324
308
618
336
131
794
496
589
810
683
630
194
44
112
596
517
215
530
216
504
447
143
496
151
553
750
8
672
312
29
131
18
364
565
166
341
671
775
152
473
529
792
554
137
633
485
34
642
364
66
220
437
155
797
466
41
731
812
447
575
31
806
268
210
404
651
326
16
526
219
131
458
233
439
637
628
646
821
189
609
395
284
5
395
161
249
103
33
53
669
96
480
529
139
405
334
325
670
49
740
168
755
271
339
70
149
154
442
655
762
748
738
773
826
437
269
654
560
494
657
818
431
384
425
287
161
706
630
146
674
425
534
571
359
672
484
782
767
452
307
371
457
312
285
781
830
159
234
45
686
35
557
78
232
178
748
623
325
34
196
347
190
737
763
355
334
598
551
481
262
828
659
804
62
429
449
583
741
443
621
437
638
647
667
140
637
72
275
155
501
678
433
705
803
257
542
529
502
102
753
772
131
375
504
309
368
624
115
489
416
348
469
220
266
105
174
178
521
684
766
459
709
177
471
329
657
159
123
90
822
410
248
439
331
562
270
471
482
486
276
559
480
733
483
11
719
172
637
636
583
234
563
635
202
579
187
82
196
766
522
523
334
708
421
743
173
755
94
372
751
765
436
328
393
100
263
493
646
691
799
770
419
298
113
715
826
753
212
631
17
220
402
215
409
563
309
595
431
1
403
788
753
249
82
370
803
305
705
56
622
652
474
275
555
392
264
824
106
435
583
714
710
356
139
538
400
412
663
246
577
752
529
584
244
739
632
663
819
123
651
519
622
223
667
358
344
453
782
484
725
650
562
127
51
593
62
335
257
696
283
378
323
732
648
476
389
228
139
753
665
570
814
465
682
420
575
84
9
46
260
181
766
539
705
700
496
58
102
520
590
680
47
202
661
174
778
144
763
718
93
570
357
367
526
261
698
809
781
339
818
473
64
78
284
48
61
275
134
270
168
246
79
90
671
217
55
641
104
542
806
666
114
278
795
615
472
747
467
737
606
656
218
206
501
18
267
683
345
564
28
688
21
640
8
52
666
272
664
429
696
168
788
248
695
4
689
418
152
72
158
375
312
428
355
748
457
415
128
675
547
389
234
384
535
1
68
592
263
151
74
61
305
386
602
337
815
171
1
156
460
145
625
258
95
645
146
654
266
2
598
271
680
13
296
447
675
488
230
706
16
746
483
415
379
349
342
247
399
284
299
4
204
543
98
429
131
685
637
628
179
343
538
492
778
44
311
473
417
506
830
762
133
343
3
563
660
712
665
422
299
373
606
28
772
308
168
138
344
692
413
733
353
402
624
815
298
304
266
444
348
88
40
609
393
456
287
686
475
338
801
368
382
64
503
230
671
440
432
308
689
406
787
677
82
174
266
345
395
31
511
5
589
651
590
661
41
359
26
588
214
563
556
705
286
31
733
677
150
472
805
421
289
674
52
223
423
320
430
782
86
580
693
212
378
598
616
470
800
542
563
13
395
106
707
638
793
361
233
220
272
785
265
322
563
800
310
218
486
823
491
671
455
601
716
684
224
448
717
414
75
8
555
658
169
676
301
557
96
98
259
783
281
733
598
567
67
514
100
586
604
256
702
456
739
769
58
561
650
793
78
718
156
538
782
791
334
677
313
339
126
13
42
145
670
640
329
690
798
812
33
707
537
90
627
725
516
815
474
232
66
567
585
561
467
204
765
599
593
40
140
703
790
757
473
434
810
38
18
707
137
251
31
50
708
462
724
644
342
315
417
670
25
763
260
770
584
591
763
211
809
812
256
800
386
791
185
806
376
175
830
750
485
441
804
422
769
180
278
334
337
719
388
104
130
542
271
707
224
491
26
686
22
729
713
31
491
71
552
322
358
409
73
295
486
136
699
244
142
474
690
676
266
641
749
457
356
34
735
359
20
726
595
419
207
738
66
434
636
240
597
537
459
82
682
420
756
103
312
535
488
502
164
220
686
51
692
810
276
749
494
454
452
593
462
208
251
529
173
544
6
362
707
309
369
176
76
403
780
499
776
352
669
224
99
760
696
709
580
7
133
667
154
311
641
358
280
340
11
511
627
662
585
796
730
608
30
576
830
784
331
411
445
100
373
764
297
198
2
820
756
11
737
182
702
5
169
226
268
33
460
368
741
132
803
242
669
54
179
334
539
230
386
134
821
73
532
687
478
818
614
342
433
781
150
649
585
788
578
676
30
365
753
94
558
95
761
420
743
765
268
723
67
205
320
111
796
25
721
698
753
247
222
525
334
123
541
95
732
430
523
822
584
540
385
767
771
808
458
284
616
101
44
540
491
787
604
99
280
683
809
752
793
438
151
776
676
459
93
360
4
234
227
380
204
773
134
390
38
268
351
73
287
502
562
520
315
762
45
358
33
748
235
587
237
498
799
733
194
410
532
471
243
176
97
300
103
626
784
713
829
144
285
115
572
73
265
809
251
547
216
506
720
429
149
675
809
379
429
567
389
143
247
658
468
654
719
811
520
106
13
785
314
193
630
153
278
88
701
804
201
638
725
572
114
274
709
265
414
548
414
171
343
352
801
21
173
453
162
296
609
527
146
518
221
641
535
721
535
761
500
625
428
131
235
694
355
175
234
347
824
738
500
42
264
40
686
260
6
546
28
518
147
538
203
608
484
788
824
300
685
784
664
40
229
786
528
322
31
12
723
481
807
568
224
97
213
175
816
17
573
547
343
338
373
231
460
490
808
442
709
427
401
134
743
40
328
321
464
231
217
29
289
468
87
297
160
558
47
740
313
385
51
429
634
375
28
517
569
60
129
24
130
36
471
421
591
425
400
89
529
259
661
600
174
402
822
482
4
470
316
448
639
316
259
824
271
723
209
521
823
148
746
151
313
293
344
373
192
822
794
664
735
107
357
349
427
262
603
36
279
457
788
681
314
33
288
634
193
467
253
195
542
495
436
807
544
23
576
477
748
643
415
815
638
725
621
185
162
266
86
490
613
795
271
463
666
812
78
591
505
695
195
449
446
187
334
738
442
273
753
642
465
380
780
573
244
659
113
386
307
294
319
251
398
85
811
520
352
389
101
283
18
59
728
729
799
137
195
372
181
669
115
648
479
765
194
238
246
461
506
305
187
234
748
685
582
757
436
790
8
454
89
463
418
226
132
341
512
212
443
144
13
497
196
738
364
112
419
668
730
799
392
662
449
226
693
313
348
121
804
499
726
143
193
570
47
754
820
789
294
96
415
422
211
170
516
537
110
553
117
72
823
332
244
112
190
750
178
122
791
292
587
437
564
48
599
139
29
414
428
204
390
695
519
331
512
742
358
454
249
716
338
255
132
728
813
288
295
529
132
767
663
451
774
506
57
447
527
183
523
45
146
653
623
447
513
325
409
651
509
615
377
686
519
740
710
462
160
55
247
285
7
604
437
403
355
780
716
304
183
191
142
291
448
34
62
787
424
800
542
368
730
568
287
278
812
776
117
38
558
51
602
278
434
332
22
664
305
317
167
193
152
164
158
184
657
469
240
275
643
29
446
687
91
704
482
285
458
711
218
95
829
43
716
574
127
88
381
45
42
816
56
14
727
138
472
613
400
621
534
42
484
36
581
125
597
193
721
353
284
736
159
468
767
410
450
176
305
606
103
21
52
17
728
697
311
88
527
827
753
710
641
217
372
25
240
634
563
767
630
824
573
561
670
9
241
749
60
198
350
439
237
574
52
113
822
339
574
797
25
178
76
830
600
667
245
706
332
364
113
810
752
666
481
164
805
505
427
211
140
284
320
516
793
448
249
614
51
161
527
4
752
38
470
43
446
238
220
781
273
373
329
628
105
539
543
135
766
322
260
51
758
136
399
612
50
293
708
791
335
293
275
313
227
62
307
351
330
209
27
697
221
445
5
732
234
790
585
597
230
616
88
64
14
249
284
564
711
248
291
542
706
508
619
417
111
472
509
412
579
586
117
386
789
640
16
63
328
117
661
29
506
433
801
592
696
735
414
149
677
155
653
333
305
237
232
22
646
357
57
142
167
443
266
53
745
762
819
128
795
399
642
58
388
345
156
587
604
429
520
392
827
385
656
331
334
665
106
12
809
618
796
172
27
194
585
150
656
174
799
142
216
465
203
139
18
713
605
789
290
740
751
738
156
249
775
638
830
368
541
145
238
431
527
373
704
589
487
768
725
601
337
476
271
657
68
317
736
456
315
461
62
568
363
763
546
16
231
227
768
801
157
528
201
602
574
31
182
533
399
63
622
34
335
680
773
350
482
84
418
326
478
68
239
112
326
698
549
746
196
375
33
36
92
227
352
811
187
772
242
792
794
9
4
164
668
597
721
54
440
329
5
112
624
768
619
131
701
814
164
100
288
372
231
275
533
296
53
738
253
46
62
125
26
659
697
578
721
771
361
755
225
64
717
448
435
317
210
423
48
742
410
688
411
481
422
238
83
767
591
245
490
805
416
592
667
723
603
159
243
525
250
150
204
794
93
34
35
649
802
213
359
132
574
553
199
593
516
511
823
570
551
447
185
81
478
265
562
266
615
641
161
555
521
461
180
340
580
279
752
235
154
212
630
244
341
645
346
793
477
112
367
65
524
232
323
31
267
409
288
593
318
689
346
728
497
69
179
243
721
402
332
161
393
344
93
259
12
828
286
127
566
238
208
37
179
770
542
686
633
242
48
582
176
565
64
495
147
605
761
266
66
404
143
795
775
788
829
432
727
85
324
814
512
160
817
178
594
464
77
257
117
657
29
608
819
368
823
36
517
341
692
774
360
609
528
375
725
681
54
52
342
741
666
410
227
384
493
87
608
542
135
72
827
27
88
788
713
438
816
142
247
171
593
340
222
448
19
426
559
749
78
63
628
379
459
271
724
762
762
765
753
692
110
23
798
134
256
419
526
160
637
277
603
518
76
806
448
809
771
385
33
631
811
187
440
605
229
717
816
485
185
611
287
402
781
468
204
468
306
16
660
114
774
678
446
654
198
8
686
601
204
651
36
3
715
675
639
47
103
503
312
124
535
172
725
235
165
73
533
211
782
23
340
284
654
640
724
499
402
434
303
288
719
538
550
474
260
748
365
327
752
536
714
551
759
720
600
660
69
755
648
150
714
98
70
539
245
139
523
711
309
656
102
274
294
154
338
22
13
282
593
192
250
517
418
406
615
161
358
281
253
493
512
188
267
148
331
303
576
36
112
123
633
370
274
371
489
683
395
3
131
759
406
45
658
497
529
622
589
422
473
62
372
645
415
548
355
802
309
378
708
733
771
783
136
328
63
398
698
769
730
497
334
556
803
469
2
206
420
399
4
386
417
49
253
418
816
394
69
706
21
561
336
42
422
133
171
821
249
823
773
741
5
655
161
216
79
427
221
530
327
600
531
217
387
602
139
355
820
708
34
412
138
184
689
635
578
212
536
460
370
811
18
651
508
492
71
525
648
500
524
535
800
11
795
32
464
50
715
294
219
580
321
555
304
796
560
697
541
216
351
503
800
617
184
383
469
88
440
403
275
275
822
265
36
134
516
646
570
512
381
396
58
344
304
231
351
705
78
242
520
545
310
718
158
165
584
646
295
595
748
609
287
402
633
771
676
224
776
719
600
394
383
286
74
198
778
14
679
63
824
250
438
718
649
614
619
461
701
828
456
231
253
555
425
280
502
41
477
222
45
509
532
767
26
722
374
509
645
236
681
743
48
293
508
754
443
253
179
212
301
179
762
637
581
72
757
160
158
86
632
372
608
378
58
116
510
679
525
514
485
317
421
479
169
822
383
202
197
499
507
663
99
141
773
467
232
468
74
768
255
154
111
166
599
450
608
543
710
670
586
687
360
568
101
497
617
639
818
700
139
240
642
805
453
224
135
37
12
375
780
783
46
402
442
827
660
214
197
543
9
329
527
472
65
122
153
300
475
202
126
477
777
745
65
342
458
580
542
114
548
26
320
557
355
155
699
70
555
275
581
145
806
49
457
292
774
491
608
707
117
108
690
641
15
687
297
781
167
495
347
813
376
105
346
294
376
334
146
159
727
804
37
303
49
668
356
12
138
188
285
327
571
540
445
521
445
311
255
263
724
178
173
221
812
249
588
225
187
619
41
88
299
599
358
725
492
730
8
288
31
371
76
87
94
619
505
470
805
148
693
394
760
655
455
272
392
651
25
37
188
191
131
239
319
553
74
161
800
183
593
378
606
422
19
792
772
718
346
411
461
656
131
291
353
65
702
266
416
221
53
328
99
82
134
21
78
322
521
746
334
391
355
114
107
669
54
549
622
289
345
353
129
381
440
558
668
705
598
617
532
153
339
20
217
91
428
787
458
29
370
385
136
374
741
377
286
419
3
634
802
708
618
470
339
541
759
113
497
156
16
77
432
188
236
514
219
354
250
544
399
571
141
401
497
112
719
525
716
438
502
781
657
28
175
416
430
462
152
96
753
369
656
693
698
698
274
767
166
294
229
451
603
700
659
386
534
286
513
171
799
417
23
363
626
749
548
506
29
275
356
263
293
743
644
579
291
258
632
402
804
753
394
677
806
461
562
589
180
727
504
673
733
67
355
369
803
334
302
755
99
676
81
787
234
159
125
118
367
509
196
241
300
254
259
50
147
781
270
444
652
801
443
366
651
247
309
98
575
135
103
58
399
429
129
720
693
794
785
411
444
435
243
161
420
299
90
529
782
359
343
111
250
169
700
738
371
515
583
179
91
397
257
20
310
718
572
427
236
176
815
248
57
683
329
71
146
717
517
106
289
804
711
147
144
74
158
451
274
521
360
374
38
326
714
330
826
261
391
349
377
34
620
694
609
759
56
615
325
493
388
369
620
494
326
551
688
481
576
640
8
654
415
443
218
815
320
148
184
228
40
577
170
356
673
567
398
505
350
554
634
270
219
609
656
433
763
603
708
107
739
328
548
451
527
754
582
164
218
829
72
654
254
363
458
710
548
800
134
765
542
238
656
604
545
763
689
147
57
736
68
587
481
449
577
781
164
437
354
120
142
542
404
259
811
806
460
164
371
130
5
457
684
324
513
126
626
723
83
103
703
804
54
609
720
818
768
240
570
107
44
718
476
387
270
594
580
266
219
808
147
260
494
789
520
546
452
426
191
192
35
136
372
29
257
178
713
260
172
314
106
269
573
742
626
138
458
754
112
734
160
590
595
546
354
29
413
406
812
807
730
693
297
486
212
152
127
132
354
24
100
34
817
397
655
148
743
148
135
710
140
788
80
736
202
659
321
797
553
597
500
229
8
458
461
587
165
314
15
522
92
692
809
127
673
304
666
612
492
288
804
624
341
45
356
613
639
14
132
392
229
396
401
279
191
127
127
496
259
252
647
761
510
628
558
120
680
467
91
789
61
280
522
478
374
104
531
187
623
40
521
665
626
590
167
179
534
78
509
158
61
143
195
86
737
79
787
520
483
83
223
544
622
486
453
467
192
304
828
367
561
405
115
765
619
348
207
320
487
421
565
792
345
518
691
226
789
630
708
806
523
564
585
358
519
137
803
221
82
759
9
775
435
317
373
812
40
674
284
807
718
343
126
760
601
57
380
340
452
619
690
791
298
825
530
102
2
112
212
371
597
775
196
343
266
434
479
278
413
721
776
356
642
389
112
280
122
113
808
155
469
308
686
779
423
579
128
39
195
777
757
510
248
252
389
60
43
282
677
266
230
587
67
711
139
262
580
719
708
605
337
358
626
769
482
454
249
284
2
67
464
175
462
332
406
85
646
431
177
473
304
112
793
346
96
756
381
312
493
283
463
231
256
650
403
548
135
321
212
351
237
278
676
799
324
52
360
640
113
510
548
583
791
525
261
28
332
660
421
209
34
116
465
333
134
770
50
698
450
417
40
760
322
46
193
411
391
91
336
769
215
138
438
544
332
63
149
616
746
257
565
253
300
36
633
749
748
762
222
568
222
177
307
524
455
586
410
58
619
685
27
526
354
628
593
193
331
486
538
533
14
331
118
158
306
336
367
590
710
288
669
160
817
360
683
388
817
172
405
489
321
21
738
689
465
74
725
101
126
338
249
817
203
148
407
816
430
578
282
688
58
425
797
436
752
499
51
152
789
106
587
206
36
468
496
339
828
715
355
664
87
471
605
542
17
791
224
300
308
149
805
610
519
122
76
694
525
793
345
288
531
70
191
123
514
47
105
630
192
251
818
166
27
481
172
450
778
525
330
700
705
313
442
80
746
462
692
443
729
123
30
305
536
471
297
596
316
131
679
93
292
14
140
672
77
190
350
594
807
801
63
211
515
758
684
439
100
263
287
428
576
751
301
737
698
95
105
814
507
366
513
661
738
665
645
421
776
107
736
173
680
384
484
17
707
599
591
580
613
441
797
817
748
701
228
72
333
541
516
75
562
580
505
26
475
189
94
517
517
465
144
377
630
616
648
614
735
731
425
672
228
363
79
376
550
491
322
560
675
279
99
45
47
245
676
141
806
796
754
617
812
740
40
657
371
68
6
79
304
603
595
116
109
814
422
151
540
502
579
676
287
805
643
259
708
468
317
360
46
242
808
561
237
474
295
114
752
735
462
315
320
630
768
191
828
229
334
677
450
467
82
55
606
185
815
663
27
825
822
163
472
341
70
586
423
295
552
472
320
620
58
113
278
593
412
158
158
722
471
291
490
747
574
395
360
791
16
558
143
240
163
327
283
129
119
705
813
323
589
190
473
594
639
134
730
510
507
614
295
142
231
331
229
546
542
779
825
129
475
273
245
23
70
623
621
222
259
144
287
766
720
334
268
60
794
166
461
826
99
662
185
11
67
93
707
239
631
737
164
357
35
316
658
407
499
126
558
223
805
3
775
283
269
97
322
818
742
572
225
565
474
819
195
433
527
403
741
653
717
721
686
76
186
347
489
530
682
278
189
485
91
544
95
257
220
136
747
317
651
764
462
739
532
670
750
241
549
356
178
619
745
665
371
737
498
759
361
680
189
72
199
112
395
90
608
545
384
61
483
811
274
120
131
10
128
33
231
797
384
787
349
30
792
503
477
232
548
282
524
602
131
470
335
688
157
5
546
279
651
171
651
769
489
617
571
505
191
408
213
309
680
331
758
618
212
677
381
514
66
644
507
625
301
531
214
678
337
728
257
272
281
551
406
252
516
716
122
634
26
439
658
631
245
796
820
430
374
471
757
44
510
433
307
398
785
165
506
623
139
50
68
549
591
560
301
410
351
190
222
636
551
288
288
754
610
74
349
46
766
133
785
402
366
434
368
524
528
537
476
69
337
72
64
225
173
168
729
600
678
491
475
205
677
113
791
107
152
486
612
744
364
518
125
666
678
689
751
248
98
818
621
754
630
696
663
514
80
11
463
429
670
790
27
680
168
214
724
106
164
524
685
13
677
619
759
168
647
109
778
728
50
637
240
566
123
29
723
190
316
135
740
788
541
673
708
439
556
220
51
680
432
781
326
821
772
789
8
683
166
283
16
676
5
364
223
240
82
402
349
480
79
666
468
69
629
662
795
397
459
596
380
815
314
804
679
536
735
60
308
598
258
807
568
83
829
315
727
352
386
301
607
553
525
538
210
518
6
449
354
638
531
387
399
123
159
551
506
251
272
352
418
193
20
713
742
590
1
129
666
683
501
563
315
322
486
503
563
76
106
436
708
123
236
604
375
26
562
830
309
659
631
745
523
43
411
556
108
201
787
223
251
53
346
633
320
280
614
352
94
597
122
751
727
269
76
642
278
793
386
134
611
720
821
687
417
459
168
278
229
537
590
214
638
565
778
478
602
103
60
536
303
484
344
726
767
735
573
84
565
48
198
438
531
602
588
418
102
562
92
439
101
553
36
650
337
353
742
114
236
504
333
663
504
79
65
124
662
575
538
520
351
198
135
210
471
260
367
106
602
329
689
720
540
375
728
705
145
334
420
164
802
454
725
551
100
579
441
639
235
782
306
410
507
703
758
238
743
647
630
571
368
648
453
426
97
463
268
738
732
282
432
726
332
227
102
512
474
677
212
453
827
284
193
609
461
293
157
759
1
593
309
384
172
241
354
686
213
763
597
815
219
752
753
655
322
701
285
773
478
118
708
378
131
333
512
546
669
670
606
524
78
386
593
578
781
611
73
327
423
422
351
85
392
691
265
678
786
290
350
115
765
643
127
535
156
704
722
558
197
770
475
559
442
302
520
727
671
199
483
641
741
380
286
24
414
297
642
353
468
605
372
271
653
596
691
295
780
461
803
677
342
684
494
16
651
85
361
244
97
819
538
39
131
427
343
186
694
72
133
715
123
421
442
49
301
213
38
436
194
33
78
225
42
79
350
134
788
523
775
698
281
642
786
376
238
809
420
316
196
402
237
299
108
77
268
707
322
463
138
182
507
430
753
348
280
219
209
453
155
493
489
172
719
93
226
273
281
815
187
758
303
122
733
52
516
715
38
30
536
512
269
519
760
590
371
732
170
281
305
500
691
195
445
752
706
775
70
19
820
212
305
654
618
496
235
487
167
168
524
482
24
295
658
557
468
304
656
682
776
338
110
58
821
100
611
638
769
255
197
396
186
716
432
234
172
232
549
481
529
713
63
49
570
226
111
560
664
50
54
553
583
638
783
343
719
344
695
467
231
782
797
612
795
777
404
37
200
378
427
328
356
48
149
436
274
506
572
277
458
591
820
157
653
271
642
632
212
661
517
538
350
141
756
540
233
507
117
296
65
714
586
127
752
433
161
630
18
396
620
361
1
166
559
779
511
624
270
74
609
393
11
532
266
665
401
268
424
575
543
514
697
144
759
376
31
414
35
632
218
480
664
600
533
475
500
519
366
389
289
724
520
127
665
145
320
584
256
301
728
393
106
18
673
453
758
15
514
62
233
614
494
649
468
261
737
482
461
529
135
129
281
158
109
279
156
304
530
403
77
641
637
553
595
145
198
156
738
183
61
467
458
732
432
442
676
599
414
687
59
36
670
477
595
697
33
527
699
486
55
752
588
665
726
22
243
517
20
272
557
532
53
343
247
343
762
110
116
511
788
665
17
717
779
285
729
143
83
753
77
667
279
217
731
340
770
385
552
631
30
486
240
452
678
812
297
371
150
116
451
341
156
462
112
279
256
413
816
99
717
560
65
14
576
192
97
239
152
290
686
90
796
756
42
660
97
329
789
17
26
179
232
744
685
277
759
734
277
398
336
77
688
605
506
537
536
412
780
678
330
785
59
285
157
526
523
47
56
454
820
15
666
495
731
550
44
110
465
711
216
365
115
820
745
264
393
562
175
670
458
661
415
663
695
708
275
760
230
304
773
183
407
445
365
757
551
426
352
304
1
202
87
284
82
579
213
441
666
662
6
748
358
789
620
596
625
747
800
754
740
796
807
293
45
439
590
772
551
220
260
600
190
85
752
710
759
292
173
447
335
633
793
517
191
686
758
350
137
396
612
608
740
406
106
574
221
828
628
522
47
52
62
671
126
470
145
725
629
10
773
477
645
50
406
695
470
643
250
729
161
685
103
70
783
282
650
496
402
436
173
620
391
188
299
765
686
323
510
173
275
454
150
692
66
688
532
131
309
136
101
668
499
114
560
427
405
89
453
23
429
805
374
679
307
770
405
143
157
119
95
797
534
340
418
137
128
329
288
605
688
673
342
442
670
192
321
393
282
439
203
20
572
663
451
88
801
824
80
309
144
217
470
786
204
147
188
629
730
60
331
155
553
78
130
693
422
105
656
174
612
644
685
495
213
79
481
809
179
177
373
596
161
167
183
558
799
807
17
243
5
679
53
316
12
253
406
477
558
100
581
424
230
63
666
79
411
820
329
581
406
709
785
76
198
428
277
630
101
685
666
123
234
10
398
334
793
63
238
86
127
351
86
334
571
532
440
253
477
89
12
125
585
580
767
438
153
746
326
300
639
245
368
560
305
822
53
200
170
573
635
34
325
136
118
348
692
532
508
671
309
251
207
198
527
476
329
107
806
132
552
793
666
224
83
164
346
705
812
252
389
550
624
524
160
521
324
670
287
285
503
582
576
766
729
295
577
628
803
358
310
464
545
217
464
538
631
325
676
750
660
705
240
705
3
516
814
606
741
245
485
594
591
729
117
345
594
191
125
141
88
71
16
468
486
37
725
26
639
819
660
570
302
5
748
7
543
665
59
114
601
178
544
409
95
33
113
334
158
131
624
288
175
416
106
364
44
695
685
97
656
599
701
637
541
307
802
494
732
509
791
624
272
306
84
83
334
515
765
122
735
625
683
511
70
613
805
661
631
800
465
825
467
6
380
164
76
364
465
605
825
238
624
81
398
584
435
196
424
264
425
729
46
595
673
153
90
560
638
403
385
361
375
688
107
714
566
520
618
239
610
671
75
799
17
560
815
335
514
514
761
648
220
273
286
645
233
337
211
160
399
547
138
363
304
270
205
317
748
812
257
628
642
102
578
129
758
79
568
473
218
640
320
85
405
401
397
357
490
156
500
448
418
111
688
169
409
782
533
642
34
64
271
382
286
688
129
389
517
35
269
482
654
702
454
363
463
250
632
178
545
584
317
299
793
546
407
391
638
204
19
404
638
435
135
189
496
639
488
38
300
430
188
589
543
431
216
458
711
527
712
722
562
806
48
680
803
693
95
251
178
555
316
554
261
26
252
125
250
287
374
335
567
365
750
150
542
280
703
685
577
423
552
317
619
566
743
307
556
562
416
568
384
270
177
48
39
228
753
175
681
327
496
583
229
206
591
793
640
478
542
200
710
381
224
22
357
307
256
205
198
514
327
246
327
67
732
594
503
314
691
447
512
523
227
333
131
402
77
188
485
81
280
421
437
7
17
229
494
511
311
763
369
469
23
793
158
82
193
589
37
749
235
46
473
586
557
84
263
313
84
186
205
748
288
577
274
314
533
116
73
756
159
472
650
703
407
238
430
590
433
670
309
801
17
657
808
373
453
139
205
787
681
524
734
8
316
252
654
728
438
195
590
360
78
130
740
714
198
24
521
483
77
161
257
51
452
17
660
267
151
96
424
469
614
679
610
404
385
154
339
127
142
53
497
760
28
616
440
474
150
205
453
195
94
285
830
471
174
62
590
460
399
203
216
226
90
503
302
562
247
434
387
155
462
389
184
352
425
122
720
804
65
673
285
570
683
78
500
342
700
143
3
369
722
697
336
315
169
436
513
196
736
15
705
175
812
20
566
479
106
291
166
413
90
28
138
653
466
385
665
294
462
728
300
435
105
672
716
714
86
236
497
90
785
678
532
342
371
664
414
188
712
431
704
435
806
236
172
752
295
106
344
540
663
10
490
224
792
303
278
95
675
615
164
785
788
39
621
753
679
721
259
343
193
329
738
129
556
361
538
485
551
436
505
450
441
621
643
427
224
372
147
36
187
373
60
280
710
581
600
295
757
31
676
777
415
434
151
290
99
343
739
60
26
6
217
750
332
453
688
113
208
637
481
763
215
410
123
229
299
121
189
324
393
167
295
499
761
814
443
75
539
164
653
804
786
378
448
523
575
129
41
257
143
37
405
80
422
633
661
391
595
336
8
145
658
795
492
3
110
338
80
114
53
776
800
457
600
439
272
80
329
361
204
576
766
289
235
55
288
211
225
549
79
471
623
641
502
539
82
461
51
61
158
574
211
340
740
700
283
346
111
70
608
751
415
396
267
71
583
743
110
315
639
295
634
246
310
477
345
777
477
524
65
643
670
680
691
756
333
96
197
580
223
480
442
146
181
405
232
588
688
469
475
536
181
563
313
829
223
101
135
220
324
734
510
232
577
10
126
819
605
35
800
235
673
485
428
443
465
6
754
280
120
489
371
535
263
567
376
736
464
240
513
108
110
359
578
749
513
191
141
219
291
740
530
766
464
109
348
557
736
517
744
682
499
39
196
341
75
810
123
77
368
489
86
616
10
645
6
559
756
442
63
392
824
233
422
607
368
366
332
148
470
246
655
509
481
579
363
773
116
56
247
5
107
630
765
412
267
350
37
767
11
403
138
350
216
518
756
252
222
80
242
304
491
341
171
402
328
643
772
177
240
742
383
710
610
48
644
801
228
750
401
643
26
11
228
740
190
577
55
279
653
327
191
163
191
827
208
109
663
530
529
673
530
1
208
823
189
233
448
82
65
365
366
294
298
153
307
617
631
221
763
458
747
741
41
758
464
174
439
689
178
300
118
792
469
332
227
133
710
252
644
432
352
737
434
566
578
673
214
202
458
655
106
607
588
114
459
204
322
540
50
701
186
460
504
162
192
727
781
822
672
34
602
475
484
800
708
354
301
80
376
613
28
49
331
515
448
324
123
761
476
226
93
673
601
413
457
616
115
581
695
35
78
439
610
9
128
701
123
558
50
307
190
239
603
525
321
754
243
201
315
500
785
410
77
440
524
480
120
56
146
389
419
65
365
146
344
344
404
340
425
680
523
573
105
96
795
210
302
629
731
814
624
264
436
577
454
710
2
249
392
176
792
406
292
829
183
83
141
361
620
613
139
138
179
765
546
780
442
469
438
364
729
643
214
245
261
533
627
429
175
324
433
383
683
181
76
417
386
391
343
264
337
227
40
236
694
413
126
402
340
453
439
76
823
37
482
202
611
405
263
145
519
743
348
4
820
408
616
397
164
257
514
327
804
322
746
622
149
626
204
44
202
582
618
313
517
156
703
83
705
432
768
193
447
514
419
490
414
491
287
786
749
397
403
270
38
348
613
160
418
553
761
402
62
806
756
684
332
230
724
361
292
568
782
268
490
57
428
406
419
769
42
713
811
667
51
607
135
607
720
756
423
275
120
245
283
292
2
536
542
650
470
195
656
533
794
535
686
102
193
796
701
450
438
128
594
704
676
28
543
520
259
535
155
709
135
355
155
264
829
380
64
425
625
82
716
690
395
364
238
764
408
248
177
80
38
197
633
350
86
619
212
525
128
688
625
113
642
38
450
270
463
796
681
410
649
386
503
40
466
459
590
692
1
32
478
809
639
73
645
480
778
93
151
693
337
519
567
806
524
262
135
241
66
342
529
212
160
549
327
98
721
779
362
267
242
496
556
431
828
747
783
203
404
80
554
383
666
492
109
492
380
109
433
440
769
227
631
188
12
19
446
228
237
240
247
328
582
556
156
602
730
16
170
769
793
15
319
636
796
61
687
685
611
740
369
493
532
490
528
609
401
467
698
132
308
394
362
656
93
117
183
555
91
370
807
553
786
684
689
489
558
758
102
59
87
233
303
301
580
600
325
773
65
530
336
464
649
126
20
803
123
420
215
82
53
572
273
549
295
233
646
785
705
70
788
433
777
598
268
225
702
483
398
227
494
140
100
730
304
77
445
409
782
642
60
304
333
117
159
47
538
566
206
430
57
689
18
309
102
200
762
562
255
97
97
185
50
295
204
593
224
774
164
703
62
52
791
269
71
818
77
56
520
546
512
1
658
318
330
548
630
31
514
687
430
291
677
664
474
187
655
89
592
574
786
704
152
406
536
38
697
11
176
195
698
572
215
231
286
603
160
148
682
612
809
759
450
196
218
748
547
13
546
432
117
726
640
339
579
206
425
623
443
248
743
786
786
714
668
592
581
364
115
598
128
387
700
649
587
188
54
29
72
398
535
605
431
697
434
461
341
118
510
458
568
369
601
106
803
33
669
551
488
73
661
271
515
551
173
431
297
530
72
241
331
648
767
735
796
632
265
300
570
806
142
229
50
239
109
143
125
515
663
596
141
248
183
636
537
590
732
9
734
564
586
647
280
500
674
529
697
621
788
105
100
411
421
142
167
619
129
549
150
278
198
584
824
207
556
710
25
188
650
473
89
425
86
587
742
125
656
446
183
128
662
517
7
722
666
188
162
294
64
236
415
641
727
311
329
250
810
500
306
673
89
491
27
171
163
12
677
642
635
191
103
268
452
112
67
739
507
144
31
457
270
603
589
587
798
284
313
786
332
400
194
711
519
24
705
319
761
88
536
728
46
641
796
616
773
157
733
370
688
603
654
13
204
303
83
230
529
640
16
260
599
7
645
725
643
236
271
269
122
245
423
208
487
560
680
717
28
578
456
120
440
39
391
599
338
592
41
171
465
365
600
261
192
204
52
131
513
24
768
174
453
738
122
806
708
302
680
340
256
720
773
543
119
152
549
87
447
242
359
672
143
535
25
318
543
408
261
232
81
131
113
608
205
205
446
628
767
81
235
626
579
825
635
448
375
497
687
556
453
367
490
617
310
268
545
2
174
674
22
535
731
308
112
470
96
551
279
513
206
451
620
425
408
432
297
331
214
74
547
156
144
509
486
666
273
354
507
187
104
157
516
226
515
187
696
289
569
357
284
380
116
598
229
530
83
481
133
10
630
234
73
608
563
128
199
641
668
572
534
748
505
144
650
783
214
373
396
315
735
739
170
191
60
377
705
807
133
697
281
532
819
158
108
157
545
433
653
246
403
95
202
477
359
439
677
709
724
218
602
740
173
657
300
594
584
176
159
700
409
111
738
743
327
370
437
827
422
581
814
300
173
409
356
355
455
172
769
371
184
651
221
188
662
327
613
471
638
420
186
351
672
128
51
576
799
389
716
285
751
750
511
454
98
346
27
442
659
159
574
489
614
509
11
561
49
317
795
115
104
597
194
790
619
351
231
34
156
264
656
488
128
11
37
67
617
165
696
359
236
242
269
787
608
68
95
794
294
697
114
114
562
623
312
658
283
468
285
281
469
505
695
220
157
70
542
710
190
61
682
668
25
73
113
427
357
730
533
158
194
424
289
282
586
671
45
578
301
274
360
227
286
254
238
806
561
536
575
58
823
538
718
613
259
381
566
467
368
244
453
783
25
686
732
220
248
166
288
743
746
390
761
261
106
702
285
646
700
750
290
1
409
604
661
666
236
705
309
139
195
387
579
371
463
418
421
252
54
6
148
422
491
52
621
452
189
665
45
409
754
691
778
41
79
493
534
799
499
728
115
536
786
42
447
780
390
86
763
754
716
660
811
350
714
258
544
816
130
395
189
40
553
618
428
350
822
324
247
237
707
676
635
362
207
642
199
129
508
749
208
42
407
132
727
425
513
551
289
809
170
733
584
251
798
628
5
570
721
610
204
449
300
305
663
447
629
560
522
321
827
436
10
444
11
512
105
830
694
140
569
182
713
39
744
405
654
208
58
696
34
159
759
802
100
440
800
685
812
608
297
486
739
122
267
35
767
547
69
85
725
827
809
307
9
148
327
38
271
305
287
806
491
330
387
768
212
98
473
577
506
7
345
717
365
527
684
48
38
142
517
152
448
158
177
186
790
830
164
71
452
672
112
587
593
476
63
48
338
753
221
29
721
85
327
86
6
802
53
69
358
814
352
514
130
542
629
614
597
825
751
687
581
457
433
594
661
139
469
523
499
17
67
259
404
364
34
463
594
549
108
444
575
428
594
337
73
660
91
1
282
16
747
742
59
782
805
497
521
199
687
75
479
110
103
714
509
323
427
51
20
121
223
574
383
565
384
576
812
203
68
144
247
670
496
826
406
126
67
762
17
337
223
699
15
308
801
695
259
498
630
30
572
205
436
225
549
25
549
401
610
573
126
291
131
338
409
483
559
577
792
148
636
290
196
473
722
363
432
666
312
159
209
173
29
136
141
296
351
10
274
689
705
460
455
23
806
365
733
37
644
16
154
823
124
688
746
527
562
451
515
448
359
247
480
566
450
298
433
380
725
131
178
509
95
133
48
91
168
50
772
79
592
615
135
562
115
453
202
34
373
344
807
119
117
257
805
326
225
135
4
429
815
635
527
355
587
660
712
601
509
421
739
810
174
292
188
226
268
192
233
68
355
127
353
402
144
185
517
755
810
150
640
62
738
651
48
135
499
727
576
200
344
756
484
51
678
594
470
415
253
484
731
290
589
196
442
704
714
800
744
422
591
203
504
162
30
36
348
105
219
71
420
601
523
103
439
578
109
45
550
81
533
215
575
626
220
42
102
820
766
511
374
123
450
39
251
456
704
801
524
767
76
32
316
599
443
225
526
708
669
349
618
576
82
776
295
679
394
48
232
543
55
652
410
642
110
213
74
336
521
598
772
518
315
458
622
144
791
199
588
609
141
90
231
198
20
736
819
424
25
146
665
181
315
237
134
265
780
735
175
120
666
393
224
597
448
613
82
71
30
208
641
668
277
508
267
416
618
752
660
462
776
550
549
808
130
393
32
74
658
620
484
108
461
646
13
514
417
73
157
810
656
170
240
22
189
5
585
371
148
799
188
717
771
557
558
246
581
544
190
509
427
722
205
178
600
426
281
513
720
120
612
387
183
597
398
541
382
678
17
346
720
401
668
119
299
415
332
785
42
82
403
746
124
636
569
236
375
234
728
499
586
598
530
684
595
625
333
763
25
427
279
250
188
698
41
786
59
341
279
396
311
469
779
718
813
790
202
585
575
328
388
386
792
531
552
537
27
688
707
81
622
407
688
553
1
378
544
625
2
49
376
80
386
678
550
613
761
19
377
734
306
427
819
544
125
635
399
200
574
108
588
667
830
398
343
69
713
387
127
403
91
22
735
651
811
719
347
281
581
350
222
755
704
588
506
445
160
154
491
620
819
529
100
472
487
804
102
36
491
686
147
506
455
64
149
485
752
750
186
589
172
278
830
271
666
11
167
508
712
194
46
371
701
316
424
82
3
38
259
350
152
786
6
458
339
567
211
494
546
415
797
700
75
655
624
461
170
276
103
69
672
30
395
99
438
706
473
692
161
447
346
475
681
505
548
314
726
47
809
440
327
820
398
195
247
544
573
222
706
696
688
569
166
341
742
120
824
545
312
671
319
127
632
732
232
268
235
426
724
657
331
728
457
17
821
593
198
476
288
153
635
562
324
669
188
432
198
91
304
361
100
32
355
531
291
823
50
367
665
674
639
733
331
752
719
303
458
505
298
494
158
607
418
342
141
679
302
753
695
527
184
560
197
72
243
97
394
408
330
254
352
768
762
59
439
431
39
26
791
576
290
427
134
824
253
288
686
809
702
155
440
766
793
165
99
465
6
797
789
132
242
799
820
616
125
669
385
129
288
74
222
152
403
503
85
86
246
94
352
553
316
299
260
377
370
423
729
450
257
722
247
18
343
552
694
766
119
403
667
501
56
588
4
775
329
726
29
790
235
196
798
294
464
736
498
667
737
703
757
810
492
339
127
701
149
342
545
422
448
808
541
588
182
152
314
532
142
749
792
593
523
821
331
522
262
59
137
713
760
92
791
157
715
444
98
446
392
723
810
147
477
145
739
703
502
377
728
639
560
57
371
570
147
144
528
313
132
571
35
492
481
800
704
324
73
188
815
498
463
40
502
729
702
503
308
410
494
729
330
679
111
174
369
295
448
423
197
779
179
506
200
824
791
276
494
627
629
337
702
672
242
284
592
392
235
819
78
259
176
199
60
294
559
397
551
826
151
369
464
547
685
594
421
786
234
280
475
197
457
636
514
753
638
399
576
272
56
325
411
291
826
19
303
688
750
815
568
87
418
264
495
59
422
146
464
463
23
217
528
458
719
182
2
733
255
246
639
560
312
740
362
133
83
689
724
452
575
547
10
629
394
43
19
362
224
783
363
276
470
476
744
70
686
3
629
636
7
91
669
129
672
23
126
274
18
664
809
33
802
308
690
482
246
560
620
241
695
247
166
141
628
703
98
13
339
397
96
310
505
540
300
519
492
124
187
803
681
304
667
825
455
149
261
564
258
501
614
259
574
461
819
602
681
211
291
260
515
705
115
829
451
416
686
648
255
593
411
52
316
73
738
287
12
218
201
35
685
178
327
546
354
238
271
378
641
130
568
285
590
677
84
596
695
192
60
520
579
645
99
493
567
589
610
458
372
468
15
361
527
629
800
439
116
752
469
172
170
561
336
497
309
208
462
117
327
279
371
99
128
670
366
632
798
714
749
734
764
173
715
709
193
206
629
320
268
318
588
646
391
20
824
85
145
267
387
421
84
603
453
436
655
217
439
488
781
617
461
74
330
468
582
14
97
559
516
46
608
234
301
812
365
195
427
270
354
489
196
529
216
572
667
332
527
621
344
322
311
247
815
727
602
554
603
54
666
197
419
659
566
365
793
543
204
830
741
301
511
169
599
221
256
740
587
332
434
720
203
731
17
609
465
274
308
169
212
507
345
796
724
306
620
275
73
275
654
107
632
792
775
709
826
435
705
166
500
767
280
355
670
629
661
799
339
378
248
540
623
426
529
410
204
522
604
700
569
371
704
570
121
684
115
214
174
614
776
731
157
648
350
337
421
167
785
441
420
170
428
746
807
133
419
580
128
609
13
717
146
64
428
502
495
660
249
708
802
564
806
17
530
675
599
121
433
515
333
654
577
77
721
452
795
188
426
753
117
211
730
293
514
64
463
292
135
632
57
585
438
413
318
513
730
345
96
413
280
438
213
198
372
643
715
34
129
226
139
301
614
391
270
16
246
59
17
767
393
224
779
25
574
6
510
258
376
234
327
543
519
820
208
386
525
54
406
64
123
10
650
274
788
66
44
145
625
12
413
104
521
316
214
256
692
67
485
159
375
118
13
324
439
200
406
505
295
153
338
336
83
206
808
137
264
714
28
756
52
52
208
585
219
391
15
119
492
741
237
582
7
821
102
303
256
288
338
828
709
198
511
203
656
691
277
94
674
786
404
194
205
734
742
406
804
3
138
607
469
156
487
294
409
454
394
571
595
826
739
794
576
294
99
764
469
71
746
29
537
772
306
22
428
113
553
253
286
73
545
506
367
803
16
434
399
72
725
525
520
459
819
489
47
462
352
428
92
280
721
629
718
548
124
335
584
370
72
827
471
647
479
311
715
543
228
639
530
477
282
405
643
711
588
7
358
674
138
370
511
765
23
160
326
162
641
667
312
159
556
559
765
247
736
127
123
668
172
658
717
703
750
285
635
72
642
334
549
491
635
789
745
771
88
646
86
626
165
90
293
433
573
402
772
718
434
379
694
753
603
436
41
137
290
285
491
785
545
265
531
647
522
713
399
700
367
778
446
483
556
812
188
755
604
686
125
419
430
649
793
556
503
254
693
287
347
513
463
35
719
819
475
43
153
100
413
470
484
157
786
794
625
632
570
24
513
290
830
706
280
532
55
402
97
182
232
197
686
118
141
54
762
258
567
460
816
297
682
680
442
184
25
457
440
494
340
736
431
285
784
247
607
570
149
6
690
641
557
125
672
116
604
621
496
517
140
54
174
657
34
15
196
134
403
274
226
79
467
71
265
447
276
410
717
745
302
281
701
435
310
280
811
710
61
586
271
348
105
515
177
257
182
182
706
75
363
137
725
749
807
685
764
574
342
350
766
450
739
287
556
722
764
157
84
123
222
3
766
674
442
739
16
310
178
554
60
357
775
156
394
340
258
704
778
442
526
155
162
475
656
502
694
455
675
653
486
533
21
662
471
564
287
776
26
681
133
115
694
82
257
300
130
226
744
437
788
473
173
589
437
765
254
361
155
601
557
247
140
541
206
425
443
167
651
420
406
238
770
78
149
370
10
274
306
474
137
20
263
561
545
543
537
498
6
758
63
804
801
610
520
234
9
770
740
638
387
549
329
554
198
252
800
108
188
421
289
232
215
202
388
315
36
112
59
769
212
159
775
703
241
103
621
561
656
666
58
213
741
321
537
625
589
355
700
785
197
655
268
225
810
334
776
543
677
821
59
161
659
777
595
146
431
557
217
258
809
628
325
692
394
667
643
479
291
279
820
502
705
778
290
382
325
82
407
461
221
816
696
513
692
665
56
121
171
197
121
422
552
415
726
824
255
215
591
246
617
648
580
649
795
49
295
746
247
361
571
526
224
115
629
570
257
579
305
33
367
89
759
212
134
434
659
398
65
638
113
447
463
781
212
492
82
432
185
478
563
8
402
489
388
129
390
829
355
766
161
58
508
54
244
578
426
634
285
188
9
82
245
661
611
777
659
113
28
603
336
79
339
21
148
754
301
213
181
566
386
717
602
377
828
101
538
640
297
154
559
675
151
95
554
678
368
473
603
394
160
453
600
100
63
338
149
60
789
332
714
751
627
340
673
772
576
446
589
522
95
117
391
679
679
341
197
709
687
569
350
643
128
646
704
280
362
162
712
370
734
107
498
462
734
244
656
478
78
99
663
65
208
563
806
185
385
133
132
304
604
273
658
166
164
130
257
116
785
499
736
47
676
706
49
528
544
432
36
775
745
633
720
145
450
553
398
611
617
785
177
811
412
826
599
775
23
790
285
771
77
571
14
115
434
821
633
361
830
471
265
84
660
818
185
728
31
321
250
20
306
54
683
46
236
356
574
821
321
457
333
1
248
378
577
293
428
555
653
308
779
457
637
821
508
127
192
750
506
304
479
219
523
519
459
354
703
721
516
556
342
663
688
69
194
40
279
179
383
286
493
192
359
620
128
129
650
728
374
337
131
757
793
209
563
657
128
785
285
389
106
331
166
214
267
372
198
90
402
581
44
343
426
606
789
69
295
816
405
491
197
582
248
65
54
815
291
330
313
683
381
805
535
467
576
356
145
316
531
174
446
202
124
784
205
434
227
262
473
545
1
783
629
544
44
762
58
664
230
111
594
168
130
679
492
766
18
81
779
526
495
114
21
458
666
259
161
609
58
186
645
140
301
406
680
661
95
750
476
763
98
564
633
707
453
147
560
436
718
114
314
135
211
624
554
554
428
727
20
641
691
739
14
307
759
481
294
14
791
405
665
37
584
692
742
658
429
734
484
393
289
67
99
302
774
403
798
574
381
769
269
817
475
277
152
124
452
773
762
55
68
315
77
435
577
800
5
811
604
247
609
88
673
709
227
522
723
81
595
297
559
594
650
425
396
433
578
546
489
752
510
128
251
323
345
229
351
334
806
764
237
548
89
187
636
42
790
551
137
253
826
717
236
575
428
287
230
311
489
5
41
770
435
805
622
503
421
54
274
16
772
87
783
290
418
254
189
774
299
714
75
534
651
141
468
588
71
708
784
226
676
193
535
25
29
296
46
478
187
580
637
305
209
625
481
302
102
279
649
82
600
216
38
633
627
101
161
707
7
11
695
145
24
599
457
629
521
63
674
221
455
742
581
390
499
746
202
674
796
48
792
708
47
636
727
283
685
92
795
159
166
11
477
424
170
608
32
611
445
90
91
236
390
20
738
93
3
280
276
61
229
241
113
372
180
383
464
468
4
485
107
178
117
747
251
26
324
526
189
828
442
179
573
771
22
515
619
179
764
471
617
809
87
819
788
279
601
207
12
797
344
166
396
788
385
681
443
18
796
181
825
408
645
295
124
372
510
196
599
173
497
495
71
392
453
168
571
687
596
374
435
734
291
802
371
603
70
481
672
538
493
685
315
428
38
540
18
798
83
402
553
442
231
462
586
166
72
745
591
55
688
469
810
77
123
604
829
802
590
79
619
149
161
151
736
689
697
602
83
183
88
93
657
25
484
764
165
156
398
184
274
593
539
2
610
268
572
637
40
374
110
618
29
238
364
307
103
509
261
188
376
304
494
600
459
224
279
451
119
445
202
701
150
475
42
595
468
668
302
594
718
660
742
244
145
791
454
642
751
507
92
354
828
798
146
257
125
99
510
180
117
657
95
492
45
12
132
750
650
238
498
40
732
345
321
468
314
736
13
27
335
737
282
534
95
253
139
253
92
387
473
720
795
669
320
522
300
619
507
774
513
634
766
233
662
699
638
7
96
193
479
324
687
684
135
726
347
354
797
194
117
665
302
517
97
819
574
767
552
526
626
743
812
355
461
768
535
790
114
820
78
721
355
221
40
523
689
206
456
238
280
121
153
265
131
601
527
707
804
456
481
118
463
769
231
368
539
650
727
88
725
367
217
657
542
751
247
108
656
163
330
500
483
187
350
336
188
293
773
320
141
368
762
406
189
528
530
208
241
28
134
88
161
818
334
117
623
44
628
679
634
608
704
503
559
26
552
56
166
802
106
826
611
261
255
34
765
646
431
612
10
120
507
178
153
512
41
186
135
22
155
591
690
350
58
369
202
597
692
795
567
139
456
437
823
776
426
48
249
771
173
469
61
764
180
582
605
267
233
619
68
774
96
57
477
771
645
804
464
752
115
720
238
560
243
463
219
554
14
124
378
644
398
624
711
234
499
582
381
546
791
519
786
515
353
57
679
809
403
323
261
351
770
714
648
530
357
19
168
126
357
67
715
448
76
328
451
480
479
492
410
251
233
524
131
341
531
640
188
417
165
350
649
605
259
509
44
223
176
743
670
537
141
214
806
635
47
213
670
730
816
419
689
80
197
478
540
477
328
365
320
459
737
783
466
45
423
733
173
193
239
389
599
4
602
55
103
534
720
362
619
676
514
64
830
492
540
793
580
704
489
82
369
153
348
579
272
269
602
744
173
112
198
96
817
373
384
782
393
1
812
818
511
396
479
259
202
744
319
224
374
661
464
482
375
306
381
446
413
818
278
777
17
103
217
114
9
569
670
717
551
461
482
577
771
92
262
131
738
279
808
429
44
205
218
224
1
794
166
764
166
722
48
651
285
61
666
172
306
674
716
740
680
828
6
820
233
717
713
657
340
640
158
736
536
217
359
151
783
111
495
371
48
318
94
723
310
396
354
479
416
510
207
56
392
642
752
580
219
289
569
13
626
253
815
286
18
34
339
122
622
689
118
658
138
600
779
756
50
139
805
226
674
385
250
617
169
79
102
748
643
273
746
662
500
141
1
169
528
420
283
642
624
149
305
555
154
386
517
739
254
378
630
151
226
552
597
816
809
749
373
631
26
646
85
94
220
148
605
682
81
331
695
500
20
263
243
708
674
78
817
412
829
142
154
636
541
664
540
422
490
527
450
758
417
767
323
431
682
400
333
115
329
607
284
610
29
591
464
291
215
115
818
269
54
92
400
572
147
151
40
239
784
623
319
453
244
436
764
611
468
230
432
43
556
281
219
424
549
172
525
258
607
220
520
385
203
78
284
21
425
150
197
58
128
823
521
143
804
379
396
14
348
397
642
151
445
645
40
595
480
416
123
703
276
206
620
540
162
149
157
330
785
723
790
254
721
144
818
199
355
145
397
119
339
473
7
127
410
4
326
78
14
498
198
377
76
441
600
332
187
644
27
80
65
12
260
219
89
305
222
656
326
249
292
357
698
206
785
583
254
658
804
740
495
4
384
658
218
21
74
193
20
391
812
475
166
546
47
313
732
679
267
575
91
250
459
790
457
39
262
72
743
67
459
449
364
447
823
683
569
696
416
721
563
179
609
429
591
596
571
95
703
285
49
668
47
18
487
501
180
576
373
708
263
692
627
684
370
400
157
203
53
430
183
679
297
734
727
299
137
287
80
52
291
464
194
179
93
515
715
427
393
646
643
775
694
658
460
299
572
188
620
654
337
158
334
651
51
548
600
752
677
84
217
477
155
508
56
391
67
504
759
291
72
281
658
187
292
5
826
669
199
38
204
710
537
358
439
553
753
306
828
693
743
194
251
525
485
797
381
8
419
253
618
155
563
69
95
732
781
335
718
630
90
692
692
334
318
772
737
46
719
642
300
729
279
759
222
238
236
332
89
639
789
193
23
743
446
368
632
126
490
581
19
767
678
613
164
408
631
604
374
504
75
818
279
582
426
642
197
698
158
792
620
428
227
742
812
24
784
286
166
800
63
358
820
644
387
584
680
686
213
537
352
314
160
92
160
804
264
343
603
716
593
268
644
212
700
823
131
114
138
635
244
265
526
734
266
706
534
104
358
590
463
21
802
67
195
4
416
486
239
571
757
48
773
222
566
402
205
338
60
226
430
200
131
331
331
502
14
573
772
412
412
203
799
768
320
599
421
368
823
188
47
15
279
192
392
347
755
131
247
658
688
23
275
469
65
121
756
650
94
700
462
138
154
821
572
498
582
106
213
660
533
152
423
228
584
703
285
439
191
32
193
250
720
572
792
607
511
91
249
608
417
583
294
19
708
601
620
258
317
790
460
190
345
513
346
41
396
676
721
820
184
50
7
490
517
448
532
520
500
730
446
469
781
142
607
575
271
185
143
348
634
104
330
768
513
531
320
802
417
632
722
428
224
798
91
206
590
287
69
790
809
309
374
719
514
446
516
177
351
771
140
343
287
503
94
555
830
279
731
307
690
251
396
294
764
440
830
803
692
828
493
44
759
143
480
260
123
186
117
540
238
335
560
630
781
92
156
186
375
20
381
544
453
336
229
509
555
778
3
18
276
202
725
521
552
515
550
549
595
202
526
526
516
387
432
638
714
717
242
139
205
280
274
754
314
415
663
82
280
376
62
815
53
6
527
59
548
757
726
803
810
512
187
73
560
78
805
299
250
562
30
210
399
521
320
609
223
219
414
313
820
91
696
591
407
347
9
478
279
609
384
359
559
607
274
243
97
529
811
68
666
814
62
767
397
197
280
243
589
799
449
84
391
305
574
650
693
532
618
236
712
640
577
627
28
250
274
36
406
367
436
596
351
764
807
132
64
692
669
720
178
144
389
82
68
78
358
319
723
489
31
259
467
238
719
380
321
509
199
74
136
554
807
70
34
418
40
3
145
289
59
165
739
309
575
61
118
114
672
234
704
51
680
69
289
445
259
357
73
146
651
594
526
128
824
773
769
613
563
566
469
331
373
324
797
79
287
767
248
164
731
793
607
793
354
456
486
55
100
495
208
36
288
566
727
288
387
142
152
201
197
190
65
482
671
617
344
517
42
460
623
453
805
784
825
428
529
106
250
810
4
59
319
167
246
391
470
701
677
624
521
149
240
669
441
559
608
305
147
546
89
676
142
359
90
542
218
664
469
31
753
747
815
523
385
712
327
144
383
816
535
605
537
391
119
79
458
149
399
140
521
204
20
73
183
65
199
176
755
682
212
67
52
100
421
359
220
76
639
701
409
672
371
82
29
233
349
265
643
132
662
633
527
661
661
198
126
183
310
111
74
255
499
310
124
630
470
646
108
188
752
180
500
508
189
7
415
573
624
223
106
240
349
296
255
756
613
204
141
524
239
208
23
809
760
400
45
40
375
778
611
12
627
528
582
511
379
670
656
239
396
256
107
423
737
463
472
285
252
799
195
625
483
168
359
632
678
551
440
556
692
695
502
413
330
734
442
583
536
181
456
830
617
341
433
251
824
391
176
14
616
582
322
184
700
420
241
116
62
460
283
371
518
34
754
305
30
754
31
417
758
190
105
133
473
784
185
592
388
153
287
45
468
528
738
294
474
211
276
203
296
704
743
814
653
654
568
193
692
332
795
648
706
801
605
191
276
595
564
81
495
665
665
104
514
559
618
222
105
132
765
689
433
365
514
31
331
800
414
297
609
62
313
157
26
369
658
126
744
45
698
368
131
116
453
428
201
464
162
689
403
441
65
515
178
405
374
562
647
191
626
680
806
454
618
92
518
561
483
57
622
654
708
782
121
118
610
286
584
629
228
735
305
132
726
667
214
202
579
9
785
111
81
40
828
607
759
1
97
126
405
532
799
524
746
314
146
432
233
10
112
216
530
74
531
46
1
579
353
704
119
644
344
827
693
78
143
638
151
438
185
452
370
177
692
230
612
275
365
218
109
368
85
312
387
587
666
465
675
333
220
346
95
414
815
443
476
483
225
556
735
632
210
212
366
61
235
148
453
267
186
259
620
450
786
380
335
141
273
619
408
104
804
649
502
794
656
428
785
304
377
466
22
219
39
744
280
803
475
55
2
257
655
24
604
508
471
304
424
95
62
158
154
81
669
484
741
759
433
235
444
560
439
208
180
234
158
29
38
246
537
200
103
180
232
685
478
38
110
564
634
538
791
279
250
636
534
689
470
107
246
353
125
55
650
334
306
109
776
205
111
757
595
11
51
105
153
719
555
64
433
76
65
536
34
711
297
420
303
720
309
753
164
701
714
479
61
449
701
755
529
769
14
166
512
427
414
268
656
703
259
271
300
769
311
703
448
393
418
248
553
374
152
25
256
430
620
33
454
148
503
794
5
128
22
568
783
658
362
79
375
682
466
14
696
824
119
340
143
303
345
360
789
595
330
294
754
785
537
745
479
271
441
266
593
133
357
684
233
296
470
6
135
90
251
580
336
195
743
287
607
174
737
161
816
64
563
398
200
58
383
44
353
145
459
407
551
329
683
645
395
514
116
622
745
357
532
507
214
774
151
549
542
737
502
451
154
683
425
818
518
168
532
762
481
649
242
224
258
674
172
682
361
102
774
786
321
361
221
157
600
144
224
780
675
825
59
340
585
284
34
561
239
702
525
774
515
149
740
490
568
591
577
96
326
67
346
614
45
318
454
750
156
668
516
545
505
620
38
300
660
804
453
725
270
356
740
144
810
498
301
320
497
387
253
176
38
549
783
600
495
804
89
635
538
264
648
567
374
528
141
401
710
607
569
615
252
287
229
461
641
286
158
561
679
37
789
240
755
208
307
757
787
685
68
341
373
483
574
524
366
671
573
1
711
400
119
744
418
252
167
797
414
23
799
505
274
767
407
706
259
555
551
529
444
17
367
82
649
208
645
701
138
40
476
219
176
461
141
239
497
352
153
383
263
611
687
573
555
660
215
598
496
830
756
294
221
226
387
818
277
147
6
1
119
676
672
697
784
490
601
482
247
386
384
389
8
386
92
453
433
801
68
131
43
96
714
577
152
225
804
26
480
55
86
640
166
648
648
31
532
58
34
225
212
694
599
63
522
364
206
162
186
711
203
443
742
57
24
519
93
659
444
677
44
748
749
227
257
811
628
446
203
448
717
589
649
741
317
729
508
45
441
718
126
614
710
467
577
334
448
385
539
435
756
809
800
520
42
374
98
422
223
666
524
511
280
646
155
385
161
144
153
176
379
692
594
12
304
733
72
313
795
238
19
568
728
84
441
630
438
341
717
416
113
149
294
177
682
217
530
153
277
731
317
826
456
140
6
407
749
524
455
404
137
283
559
759
797
510
668
377
797
67
36
390
157
733
30
359
757
211
188
490
385
533
196
350
772
89
432
461
528
755
1
333
707
822
97
602
678
545
430
807
752
227
797
255
734
701
283
49
444
442
115
461
505
76
334
586
737
388
431
620
753
808
429
96
787
286
575
84
168
103
461
286
281
72
16
475
224
762
187
217
674
310
343
260
518
604
176
393
727
264
734
414
323
736
422
686
290
599
263
350
261
471
560
62
108
362
64
554
627
115
400
536
115
259
606
196
258
829
296
658
378
387
126
722
247
387
383
518
282
532
682
207
386
164
818
423
399
48
754
375
130
457
720
548
770
560
279
421
489
168
626
452
518
386
180
420
162
814
418
309
501
419
567
659
782
455
571
490
535
71
456
418
397
176
752
59
166
648
498
572
485
147
61
810
530
497
365
347
199
728
524
747
544
198
278
74
607
426
166
68
530
651
579
550
442
208
369
370
427
272
784
567
793
277
241
157
565
321
405
799
406
739
503
810
555
487
370
275
749
441
301
568
251
181
432
461
8
702
641
220
374
483
286
532
237
342
628
37
631
500
371
92
576
505
556
208
278
414
11
268
652
565
674
386
385
74
736
58
172
606
237
288
370
602
415
233
713
740
590
821
94
370
482
293
458
646
201
809
72
18
109
26
372
805
671
324
193
268
782
438
64
530
293
623
645
234
411
341
251
712
733
568
534
217
628
72
443
762
23
730
498
233
550
104
815
639
20
330
416
809
296
394
536
29
379
30
740
378
80
223
805
346
791
367
547
352
230
463
531
403
324
790
118
561
684
184
317
728
318
320
688
616
55
262
428
753
696
402
646
590
398
566
786
730
575
276
557
358
529
227
389
681
668
271
790
260
775
577
281
390
755
774
494
669
490
546
427
803
20
225
153
507
231
505
597
205
813
115
79
203
767
176
652
434
433
824
587
537
537
323
830
576
683
195
252
597
341
732
280
174
443
63
243
253
38
301
430
343
82
699
745
474
12
485
420
238
97
343
536
529
637
795
49
229
639
593
687
57
85
420
602
450
134
464
417
250
13
725
515
67
394
460
225
591
827
198
252
794
605
428
279
671
680
177
345
483
728
97
281
706
120
611
72
43
492
721
713
246
689
697
422
30
535
123
486
495
132
3
102
709
457
401
25
156
641
228
327
360
571
17
413
446
464
511
415
36
442
116
206
712
657
413
771
566
613
232
163
695
796
729
336
106
397
60
122
302
257
445
148
750
412
616
102
642
378
588
175
670
205
691
826
808
173
812
826
822
280
197
465
109
609
18
497
392
469
828
523
447
429
667
824
521
267
423
102
778
597
411
496
468
544
86
171
466
335
192
225
536
243
206
320
828
234
678
103
208
403
717
660
238
70
178
443
225
247
308
554
266
375
164
362
209
146
363
714
95
211
787
240
331
514
500
247
590
807
587
523
496
614
548
648
288
618
409
54
641
771
237
35
129
723
252
630
416
421
246
592
761
472
371
403
43
556
309
707
487
305
615
741
765
174
208
264
265
672
236
474
177
339
259
526
474
272
93
766
244
802
360
195
342
530
740
565
590
510
24
375
726
359
639
117
572
697
335
366
723
237
415
3
223
542
180
726
769
221
20
299
488
441
294
80
29
184
312
42
304
288
787
715
133
38
768
344
363
109
171
32
207
434
138
274
75
712
272
93
194
310
294
111
224
410
62
808
186
456
86
351
233
316
156
451
500
609
99
203
96
592
826
174
616
520
534
260
497
356
371
10
329
488
160
129
38
497
709
459
199
698
61
522
455
234
96
591
392
591
179
801
136
564
241
755
489
701
202
119
537
812
618
457
809
53
565
24
25
757
508
655
376
433
398
816
386
498
690
84
494
503
346
103
220
169
497
55
611
464
533
262
522
222
697
168
183
407
191
25
648
270
582
704
259
392
762
744
12
787
528
260
60
421
829
159
16
151
718
305
497
634
503
506
293
214
594
456
568
717
722
430
188
284
663
245
679
619
322
429
780
492
592
255
527
451
543
24
193
328
822
812
138
86
354
700
830
708
344
372
825
820
631
414
774
200
506
254
551
646
599
108
585
777
60
696
453
815
392
134
807
60
261
149
599
128
416
200
677
258
591
103
623
170
738
277
458
153
805
765
315
132
316
229
403
819
285
627
511
734
584
19
178
457
664
786
555
511
633
130
527
81
723
769
599
348
423
18
770
230
624
338
281
221
97
801
757
520
79
799
10
459
479
656
639
545
326
606
95
134
311
236
700
726
384
543
411
727
409
763
271
306
374
210
746
31
810
657
723
528
361
128
357
764
336
710
505
693
595
673
500
718
443
375
589
670
128
767
161
826
391
567
111
372
654
303
156
756
265
627
440
542
641
596
465
519
815
279
41
495
366
664
367
78
99
521
270
387
431
256
706
412
405
303
659
171
281
745
657
68
812
429
389
245
246
353
455
814
26
230
470
275
38
9
664
675
524
276
608
222
790
342
262
455
171
409
299
337
611
661
677
103
655
283
430
101
253
383
486
666
137
796
46
643
397
302
580
558
449
482
49
586
573
476
471
35
90
536
383
59
631
690
41
345
515
702
557
771
259
113
329
817
116
741
813
56
474
114
101
669
404
810
447
337
287
648
606
9
700
31
102
213
235
571
157
251
558
465
631
541
453
430
326
517
357
322
131
555
217
54
510
427
416
565
276
716
234
77
380
248
527
110
218
18
568
742
793
551
802
84
9
452
460
167
732
413
592
149
305
192
208
153
701
604
764
305
156
309
661
701
318
717
817
368
373
66
767
569
238
622
552
86
509
420
33
608
380
384
506
511
592
540
724
379
678
599
32
157
495
32
673
160
682
114
303
63
652
745
300
705
202
734
743
158
671
808
138
54
520
808
716
434
62
734
374
576
359
409
455
821
200
415
301
713
273
714
641
3
219
435
259
718
284
289
499
348
631
23
548
370
420
85
395
184
103
554
328
54
456
132
301
447
369
655
186
532
348
609
743
668
480
313
734
56
679
432
775
181
366
569
370
590
771
627
818
357
688
696
670
660
18
606
427
696
26
582
689
101
70
323
495
436
20
210
338
662
771
329
428
635
417
679
782
405
106
332
463
41
560
388
481
735
800
352
551
716
776
240
468
200
640
413
300
687
471
607
577
740
309
200
52
21
235
824
390
709
215
180
671
730
137
829
768
45
249
155
297
824
38
726
142
752
490
16
639
176
28
681
803
740
805
481
168
605
148
772
412
788
425
665
9
293
371
830
752
655
461
431
765
587
415
702
787
13
520
531
384
28
458
624
514
804
669
197
264
573
725
751
295
613
288
147
703
386
755
488
83
16
172
395
674
683
29
387
749
126
408
389
333
53
128
339
693
183
192
365
732
400
295
392
529
192
33
436
271
266
349
174
301
647
66
671
407
239
76
349
520
284
578
349
140
253
274
34
204
772
512
169
26
635
813
442
27
464
37
177
427
828
649
715
152
481
311
47
283
100
99
147
660
390
434
183
630
76
391
309
301
90
611
553
184
332
520
629
551
759
770
541
43
530
627
482
310
137
694
47
187
235
487
428
240
528
214
809
166
398
830
143
486
190
766
412
110
689
175
71
411
470
426
157
4
473
768
709
196
64
748
407
228
339
137
263
113
90
300
216
1
691
300
828
820
774
566
820
212
751
436
429
184
487
7
204
223
47
282
210
634
599
239
521
236
821
457
303
464
714
766
552
463
526
662
688
47
695
387
132
317
580
382
664
415
356
78
296
734
742
181
140
440
284
793
73
78
757
467
317
189
291
182
168
119
496
22
49
691
717
23
241
62
777
70
676
780
825
60
386
540
798
616
747
704
62
441
439
486
742
440
193
737
552
386
111
19
749
561
822
598
815
45
405
36
115
339
396
518
289
633
1
518
523
760
714
251
599
607
680
528
327
791
637
266
648
626
698
755
297
365
600
465
715
574
360
722
653
83
219
275
486
813
199
802
779
284
673
826
469
530
123
6
476
399
40
494
237
248
378
728
229
352
184
195
548
532
78
122
794
152
171
552
42
813
220
397
656
77
799
490
383
238
123
490
200
294
147
576
339
475
729
142
390
99
193
41
744
211
41
677
285
398
510
360
515
230
89
811
332
297
734
274
97
48
469
309
149
296
626
376
39
613
432
669
432
453
37
572
312
692
714
235
72
62
507
3
246
572
720
782
295
489
12
110
379
356
500
23
313
195
155
528
287
296
122
529
797
504
88
387
308
515
702
578
521
113
152
617
770
748
492
822
17
58
811
443
14
611
454
418
678
116
451
527
140
206
255
44
808
121
224
516
493
264
101
760
590
504
508
581
663
437
360
738
175
781
578
62
19
125
493
244
562
416
27
440
461
29
559
741
46
56
700
788
566
341
256
428
787
465
737
64
787
652
812
747
185
344
451
237
155
245
290
742
271
643
522
600
32
417
405
695
261
239
794
771
230
327
475
209
382
117
706
784
754
527
323
649
658
719
266
467
209
670
525
676
347
785
493
418
232
176
418
321
141
413
798
53
274
343
72
412
197
107
522
670
2
28
283
308
730
499
224
36
488
678
414
649
609
106
110
746
687
595
538
34
380
541
72
174
71
674
12
820
167
509
382
85
359
115
377
332
767
591
829
22
46
664
354
165
226
537
538
264
581
297
680
253
175
423
647
466
17
403
751
516
179
190
681
706
93
755
370
600
763
640
783
796
264
757
136
507
465
772
602
236
488
356
714
758
432
425
677
95
825
799
394
783
38
341
689
34
64
214
529
239
574
513
148
141
462
398
359
111
169
254
245
810
469
152
251
749
267
137
488
262
185
224
212
401
41
7
28
819
665
299
406
813
51
800
715
680
731
59
51
55
809
192
154
612
423
409
352
417
567
190
810
637
401
464
603
265
406
24
392
493
549
724
737
292
172
20
128
96
98
419
683
539
633
53
488
381
65
583
486
137
276
148
193
298
438
399
781
443
543
399
118
201
2
140
534
413
492
821
681
467
176
792
168
266
73
707
518
339
192
67
462
102
521
407
781
442
637
643
447
351
692
165
231
568
128
65
491
471
774
557
323
761
23
398
102
479
689
543
108
443
212
426
504
562
708
220
732
722
703
136
356
584
557
136
639
661
292
226
684
23
36
200
30
199
781
676
605
380
724
236
364
431
572
808
141
415
746
11
777
196
505
211
598
477
431
141
356
813
57
644
725
678
796
488
486
524
455
434
419
348
124
749
329
309
735
690
469
233
571
90
761
140
668
540
710
523
426
741
821
119
250
541
719
65
153
512
214
662
430
82
738
573
762
432
158
397
437
818
449
29
703
354
799
155
622
257
572
254
666
586
262
718
334
752
680
721
353
733
680
341
640
826
39
453
288
589
565
767
401
96
465
127
623
754
219
295
92
79
33
38
1
488
535
646
125
225
23
745
382
799
528
49
575
463
602
263
507
683
140
469
384
224
285
375
231
421
469
749
548
493
358
187
143
347
669
260
560
438
174
675
214
759
150
670
12
627
383
70
468
750
13
773
364
772
723
693
485
650
536
589
299
578
64
222
457
693
490
614
820
787
90
604
664
506
21
770
700
41
616
675
63
436
494
514
507
425
514
199
571
458
543
767
388
190
344
322
797
151
476
317
548
697
311
808
133
199
589
730
654
808
538
23
598
32
115
561
381
734
716
459
320
572
99
274
505
661
809
166
41
93
621
494
654
796
739
55
55
664
48
95
211
528
808
749
348
667
256
512
328
375
454
680
583
746
730
630
328
173
204
506
210
655
553
171
18
616
34
457
16
135
266
434
690
620
523
523
760
405
338
242
696
436
215
319
818
557
150
611
20
449
433
591
521
164
333
769
447
20
81
148
711
63
651
652
543
472
91
40
278
192
520
790
424
788
411
412
471
824
142
747
242
330
39
606
704
420
822
124
453
402
325
414
557
481
100
83
753
599
680
599
731
118
205
640
637
608
255
49
199
239
803
258
667
605
701
672
457
156
723
349
242
818
152
105
429
540
407
89
387
5
481
78
654
618
391
755
528
289
404
685
552
211
642
620
98
828
769
742
202
452
137
205
778
86
352
380
793
478
406
106
679
332
450
598
806
49
448
676
732
337
84
198
49
509
782
23
676
810
185
572
218
729
468
433
482
293
574
530
100
454
207
824
809
551
98
293
191
696
679
641
31
73
403
585
193
148
82
240
209
793
193
508
505
689
112
364
729
554
175
155
634
177
629
495
784
786
429
305
776
127
191
112
562
311
270
655
410
148
424
774
568
795
587
203
656
185
618
761
145
19
481
204
142
437
366
674
809
807
327
522
96
460
541
463
54
734
745
539
4
752
222
183
235
186
139
23
305
333
567
90
500
826
594
423
476
167
716
309
116
601
168
255
331
801
209
798
468
453
235
658
79
760
689
569
809
352
400
297
372
829
282
314
184
394
114
69
213
666
322
212
618
468
243
644
318
196
4
238
100
123
664
823
581
826
814
335
135
142
813
706
430
161
648
92
80
734
86
441
499
178
662
488
442
701
690
782
757
624
602
326
516
273
781
593
533
288
475
715
713
34
78
660
199
114
145
76
747
297
546
647
687
13
779
385
282
509
149
356
155
680
250
510
114
105
278
826
636
289
251
334
338
551
438
463
377
158
808
572
799
757
467
814
643
237
766
423
589
92
744
723
379
656
324
712
64
823
243
204
278
267
500
150
820
225
556
116
658
746
57
407
410
568
534
396
267
269
691
226
144
177
9
12
139
606
781
174
22
726
485
697
510
438
830
438
77
590
439
84
218
293
420
551
538
395
750
120
182
626
376
623
649
704
675
352
532
132
324
239
171
725
302
141
118
422
406
471
787
757
455
595
107
518
278
6
79
696
450
266
92
682
698
416
232
311
241
541
313
66
148
444
173
571
210
557
127
259
362
272
543
674
219
648
50
653
231
410
304
564
300
80
541
788
253
615
643
344
624
30
22
811
465
554
708
163
180
335
302
703
400
103
827
450
600
601
541
290
552
493
654
586
492
292
246
214
642
142
114
558
30
380
489
464
572
793
113
237
717
783
830
623
502
575
332
613
707
513
214
562
356
386
417
1
809
784
52
119
697
660
547
109
62
192
36
603
567
376
799
376
438
441
575
153
457
625
300
758
217
793
607
388
440
31
471
300
619
437
701
656
517
33
682
724
128
600
191
800
22
142
352
310
740
372
362
44
35
484
634
513
454
126
350
266
263
386
536
124
196
732
316
47
617
373
152
277
360
348
1
530
288
156
703
509
505
141
658
777
693
716
361
610
43
76
487
652
348
764
755
455
199
656
568
430
274
276
174
134
619
370
396
780
383
406
420
48
174
72
554
606
570
598
450
173
15
91
578
145
150
777
137
748
551
442
185
325
449
63
653
308
593
121
672
232
559
493
584
484
413
177
653
512
533
598
335
702
352
674
407
57
5
794
632
252
323
84
257
811
642
461
622
31
732
680
345
669
43
530
11
253
541
205
33
467
524
246
821
647
684
34
527
770
318
539
557
561
47
38
791
364
519
641
589
83
157
414
159
503
318
10
248
127
740
382
204
92
485
392
725
263
247
500
487
363
62
716
671
547
164
95
531
170
168
120
789
685
544
708
771
584
340
83
268
529
772
590
145
32
202
82
741
390
602
489
473
510
140
401
463
217
649
745
393
40
690
231
273
623
29
170
333
802
470
117
66
601
717
129
421
733
4
158
706
322
814
603
23
720
460
277
631
666
506
400
518
507
457
294
393
549
59
126
239
142
206
403
93
112
369
211
295
802
690
323
216
204
695
175
632
747
305
464
59
374
167
555
574
75
657
326
336
260
745
278
325
595
445
104
271
468
413
680
762
560
209
172
77
247
494
37
299
788
240
720
187
599
71
739
297
97
759
493
246
244
511
695
805
310
648
578
497
133
106
515
738
514
600
457
517
372
142
534
780
18
586
400
104
55
778
175
817
566
744
153
814
264
568
290
457
171
297
771
796
104
583
131
19
722
420
639
417
759
742
239
175
317
631
385
119
1
474
817
304
133
597
110
650
242
806
351
778
761
735
226
408
761
378
498
116
169
402
451
321
200
217
18
486
280
373
163
289
660
534
196
575
384
283
675
683
598
540
562
705
404
309
340
32
759
156
308
41
612
319
252
610
102
94
588
542
769
491
597
640
763
345
120
168
794
184
627
245
198
240
319
455
193
455
725
273
343
49
236
761
88
771
197
567
257
109
570
772
473
50
401
495
410
794
204
589
320
665
755
697
566
594
816
614
114
702
576
656
266
220
575
717
581
477
610
596
139
42
323
681
452
759
828
610
740
816
371
245
323
5
259
343
543
321
57
821
338
819
279
580
740
229
659
827
203
297
298
550
110
486
696
546
388
233
546
124
214
109
265
134
225
134
388
78
584
488
498
498
582
492
251
363
789
335
821
729
636
284
268
85
270
323
430
754
816
722
705
503
336
375
93
430
94
294
208
471
579
363
409
260
693
525
723
377
648
398
573
702
85
828
686
304
756
356
510
609
670
407
563
248
535
340
469
354
437
436
73
534
400
698
12
776
828
787
322
814
672
113
124
385
141
501
798
616
454
55
828
663
41
471
540
78
142
278
680
592
143
358
771
79
55
613
290
127
63
112
113
25
782
4
157
285
127
296
114
742
17
344
1
48
175
214
818
73
377
192
88
342
677
325
207
460
645
456
490
320
354
517
395
595
92
196
396
228
89
601
481
152
318
741
547
453
802
185
27
124
260
769
65
810
313
107
485
219
140
715
324
424
385
74
360
241
430
394
431
772
53
96
607
612
33
649
655
588
556
57
37
393
91
240
410
337
247
514
354
406
746
573
538
394
340
54
160
7
110
591
454
814
484
321
333
566
530
691
363
496
830
428
672
359
313
333
411
23
643
736
329
230
308
261
826
791
738
491
638
50
495
195
78
606
550
726
647
93
724
12
41
160
389
182
173
367
371
732
621
400
416
190
258
662
343
414
770
446
556
335
666
526
264
252
661
352
768
133
668
395
464
479
378
773
168
735
293
100
116
398
486
324
182
702
40
171
338
477
662
138
362
735
622
395
755
527
46
719
341
208
93
217
97
825
146
810
793
149
581
239
781
140
428
338
162
470
421
87
646
355
700
519
763
200
200
800
456
594
79
503
202
547
766
196
92
4
149
452
400
293
803
810
826
1
76
470
390
582
142
712
714
64
414
193
780
809
56
54
756
519
499
622
593
551
547
773
70
178
25
289
705
805
28
125
762
762
742
243
447
216
627
600
366
39
820
696
521
529
354
114
271
7
570
706
461
413
394
159
333
166
99
675
75
247
748
417
589
84
605
552
202
188
743
455
77
374
433
722
697
669
287
474
738
301
499
677
247
596
622
457
98
424
761
250
828
597
780
312
474
564
324
449
344
385
3
108
248
108
638
108
701
265
44
766
500
534
613
288
730
449
222
189
331
273
756
424
274
641
82
470
155
559
743
648
563
373
252
706
384
216
102
51
273
750
716
549
326
403
770
244
237
563
243
323
412
86
232
142
593
769
81
660
428
772
798
71
554
421
161
181
140
131
226
293
25
525
796
511
299
737
746
185
237
108
495
190
736
578
295
740
51
709
736
500
710
693
317
665
126
62
564
187
38
123
136
506
797
39
404
515
342
808
189
125
359
121
569
159
475
637
507
211
346
512
240
404
110
280
776
710
428
48
172
205
458
129
52
521
77
803
347
23
598
94
431
828
285
489
109
273
280
498
413
58
635
575
514
811
246
45
820
576
483
651
178
324
51
34
675
577
69
79
483
602
384
5
253
61
613
267
430
359
293
178
442
242
325
208
406
276
136
512
567
492
747
246
709
523
705
26
55
679
129
513
532
160
536
362
586
50
137
708
244
570
567
409
221
682
139
620
265
102
534
546
380
309
174
649
63
59
761
212
288
391
501
529
279
562
720
377
572
331
366
350
256
398
739
283
398
311
759
474
134
545
266
134
486
547
464
427
596
495
23
681
303
567
421
582
45
736
13
492
217
569
238
39
748
263
823
155
642
236
589
710
108
395
446
593
788
675
803
703
800
764
421
589
182
339
824
693
493
386
471
644
798
442
781
313
58
129
56
91
198
54
88
392
471
383
189
733
588
59
649
173
791
190
530
110
633
520
85
400
177
817
376
506
73
303
97
143
5
753
627
671
94
677
301
395
504
662
534
579
103
81
528
353
59
419
14
550
255
721
271
388
220
4
616
588
549
209
819
743
595
280
492
348
46
517
541
313
632
192
722
693
675
382
778
549
551
821
7
272
788
272
251
403
271
94
548
134
639
298
781
1
296
638
65
405
219
220
613
736
635
439
466
661
617
793
158
570
58
266
424
675
707
352
144
565
139
78
421
169
614
582
750
625
151
206
124
382
761
739
509
547
161
297
581
628
271
544
632
294
349
482
561
644
229
577
615
200
509
404
307
242
470
16
618
44
368
141
56
559
60
625
655
661
372
529
477
717
625
643
578
262
595
715
585
252
427
421
205
469
217
720
359
574
437
418
347
656
459
392
787
64
16
756
642
255
221
255
555
415
489
201
232
496
372
33
124
78
649
189
66
391
153
519
633
649
677
74
557
255
704
224
647
583
92
103
298
22
275
292
568
235
63
785
531
565
704
663
647
41
381
116
320
29
167
173
407
621
43
704
5
770
6
410
825
600
682
385
278
259
667
166
157
488
379
39
778
266
769
181
378
157
37
165
297
244
655
121
761
770
602
225
91
609
444
696
526
341
599
465
374
633
766
479
177
361
319
67
565
289
296
694
116
15
781
74
776
373
89
609
401
97
52
378
483
778
508
44
781
662
511
282
617
809
35
791
218
763
636
52
192
503
592
723
402
96
537
767
229
239
485
489
47
237
173
66
469
648
663
756
369
92
393
699
550
745
407
521
725
190
56
644
773
626
334
282
521
313
209
141
604
507
646
276
818
328
95
580
335
407
27
513
312
702
203
660
33
199
76
803
335
303
292
202
131
365
159
243
551
788
803
443
397
290
704
80
760
410
409
481
225
570
543
622
3
23
143
357
100
428
209
342
217
114
596
474
462
112
135
539
550
653
341
117
338
19
805
482
292
594
33
311
354
757
255
519
710
356
707
644
383
376
559
666
501
767
721
297
820
529
87
817
208
376
138
143
293
108
644
191
621
682
649
356
374
628
77
762
770
219
205
110
522
45
361
45
20
162
70
133
192
643
687
357
299
499
321
147
594
753
63
60
125
826
525
787
821
805
520
666
565
222
223
317
274
211
746
145
478
194
775
541
762
186
632
88
556
365
615
105
431
692
443
201
401
335
553
409
817
493
351
84
595
7
390
613
75
818
168
45
151
396
744
127
33
110
616
568
541
169
427
765
717
107
392
418
123
555
369
568
504
18
768
715
315
423
326
575
219
452
580
484
191
574
136
48
244
710
690
547
696
622
624
44
221
666
396
233
562
67
132
8
567
188
191
374
734
640
817
219
702
499
502
155
601
383
526
703
454
783
532
612
553
468
92
449
694
511
264
508
505
631
731
290
536
549
401
59
88
432
153
484
490
830
58
114
47
376
281
35
135
290
225
3
687
103
730
106
107
778
746
184
640
475
651
114
573
45
235
272
757
259
599
266
278
460
408
792
327
503
514
776
449
122
99
722
52
314
382
76
666
554
628
450
140
157
768
827
256
258
703
246
440
351
762
196
637
211
422
574
454
242
510
116
729
490
667
61
779
264
350
63
572
767
293
171
521
4
823
448
337
735
809
460
622
667
813
530
669
198
296
765
775
264
390
544
214
429
273
380
821
387
274
364
174
112
342
739
348
499
670
817
98
715
660
827
557
424
428
100
188
281
792
476
229
322
444
620
748
137
354
434
85
592
56
315
76
142
717
184
255
64
830
81
146
359
458
213
229
310
372
273
252
317
296
220
357
728
209
391
127
17
477
600
218
155
109
39
802
348
502
739
384
83
584
250
71
340
17
270
768
776
287
719
31
683
22
168
307
21
14
304
211
241
789
189
67
735
147
823
540
73
89
710
703
442
444
312
595
381
377
232
422
97
468
75
822
685
379
554
440
23
260
565
574
80
104
248
391
46
646
60
137
66
589
422
432
458
688
486
749
815
491
214
366
60
765
33
299
764
635
827
41
506
475
280
455
818
264
100
308
52
81
694
508
680
64
363
20
804
131
623
234
364
233
521
267
403
442
736
298
692
727
787
601
305
653
527
422
539
587
314
8
22
146
810
399
778
604
37
384
35
501
97
45
771
158
73
193
570
88
666
663
812
102
212
762
578
353
288
830
145
759
162
90
85
504
385
326
650
241
663
528
619
324
170
104
820
770
400
652
766
79
711
430
567
166
28
196
360
349
268
759
615
579
413
508
641
648
226
416
783
155
567
744
645
253
733
238
243
480
420
289
602
421
174
591
39
719
424
197
789
176
578
476
359
684
387
211
827
182
774
214
744
545
561
610
42
60
579
642
374
138
438
434
747
436
749
515
388
486
34
599
607
423
68
527
96
208
715
44
828
291
686
739
38
433
534
695
657
174
677
214
195
394
444
350
333
463
581
508
534
588
568
347
259
818
359
214
732
57
430
762
109
327
458
241
598
56
99
621
525
788
824
191
312
300
806
555
442
366
106
288
501
484
267
228
543
380
203
515
438
640
453
550
488
208
285
457
148
48
42
482
50
268
505
126
644
243
622
305
693
478
581
187
653
58
782
461
79
647
519
23
421
408
392
664
225
434
368
252
686
661
573
626
12
779
629
373
787
754
540
671
561
337
268
502
17
706
423
666
333
513
748
582
797
457
622
342
637
590
698
823
87
250
499
437
55
774
378
694
588
165
710
78
643
646
320
31
328
215
519
351
237
755
65
529
393
288
315
152
103
562
318
41
158
634
153
598
576
518
810
750
723
456
334
115
584
389
608
658
603
545
72
575
806
552
46
827
346
33
713
171
722
23
804
800
16
659
240
549
587
118
299
596
781
701
645
156
619
85
473
486
687
343
559
419
231
19
667
164
139
441
171
416
364
699
560
181
674
591
617
55
48
20
599
265
768
225
50
218
97
77
123
646
340
702
665
582
509
635
687
322
823
81
313
265
580
753
758
802
634
535
583
782
641
450
777
660
248
761
229
574
440
688
176
325
624
228
170
390
26
422
750
52
771
297
628
100
437
791
18
583
812
14
595
92
566
228
696
332
525
215
193
572
107
690
755
129
61
126
268
561
433
278
459
362
432
71
496
675
624
243
311
14
696
328
766
763
371
688
498
375
420
677
116
116
164
822
247
768
224
555
463
597
314
727
369
125
531
287
514
470
272
136
387
715
382
216
474
447
15
623
237
278
39
13
195
317
693
383
555
757
706
674
332
617
626
62
672
98
410
543
292
532
355
327
368
17
107
678
458
312
828
232
191
761
550
456
87
783
250
347
41
517
40
130
829
690
643
299
493
665
790
2
295
619
425
624
277
629
271
58
381
788
758
538
825
290
255
371
185
571
558
794
180
695
477
533
188
291
777
208
652
593
130
149
304
90
269
739
495
798
275
298
581
797
492
394
538
134
784
504
747
158
3
765
756
591
553
644
825
694
664
218
95
210
33
189
759
162
260
683
779
533
49
263
475
373
797
330
600
340
574
358
420
381
663
759
255
422
676
179
73
148
458
525
770
629
155
34
322
612
773
570
473
115
92
177
782
673
173
388
463
194
198
776
66
725
580
602
336
593
92
349
450
170
790
377
823
323
385
561
118
152
447
136
579
681
622
276
824
723
810
76
368
188
471
595
101
794
470
301
279
29
558
415
261
190
748
731
34
387
9
827
254
536
514
741
554
253
86
219
553
761
131
430
164
184
242
255
370
13
498
498
205
396
198
473
413
792
499
774
808
179
244
595
731
387
90
634
49
603
525
588
216
367
621
432
81
180
370
469
311
128
568
16
51
441
279
405
549
467
228
392
761
539
118
595
507
224
464
291
213
688
393
731
717
460
3
528
556
19
236
290
107
711
357
108
511
198
665
564
558
84
475
764
661
369
548
513
444
778
85
419
536
132
314
668
416
456
734
441
655
614
237
540
45
10
352
552
732
361
507
472
440
282
121
46
39
676
121
86
349
550
599
84
628
20
358
814
502
300
52
195
592
724
655
526
84
389
687
550
351
166
254
672
750
63
598
258
685
55
743
660
752
828
287
579
583
319
48
182
134
59
498
813
301
68
810
665
98
168
189
170
244
626
292
141
300
532
779
653
229
591
674
22
173
493
431
249
348
254
387
721
189
668
261
258
781
420
790
402
570
13
17
46
672
293
562
67
138
783
346
828
647
25
504
502
710
598
213
481
783
825
620
748
783
58
358
446
217
392
6
144
830
79
808
424
162
247
704
258
36
316
392
602
640
359
521
650
464
501
385
704
818
364
265
764
124
48
181
620
85
106
753
50
42
670
709
45
711
629
810
128
571
240
811
413
596
551
521
328
11
648
298
159
554
287
487
793
463
379
199
362
546
46
229
349
463
613
484
673
8
521
776
142
119
579
17
745
407
405
468
591
15
604
425
613
335
390
266
339
709
185
74
84
552
822
647
526
202
474
107
114
804
545
587
48
293
601
408
511
298
111
61
301
263
507
747
488
176
307
745
308
822
723
253
668
46
47
301
722
711
305
88
332
404
91
548
443
248
299
61
416
327
476
258
531
708
580
614
265
404
582
111
743
409
543
605
704
669
26
757
486
547
66
450
194
660
409
816
463
828
131
142
714
719
335
482
518
324
46
593
824
390
548
539
172
623
352
796
121
2
646
366
825
238
379
591
279
687
364
700
659
419
759
646
566
324
105
87
270
447
259
660
161
578
146
34
395
228
223
722
30
350
77
565
411
439
370
39
786
312
705
328
507
198
113
345
684
475
442
644
239
7
78
728
471
352
317
518
707
676
322
33
450
516
189
48
267
410
314
71
693
32
17
67
575
121
463
531
171
28
246
530
591
402
671
638
604
276
361
76
603
443
557
263
51
655
87
405
109
196
778
194
18
712
25
142
549
758
275
253
375
659
370
130
784
181
34
445
612
790
786
274
486
490
800
461
364
671
652
246
428
53
742
37
642
461
167
678
789
440
213
732
631
85
765
660
188
81
225
572
392
347
34
138
376
601
48
537
177
659
826
746
320
689
482
768
771
555
813
632
518
103
576
325
379
580
568
383
38
675
393
645
685
144
361
585
691
646
120
402
750
399
146
533
184
10
602
225
268
429
268
774
81
5
626
810
464
653
399
364
608
232
656
537
595
119
811
385
692
171
710
128
97
516
739
285
423
66
779
225
308
184
666
280
260
25
611
243
158
340
493
612
773
95
454
296
702
586
734
146
65
684
101
19
734
254
458
218
767
12
731
210
781
248
697
77
464
452
336
500
452
414
337
403
742
799
39
793
216
534
78
623
30
159
171
656
608
760
149
1
713
85
131
617
431
390
220
376
214
400
380
124
11
91
526
11
473
23
667
69
400
163
300
14
479
210
219
304
801
525
700
224
524
260
94
87
207
588
177
85
740
345
309
726
40
390
285
365
53
165
390
686
213
497
624
722
447
245
539
390
356
431
377
81
381
397
713
750
124
385
749
294
779
632
718
19
251
181
700
416
708
96
182
641
391
278
581
599
816
269
418
305
373
625
45
517
484
503
37
612
474
524
565
472
200
549
68
57
801
589
614
540
21
645
100
648
646
617
829
571
650
727
688
60
392
486
40
454
417
584
524
699
716
150
563
730
77
694
527
778
61
465
813
215
742
186
440
766
628
764
199
82
108
103
585
480
2
6
590
115
713
185
482
458
296
605
258
180
221
33
357
679
554
270
319
417
693
129
487
384
326
173
141
96
55
484
555
280
214
528
630
326
6
82
291
35
69
312
775
645
745
560
577
453
310
610
433
534
32
162
160
224
366
732
406
328
111
597
821
781
550
374
188
59
423
766
508
349
378
196
678
630
196
633
118
74
553
780
67
222
232
207
357
165
682
163
800
790
10
543
790
404
46
786
189
446
647
273
166
219
579
94
299
650
309
223
689
400
598
342
454
342
433
287
179
301
86
160
223
297
430
270
496
94
47
326
668
676
124
73
65
121
59
802
566
298
532
297
242
493
638
253
732
377
608
418
316
176
240
661
391
344
425
828
11
735
196
355
431
92
370
367
776
689
546
659
624
25
286
9
673
697
631
133
39
566
328
747
543
352
136
61
435
325
432
665
425
167
147
372
68
460
545
197
258
458
564
60
420
652
612
593
261
592
278
830
416
351
475
57
68
520
748
622
826
383
286
294
718
517
348
248
38
218
506
709
169
735
340
248
666
387
169
96
504
621
221
121
481
678
800
105
226
259
364
440
80
401
418
48
20
65
135
710
665
651
438
564
532
741
707
259
668
121
799
798
329
397
427
563
293
760
721
746
563
547
377
464
198
786
300
31
233
518
138
510
657
734
136
315
469
605
436
45
240
80
366
379
48
201
653
5
413
4
683
481
755
199
30
155
796
530
440
515
771
315
416
777
309
597
552
374
755
34
190
442
477
728
296
662
135
410
261
296
452
117
310
761
116
31
326
472
39
290
7
14
310
797
97
162
616
127
715
216
691
546
112
285
515
717
234
491
254
809
509
639
702
388
582
677
325
435
185
806
127
283
403
256
207
408
207
364
801
447
449
526
389
65
601
748
499
573
292
364
408
364
21
96
501
685
547
39
741
161
376
374
734
180
690
62
502
220
309
358
156
652
556
449
504
31
703
733
51
784
154
674
600
49
600
520
604
654
171
794
618
806
315
53
606
236
297
609
264
275
303
730
28
162
29
607
778
631
167
3
714
536
246
284
143
4
765
374
624
151
316
129
19
465
118
152
277
566
430
567
705
230
156
244
651
258
75
170
791
39
382
544
487
530
464
304
284
376
20
286
798
592
603
701
378
676
143
153
514
346
760
656
725
554
554
615
553
474
360
780
664
508
419
748
558
727
228
304
269
307
665
148
825
829
285
121
666
758
124
75
785
385
151
377
393
529
114
606
519
752
237
618
407
700
626
275
313
48
613
742
80
490
740
294
97
677
614
461
728
708
348
522
669
343
34
359
380
490
390
406
141
496
220
546
638
40
236
637
204
736
266
51
432
746
666
673
242
629
548
511
341
473
819
625
344
385
427
470
45
81
426
710
684
394
318
77
310
489
54
508
598
151
466
247
794
759
541
286
627
223
756
502
352
134
603
601
603
611
405
299
620
654
775
806
100
264
204
660
35
182
58
175
180
753
735
439
403
452
749
438
382
330
241
330
404
829
209
376
762
248
809
586
81
361
311
153
762
103
216
192
822
507
123
196
125
365
387
432
601
616
673
135
20
455
491
774
84
304
183
290
598
179
311
632
52
487
704
542
173
38
266
805
264
390
302
790
567
603
487
392
210
668
401
436
724
719
670
675
151
670
817
312
532
408
739
149
412
551
624
422
652
694
110
278
721
204
515
75
9
135
494
455
682
596
299
620
570
14
66
448
698
441
488
398
297
133
610
776
826
488
102
627
684
300
796
259
502
318
88
617
375
659
622
571
755
215
37
193
274
325
96
782
278
512
171
809
108
37
349
188
676
117
823
498
39
542
217
310
338
56
400
544
812
602
108
324
804
38
786
419
822
824
169
14
738
313
211
108
661
654
287
534
719
333
262
283
739
316
40
332
256
414
110
160
151
103
162
365
273
421
298
199
669
802
482
19
437
724
562
293
285
5
186
350
215
650
443
415
700
525
277
740
517
151
498
169
423
168
151
415
196
322
422
9
707
611
86
237
582
172
36
830
211
793
151
177
547
644
806
365
348
222
290
517
475
481
532
98
429
380
333
150
761
241
319
63
433
403
180
553
674
555
805
136
427
97
701
724
684
85
509
39
818
717
275
533
807
160
255
70
604
716
532
116
181
226
646
381
274
55
668
134
21
25
8
294
171
160
175
111
555
170
47
210
632
725
286
39
786
499
550
118
577
503
81
310
6
555
246
159
542
597
691
289
631
692
399
195
57
688
138
282
6
110
598
187
710
706
720
569
507
274
63
70
313
222
735
644
604
168
785
352
646
413
656
773
763
432
528
814
199
627
13
435
303
8
668
264
216
159
54
801
178
540
750
99
593
100
313
742
166
550
520
781
728
432
263
479
808
227
407
345
684
81
806
678
472
313
588
409
81
462
19
423
103
95
650
659
21
109
593
592
35
615
23
693
813
702
299
680
620
318
821
809
830
629
222
363
71
396
462
536
143
550
180
363
212
370
256
24
545
800
18
449
743
804
671
524
500
707
425
633
262
56
23
282
352
47
60
326
220
702
740
657
312
87
516
662
414
818
113
219
709
775
390
396
123
47
627
416
320
811
809
54
233
193
514
1
343
680
455
220
610
20
193
291
555
466
428
201
246
791
173
801
819
333
6
570
357
827
174
775
750
521
149
651
579
243
617
746
103
266
471
29
605
663
267
637
151
180
121
410
132
809
103
793
762
496
623
804
134
257
16
521
217
562
161
411
345
347
365
87
19
784
334
405
308
260
828
139
483
34
164
339
260
668
59
62
367
543
193
123
18
143
328
577
597
750
385
683
554
99
466
201
305
360
476
8
294
382
90
389
372
172
475
794
360
488
306
559
821
410
555
552
50
666
106
4
801
713
281
371
450
371
307
303
191
246
436
459
180
127
184
42
191
160
27
572
76
614
341
331
641
404
586
518
640
484
604
457
462
297
87
423
541
578
83
709
556
88
744
262
466
218
84
90
30
292
282
217
191
337
784
501
735
327
407
452
345
820
227
770
719
139
567
661
28
397
253
557
773
397
738
152
682
478
302
340
257
86
510
626
553
682
71
700
274
360
351
43
534
662
699
45
395
207
742
764
105
24
8
314
572
301
453
617
554
510
686
117
569
662
485
689
498
495
488
792
428
656
640
279
384
377
580
124
766
700
666
370
770
781
760
554
37
405
673
61
720
441
439
37
69
201
190
282
298
722
670
1
126
685
42
697
236
726
581
814
538
133
663
312
317
218
573
676
823
749
565
27
189
81
259
606
17
535
800
316
166
714
177
559
739
35
512
507
100
604
278
516
247
193
428
643
334
63
275
30
39
394
815
510
686
411
37
240
63
757
229
288
320
230
185
538
816
54
266
289
358
42
97
708
199
579
73
532
91
294
81
123
616
94
382
829
214
356
29
182
27
81
328
585
486
344
554
535
225
13
510
502
489
609
511
738
627
370
137
187
656
607
798
503
32
30
604
5
413
304
523
273
578
596
612
702
571
412
180
159
325
136
303
637
196
637
819
162
211
347
640
829
44
522
98
289
273
564
419
683
745
270
106
464
760
589
732
748
814
393
801
67
465
159
538
593
470
193
178
113
444
55
541
30
581
592
442
174
614
346
491
391
715
453
271
638
60
167
98
67
197
210
716
810
650
630
649
643
642
539
352
457
45
481
727
637
73
6
719
135
344
584
316
389
328
16
138
367
10
11
809
657
472
136
675
75
276
356
57
10
694
134
459
490
260
361
253
558
313
812
631
625
816
122
683
531
90
769
708
440
558
730
508
737
75
147
677
366
31
413
449
585
550
629
204
123
755
598
129
27
230
362
628
125
810
637
211
147
446
391
107
302
707
162
230
458
72
820
150
751
558
531
201
99
55
318
127
46
598
173
804
591
533
1
263
235
117
805
485
730
175
555
664
121
466
500
614
92
159
284
389
386
13
554
425
377
485
177
768
405
301
310
144
782
329
327
43
591
615
106
317
274
130
763
593
179
5
353
179
45
809
71
93
562
424
611
561
557
463
120
426
373
162
171
660
802
73
679
507
710
563
407
17
481
15
665
295
266
752
612
233
196
351
691
31
823
196
786
567
299
538
547
368
589
674
757
543
549
296
52
126
156
471
380
128
169
802
164
437
241
401
268
800
541
705
314
348
270
543
561
708
731
466
791
542
534
808
18
657
575
416
288
735
270
698
642
38
109
725
643
670
18
125
290
620
821
146
303
42
13
404
425
275
660
263
175
644
404
586
95
176
751
18
458
210
672
552
542
338
754
196
550
8
339
593
176
172
779
49
636
276
527
11
200
233
603
556
20
324
240
668
286
363
8
45
737
688
353
354
585
782
281
303
611
344
727
444
704
635
379
264
412
524
722
155
162
130
373
83
275
97
491
491
245
471
294
649
194
576
366
353
499
678
719
690
348
205
487
692
69
211
449
167
218
157
30
619
676
811
605
522
308
463
769
396
236
277
451
680
514
187
345
166
2
594
253
566
816
647
666
737
727
826
578
166
281
193
495
254
190
333
752
356
734
797
359
608
268
65
120
313
726
748
299
88
487
4
338
730
458
158
715
6
507
353
366
491
200
322
415
804
723
576
710
122
781
194
160
518
643
58
1
22
441
109
378
35
452
257
540
698
624
22
638
593
455
672
804
790
320
527
697
828
300
332
776
368
54
477
29
720
468
276
521
690
544
269
242
537
247
61
409
25
315
25
641
445
500
143
350
730
118
655
164
664
224
232
691
146
532
252
96
792
315
575
200
443
403
30
680
138
50
437
681
415
266
208
803
349
722
452
818
793
423
155
382
436
787
28
208
104
543
385
160
404
108
565
734
550
579
545
469
344
363
15
766
491
532
562
129
39
762
107
798
702
323
208
319
227
699
503
5
85
49
200
615
689
349
564
557
55
306
466
443
780
94
195
773
696
784
536
144
2
665
149
43
330
261
202
550
312
260
276
184
451
760
425
74
40
287
114
82
811
334
142
828
618
590
150
182
359
205
476
75
240
771
115
277
245
552
539
528
734
578
230
583
401
727
225
125
115
346
128
186
496
398
576
146
580
449
166
780
517
288
180
5
238
555
304
417
278
263
734
105
645
12
180
90
211
525
316
189
531
362
136
426
268
792
225
654
657
533
573
392
461
385
726
460
54
670
59
689
655
469
777
531
569
318
714
390
786
7
545
302
589
109
23
623
84
348
662
323
619
750
680
614
392
128
77
643
501
354
419
598
92
183
772
798
316
242
787
165
239
557
223
319
555
440
220
760
466
201
354
197
341
98
549
593
802
323
108
631
379
581
781
131
565
413
493
726
396
754
120
696
34
326
168
131
24
289
330
724
70
246
801
338
195
426
247
814
43
331
565
807
510
356
653
547
654
259
52
516
231
94
14
382
620
449
175
602
370
402
320
373
278
598
513
9
145
44
520
796
584
542
18
123
58
475
564
185
823
607
677
527
306
352
818
594
87
504
122
775
337
661
314
594
364
307
549
190
295
189
13
253
735
23
12
266
611
88
572
262
808
597
679
309
385
248
707
720
812
189
527
396
383
694
729
672
750
464
291
467
661
31
697
84
363
410
482
521
785
747
533
458
411
71
281
222
794
203
33
743
596
14
483
25
541
335
787
645
502
60
131
31
167
736
761
348
469
244
269
131
118
446
114
184
779
651
570
131
27
283
195
231
730
353
66
160
475
148
679
437
537
77
303
731
448
304
67
387
329
406
424
88
551
123
478
137
617
161
217
519
194
292
331
642
246
164
742
377
636
804
599
689
7
773
387
204
243
570
578
311
578
756
452
24
804
178
781
823
671
271
156
662
736
373
383
553
789
518
778
262
177
670
462
38
660
608
366
696
230
828
412
733
87
497
516
169
50
828
224
629
141
777
176
829
637
134
711
326
144
711
791
480
299
12
76
15
513
518
730
340
14
290
127
615
39
821
652
643
794
135
489
309
760
26
316
827
775
624
530
362
781
325
333
410
223
166
193
101
764
248
22
339
723
776
552
375
777
188
107
351
795
322
140
101
367
452
595
100
376
453
739
241
729
93
713
85
161
489
430
130
472
559
691
230
375
682
755
168
105
467
423
817
389
4
312
458
73
38
306
539
297
504
469
41
580
72
533
439
760
765
442
825
565
774
809
329
294
404
374
808
529
623
531
433
602
643
503
737
537
612
802
517
505
632
120
42
73
679
709
825
327
421
363
256
258
162
616
654
806
291
435
246
100
201
80
404
57
169
272
285
62
73
507
294
332
647
670
44
421
768
170
134
323
498
677
353
19
112
58
233
265
690
104
766
85
717
87
82
815
30
351
48
83
726
99
478
64
251
318
559
795
625
786
24
627
667
25
532
482
5
653
545
397
21
252
306
650
205
475
806
498
630
532
37
624
737
245
406
411
414
614
58
251
19
654
275
336
182
126
707
708
570
680
402
468
37
739
511
285
185
304
422
711
43
464
550
227
97
627
115
541
115
505
233
220
121
685
78
697
418
134
407
304
687
289
139
425
536
397
231
315
252
76
776
186
56
634
411
778
294
830
625
68
627
488
357
550
802
101
470
175
59
521
248
707
809
789
402
198
769
105
652
644
117
368
73
331
69
615
751
615
198
311
599
61
756
755
711
704
569
375
266
431
114
57
586
553
486
485
434
11
450
570
362
463
529
290
608
137
554
158
265
819
242
652
420
167
140
143
277
512
639
277
755
8
56
241
509
196
441
135
320
525
775
553
401
791
23
452
806
221
784
91
171
822
702
412
426
65
528
498
544
438
630
75
188
533
274
590
120
383
544
389
353
497
539
111
623
721
297
801
810
671
406
213
423
5
684
691
564
200
529
250
140
269
823
244
50
411
625
669
338
800
640
801
736
54
313
159
483
314
116
409
400
379
24
562
404
271
62
4
491
719
773
113
89
134
611
423
794
505
311
516
419
314
136
383
619
234
401
562
323
329
431
42
507
506
34
178
250
481
699
494
251
103
198
807
578
120
575
727
359
319
765
220
44
380
795
305
570
261
397
544
243
88
540
517
177
81
770
310
125
112
776
661
297
316
813
244
728
230
242
790
89
720
478
474
434
704
806
529
4
426
802
501
334
90
134
817
316
447
369
141
539
78
788
67
575
746
435
275
702
673
401
488
321
62
284
277
213
356
708
547
494
21
310
440
707
691
242
241
287
185
247
723
640
602
693
740
615
253
18
463
416
9
325
601
665
711
804
508
78
607
482
628
516
71
774
683
489
482
5
119
717
818
281
124
301
213
815
348
480
818
823
191
213
392
481
635
524
76
8
823
43
579
446
206
730
648
380
189
602
661
203
490
732
204
555
338
306
670
81
508
114
575
254
265
141
323
11
25
269
774
318
132
626
132
56
514
115
373
402
344
632
612
23
543
388
408
33
485
294
773
283
163
331
166
775
210
824
408
546
719
236
9
449
329
727
469
572
369
315
337
347
575
793
607
206
30
620
460
282
585
444
211
92
109
545
567
397
524
329
335
85
788
138
405
640
28
449
498
637
646
135
578
744
291
438
557
214
721
81
45
81
179
717
304
113
462
613
707
112
214
7
72
122
272
365
306
323
502
448
812
689
215
327
325
247
453
168
310
608
397
567
481
247
150
311
165
650
603
677
397
618
63
698
205
719
316
468
369
93
303
371
751
384
526
393
707
616
19
528
705
136
228
775
721
357
688
336
364
79
226
711
23
745
369
470
234
520
574
689
658
593
764
130
812
545
605
771
673
431
158
28
703
530
532
173
332
328
292
539
312
151
699
463
459
659
157
97
352
119
440
748
609
80
373
622
636
430
476
101
235
560
113
703
431
162
374
368
541
803
19
611
740
715
524
474
717
742
248
318
552
439
791
579
359
397
16
799
104
438
166
210
48
23
561
15
189
639
367
716
66
504
250
628
657
305
531
26
721
321
232
684
174
137
99
680
288
135
375
61
53
41
745
662
547
827
545
533
36
328
263
59
738
692
68
334
129
42
525
401
568
365
799
329
667
447
782
245
255
38
483
325
322
757
726
253
248
281
344
375
741
664
413
519
433
196
763
40
464
696
314
455
579
378
562
691
702
119
36
641
358
786
325
335
22
529
110
734
716
690
90
8
164
270
795
345
106
558
671
148
716
789
448
484
382
62
318
185
573
279
48
66
221
529
729
48
134
214
598
395
44
637
114
460
540
570
525
729
521
525
67
507
810
379
36
80
327
443
23
143
19
623
472
265
239
578
535
30
61
279
743
311
645
232
640
530
200
182
288
356
784
826
339
766
286
327
706
770
155
715
427
572
764
56
265
21
803
526
342
254
414
583
766
666
587
286
799
224
662
146
364
788
271
6
453
515
604
388
297
241
244
271
95
172
395
187
64
442
121
738
662
118
18
278
682
289
538
82
636
65
424
794
59
83
814
753
6
331
91
456
591
374
535
536
417
335
18
487
497
241
776
528
401
197
224
379
128
416
212
432
226
598
796
88
503
410
824
562
757
470
536
608
803
603
91
224
57
608
649
743
250
165
109
791
239
620
388
801
114
595
57
629
416
786
335
780
421
498
360
766
598
534
770
793
210
234
186
781
495
825
426
120
614
535
298
708
493
459
59
464
513
454
227
55
554
537
543
273
631
323
702
275
473
796
358
512
561
687
255
650
791
588
277
94
326
157
240
74
297
356
278
478
411
620
463
298
724
649
772
460
239
701
653
171
554
475
359
255
70
98
617
512
349
780
466
552
261
429
616
606
803
825
348
508
408
628
694
806
93
592
508
742
50
299
638
221
60
42
245
580
159
319
805
295
384
826
8
35
412
259
480
283
598
367
247
56
605
475
436
747
579
822
584
571
169
616
470
500
43
152
427
717
711
695
76
371
522
578
629
265
707
300
503
812
100
551
681
368
704
340
754
669
275
349
250
732
395
629
202
686
295
496
591
330
665
468
145
599
213
678
627
439
162
823
669
224
750
494
612
594
294
466
710
763
21
99
344
599
782
446
291
162
108
19
141
642
808
270
432
238
148
345
492
134
591
354
819
188
766
173
530
523
570
481
251
769
474
612
168
43
276
641
570
462
811
255
655
173
188
298
475
167
167
425
310
125
525
114
540
562
545
711
268
121
44
439
819
744
704
405
193
355
25
369
73
374
589
677
771
455
581
457
387
168
476
36
574
82
661
71
671
308
686
629
120
493
205
521
245
352
492
166
311
8
31
200
359
790
250
422
693
734
764
616
203
300
711
503
41
530
423
524
233
498
336
273
283
343
201
705
703
371
315
690
35
531
45
226
726
4
674
542
392
756
570
728
752
115
593
232
769
45
341
315
425
87
481
288
656
99
13
535
561
214
588
25
546
352
328
580
116
680
546
763
212
408
387
256
301
713
590
642
295
468
127
215
276
20
52
798
191
43
31
154
476
275
70
366
463
681
440
106
147
687
2
323
96
646
771
317
452
807
768
684
552
361
698
547
243
139
36
335
482
16
746
55
800
15
48
261
521
621
108
502
623
110
434
663
125
14
173
37
675
451
315
361
659
259
49
18
223
620
20
543
83
712
459
651
13
825
50
688
271
330
7
286
147
733
603
477
815
353
206
409
692
127
343
635
51
591
589
112
771
823
391
349
49
800
586
615
469
442
401
784
169
38
345
540
48
762
730
713
413
696
479
735
485
17
166
424
300
60
475
347
103
749
578
654
275
374
551
333
396
47
828
706
678
8
517
517
155
773
74
49
396
228
178
613
63
601
665
651
526
288
729
408
702
271
638
589
53
675
770
274
800
112
278
460
284
782
686
785
568
374
591
567
827
73
565
778
196
703
742
793
206
440
423
443
454
213
725
671
28
469
308
502
724
627
439
135
59
210
53
742
424
286
45
316
459
744
193
157
222
484
473
188
114
778
500
432
103
198
730
792
208
68
482
396
805
678
456
343
502
739
438
200
453
808
282
751
335
751
590
595
441
218
731
651
644
751
102
72
39
383
232
467
223
283
702
687
592
511
189
363
353
256
721
444
33
429
501
78
528
231
263
785
713
105
62
102
449
153
442
17
99
632
775
382
103
101
269
406
608
781
424
150
664
11
551
787
694
248
384
42
659
365
51
651
46
711
664
521
228
564
706
134
545
776
416
691
190
659
100
67
406
252
675
620
309
8
496
523
473
644
655
245
648
698
788
174
89
191
627
55
212
369
767
414
670
84
496
342
549
742
808
144
733
409
346
238
733
668
189
247
131
202
150
752
323
284
520
201
713
269
278
621
530
159
80
619
239
495
345
618
249
500
352
454
691
275
309
784
576
327
505
553
134
699
547
152
482
216
69
413
811
527
140
590
430
39
657
492
813
55
617
387
243
586
596
592
150
368
468
603
191
144
167
745
657
713
569
54
480
108
21
694
110
71
10
79
232
568
11
87
803
27
187
391
208
483
66
91
616
491
530
673
753
637
498
342
230
16
759
110
611
475
431
236
121
591
547
200
772
173
450
565
66
803
553
114
519
605
454
667
278
91
820
611
677
102
28
521
140
227
13
582
28
600
446
657
749
227
589
54
134
626
736
497
230
551
359
1
315
828
482
607
560
275
200
755
809
330
550
691
540
201
95
213
779
197
236
355
724
416
457
75
682
528
560
1
103
399
338
575
376
314
182
72
390
92
695
670
574
622
45
70
466
670
192
52
81
450
431
493
338
737
189
22
408
136
817
534
810
246
23
29
88
232
434
490
705
172
626
244
738
807
272
107
583
251
739
318
816
120
765
646
776
361
279
642
373
533
439
528
336
784
424
316
498
588
756
20
716
134
208
560
246
359
92
705
707
603
484
417
634
804
218
470
799
820
243
782
275
685
695
440
471
811
42
717
306
531
630
53
355
44
668
131
407
505
563
280
692
372
280
749
664
148
724
279
674
205
163
197
362
476
511
584
378
663
173
466
639
355
787
736
76
118
454
687
666
276
42
491
670
646
554
190
769
595
610
728
734
392
619
222
804
145
419
667
678
392
558
273
636
673
160
241
794
633
75
26
600
651
14
812
613
150
501
163
121
712
811
59
552
188
157
736
285
606
422
314
9
594
660
369
505
668
424
440
702
649
105
789
471
491
231
180
616
124
247
360
694
555
379
226
360
2
622
535
372
541
329
193
137
65
699
41
797
725
444
405
638
470
222
827
406
313
635
248
357
482
404
225
58
698
485
203
529
466
17
620
100
793
636
308
467
402
400
251
72
266
591
606
383
314
821
293
57
323
370
599
242
185
799
537
383
726
355
564
344
133
674
469
5
703
367
772
384
426
605
703
221
778
403
119
498
345
447
163
171
619
596
120
663
598
131
241
786
160
113
709
324
80
773
218
348
506
545
225
235
432
105
313
12
726
402
300
157
172
325
121
503
269
249
607
155
16
772
362
202
50
147
382
228
355
678
199
530
126
236
6
58
331
769
367
345
767
717
326
422
687
420
590
672
425
555
90
181
196
663
756
110
559
364
536
415
478
294
289
66
830
697
414
98
817
739
755
627
235
40
237
295
5
603
541
103
331
165
326
179
661
125
389
111
76
741
252
103
336
654
195
671
383
162
393
153
537
377
404
553
793
191
532
425
537
67
50
418
224
662
797
625
121
813
721
186
324
464
228
704
778
15
384
640
621
199
271
345
482
155
197
197
336
514
104
657
152
277
399
671
246
454
171
479
98
313
452
96
737
196
443
760
776
689
601
339
170
617
572
222
681
556
738
702
632
674
125
806
716
384
189
271
734
765
580
532
348
586
283
520
379
212
80
38
418
650
755
582
157
152
583
341
316
368
440
721
219
436
415
766
583
574
269
761
91
304
322
47
67
708
143
698
57
772
245
416
618
223
770
39
322
676
90
150
677
623
267
377
503
798
196
311
741
771
398
12
309
343
123
207
213
51
741
265
606
756
588
631
438
497
466
434
118
682
455
544
14
612
590
803
682
597
605
774
354
106
8
546
484
526
282
511
510
308
460
722
750
279
150
459
435
224
232
240
642
783
26
327
198
611
817
217
118
287
463
398
310
567
30
288
741
387
367
563
370
823
284
20
265
95
661
784
516
665
348
637
446
812
598
524
499
347
15
610
790
40
776
547
102
508
11
456
393
259
388
382
213
76
780
22
624
305
635
438
393
355
828
41
366
141
424
507
632
223
232
39
446
743
258
615
216
374
580
181
338
131
695
570
650
648
673
227
654
313
742
400
301
743
133
822
169
326
457
643
84
741
96
179
678
211
267
470
651
331
305
231
711
149
396
497
783
505
285
519
269
636
734
366
681
625
706
207
127
437
681
560
254
89
699
373
410
166
325
829
594
273
505
37
308
139
156
690
285
222
505
306
825
341
531
151
598
24
799
362
597
191
431
62
18
406
8
211
135
452
368
617
217
414
245
543
658
812
427
564
71
513
255
27
575
603
786
358
801
251
207
230
753
737
537
95
16
352
544
252
802
341
779
313
120
468
416
653
450
54
697
485
412
241
344
659
423
585
784
262
821
537
99
696
326
581
412
242
143
800
540
458
765
573
159
414
344
436
669
578
299
507
392
205
2
709
401
551
128
705
87
716
736
801
789
32
213
42
312
464
426
231
671
286
797
31
378
269
758
163
302
17
272
45
573
134
17
745
604
391
774
621
337
680
659
341
417
100
180
44
581
321
210
261
8
484
127
489
527
826
566
14
291
88
112
502
789
78
631
527
183
738
204
584
129
440
702
194
209
501
298
267
460
278
292
126
174
809
796
646
375
568
555
563
397
42
450
284
815
362
75
323
483
169
606
213
243
192
80
179
166
201
695
764
558
740
531
483
664
319
442
306
751
460
389
357
718
161
92
564
156
607
284
615
3
368
599
114
549
20
745
816
657
532
600
590
438
579
287
384
383
408
437
636
290
60
375
326
70
74
349
458
594
398
195
634
250
304
68
756
615
663
441
511
666
467
580
616
815
134
142
649
465
358
579
401
84
214
756
320
18
764
361
448
163
225
685
486
740
750
640
389
69
177
319
485
183
533
336
256
343
715
14
134
562
673
705
716
42
608
496
661
253
394
554
621
19
607
109
574
6
448
22
502
587
346
726
675
215
375
232
386
747
230
508
743
397
513
188
332
339
392
149
652
139
730
108
383
47
161
427
750
472
809
285
21
525
794
161
311
175
774
344
190
484
485
682
805
294
62
13
479
171
793
575
599
766
352
809
293
643
685
414
520
439
512
711
458
607
347
395
815
663
511
709
54
5
583
674
188
403
160
555
25
663
628
582
343
422
487
597
803
20
172
448
142
199
98
413
234
570
467
578
252
469
133
270
711
340
705
32
615
827
185
295
210
141
817
386
606
127
645
596
460
371
667
176
125
763
737
611
290
242
608
380
677
459
334
611
13
48
351
149
14
540
480
696
635
118
313
250
704
720
363
364
664
613
632
655
136
309
762
737
354
331
87
254
68
544
258
322
100
678
604
302
128
482
807
548
695
35
545
679
545
47
484
727
722
146
540
633
118
675
453
223
145
154
194
455
815
526
175
452
617
522
547
654
435
51
727
6
810
348
215
812
462
217
138
618
303
384
332
449
71
437
521
811
727
683
127
688
116
18
271
269
162
671
229
748
63
33
754
540
534
562
736
484
556
208
67
710
485
66
734
345
733
174
477
789
741
362
525
769
524
649
487
174
71
587
527
72
716
75
555
704
502
576
55
38
104
264
758
263
196
691
317
169
32
167
180
168
720
28
174
536
804
684
511
134
418
393
223
165
575
771
589
168
590
298
236
376
371
133
812
374
490
633
387
606
453
412
632
357
42
487
225
219
716
534
746
645
336
274
791
10
723
360
788
245
636
67
726
292
404
455
693
814
79
77
600
241
360
556
140
282
679
207
760
172
617
597
522
208
41
663
676
116
584
199
590
218
276
232
593
264
8
194
150
353
230
818
355
35
769
428
584
683
678
105
104
488
818
508
106
445
60
830
672
515
449
243
490
251
308
711
412
416
315
608
665
449
303
439
192
607
431
755
344
298
791
253
603
214
685
735
340
162
377
111
719
180
90
489
101
514
111
160
54
133
348
401
819
663
650
803
829
244
662
330
649
47
83
386
556
781
123
538
710
829
752
322
773
581
193
672
435
15
759
655
601
598
687
245
90
241
826
89
81
576
297
52
721
830
137
541
131
121
740
435
324
270
403
828
452
116
675
288
641
334
104
672
706
380
558
367
793
38
186
57
203
814
76
39
98
193
811
633
810
126
165
279
277
491
404
255
520
537
117
641
457
690
572
555
640
531
435
297
612
829
74
824
371
181
706
37
357
247
83
410
445
143
597
620
323
812
222
261
200
214
773
256
683
746
620
824
559
402
703
699
538
659
620
138
803
700
19
72
473
599
810
120
394
814
378
406
295
204
450
787
309
193
587
541
428
646
720
331
817
36
747
771
277
263
117
521
185
519
608
695
284
625
780
338
574
395
289
552
150
703
189
220
224
145
380
36
425
69
149
301
688
161
354
571
345
85
622
79
436
523
534
790
110
88
774
116
594
152
375
172
367
561
203
326
30
443
507
318
263
759
93
754
53
626
777
240
200
778
695
645
570
315
425
443
272
44
2
384
55
589
826
781
480
793
455
520
535
228
591
783
686
819
487
146
623
753
176
132
748
442
102
491
390
796
683
218
293
106
289
43
263
471
439
159
267
630
143
514
83
649
211
184
26
396
633
388
339
552
565
321
86
773
440
243
23
242
721
672
461
451
572
607
611
159
687
352
701
655
594
49
332
25
711
529
125
531
784
356
651
95
798
811
175
410
353
311
724
260
224
81
590
326
188
323
232
278
527
628
25
377
567
80
672
662
730
258
261
450
630
289
796
11
632
308
823
786
184
329
620
256
430
149
297
709
382
292
796
76
807
283
565
318
145
259
265
689
602
796
606
707
705
268
624
59
524
312
188
249
91
633
670
300
92
156
802
124
81
725
593
535
331
575
61
95
316
595
412
790
100
613
350
426
443
765
532
241
380
314
335
257
179
229
830
12
76
309
406
299
208
644
726
376
352
560
347
752
626
466
696
334
391
306
339
697
413
535
689
75
88
748
670
802
237
707
17
376
156
373
583
339
441
531
739
604
13
250
278
121
230
14
314
670
613
428
619
763
545
174
819
619
237
391
54
397
693
542
780
266
274
296
725
734
479
424
226
581
444
642
461
401
196
521
17
626
732
370
598
545
702
466
796
771
197
460
537
371
360
582
466
711
177
134
300
332
308
585
767
313
269
677
797
378
592
478
289
397
502
181
647
246
86
803
260
357
676
564
202
531
666
248
615
15
618
617
56
133
1
166
518
702
200
359
248
454
589
601
147
149
119
398
105
331
523
356
76
378
307
743
796
409
226
285
575
79
213
87
826
565
615
460
193
439
215
537
775
173
398
1
231
190
475
331
660
618
789
768
33
804
51
537
262
308
195
360
580
165
725
573
367
87
684
807
245
48
137
294
684
717
133
693
306
351
227
559
424
88
735
823
108
174
572
699
148
654
330
408
489
337
324
566
514
815
231
103
671
408
44
51
543
570
42
664
324
339
582
582
168
152
507
203
433
78
577
18
698
797
367
637
692
744
761
532
427
636
571
18
191
99
113
119
555
418
613
407
41
449
750
412
407
183
418
227
11
670
398
510
457
436
405
721
112
212
624
481
793
391
209
35
268
86
28
263
58
290
256
215
219
655
3
509
326
139
779
173
353
359
681
666
371
692
304
568
316
330
288
128
335
603
97
584
71
254
676
184
752
49
793
554
787
84
201
130
631
512
363
120
513
380
297
166
131
723
566
301
674
38
294
368
379
189
721
81
195
681
130
380
395
20
818
595
348
294
395
425
237
163
731
777
418
192
456
455
127
291
571
100
385
737
89
369
787
375
361
36
255
812
815
51
193
762
576
213
388
450
106
181
689
2
654
225
274
146
636
622
671
38
121
631
181
34
132
569
396
212
743
204
441
20
625
211
547
551
88
615
168
619
44
495
332
81
213
310
237
144
296
630
124
421
629
774
791
62
495
225
779
819
62
97
681
683
131
333
375
563
619
668
7
592
709
506
303
817
449
786
494
272
406
344
720
231
309
826
167
793
111
130
772
514
760
508
335
561
589
334
428
56
536
733
657
399
690
135
785
306
507
494
85
373
485
275
394
199
203
300
684
118
400
331
94
166
154
17
271
440
460
161
408
801
81
750
760
573
715
345
439
392
818
565
439
355
435
295
413
592
640
412
570
570
237
191
712
620
511
371
612
308
229
714
279
810
705
705
720
559
98
644
508
812
438
277
538
431
802
64
589
451
32
645
275
649
721
113
434
77
492
66
382
304
562
817
719
606
794
430
448
551
198
583
701
782
685
63
278
28
167
697
277
209
343
760
422
426
827
534
134
49
477
363
187
722
61
663
673
559
505
762
309
364
305
247
445
371
727
205
179
430
516
653
225
662
483
43
647
754
571
542
76
207
59
261
554
457
693
125
733
790
680
33
751
669
90
577
561
578
658
787
767
560
80
406
42
92
335
16
201
314
564
469
825
109
487
663
662
380
412
193
156
512
390
350
538
232
412
645
81
553
250
319
767
122
17
31
271
81
71
567
653
217
538
414
201
825
699
522
310
118
487
659
466
655
524
473
537
618
23
765
807
626
712
234
528
247
651
249
543
727
822
682
61
698
641
164
608
820
629
202
518
465
517
125
620
422
441
177
824
186
785
570
303
154
526
360
534
264
17
553
723
746
10
337
72
10
89
406
534
78
566
281
684
489
190
63
68
379
753
339
731
709
520
447
383
726
238
515
182
272
379
295
576
293
700
386
735
310
398
84
185
532
46
658
347
171
428
253
808
58
368
693
685
773
651
803
392
286
656
622
84
598
110
730
12
447
426
712
259
123
599
509
340
571
198
282
641
111
189
608
268
520
723
742
458
175
169
638
477
496
489
134
364
608
659
702
378
347
55
26
288
319
536
786
230
102
89
88
109
610
289
118
83
141
456
109
138
31
590
95
512
650
481
141
370
372
404
826
546
228
219
572
594
629
547
704
50
126
450
611
571
49
159
673
418
324
603
25
590
499
292
264
103
162
123
490
331
486
446
92
807
224
88
356
656
43
483
382
537
522
42
546
760
314
631
431
344
37
644
702
193
481
139
138
154
593
185
150
42
686
666
24
153
277
22
693
508
361
64
109
190
829
26
47
441
425
168
823
766
630
818
331
196
645
697
345
768
811
598
586
730
536
121
655
285
598
278
471
466
816
260
228
23
641
187
655
827
270
219
126
466
490
92
209
489
574
44
43
746
794
817
42
624
534
460
657
205
793
107
39
593
808
29
248
193
244
109
124
57
249
381
104
66
637
468
770
668
170
368
497
634
106
221
691
733
149
1
29
355
781
502
632
28
306
284
699
362
607
731
792
829
202
729
551
151
585
758
205
456
553
373
431
515
753
651
427
791
745
441
446
499
568
806
736
411
31
479
707
91
470
456
314
162
461
342
119
265
692
370
599
718
57
117
720
752
137
302
312
797
244
184
418
740
392
566
20
549
311
685
268
780
207
526
131
244
816
818
437
348
550
614
526
519
768
786
234
612
755
772
398
796
800
803
490
236
323
489
208
773
316
453
94
149
647
654
828
141
521
1
274
317
331
516
40
518
236
57
725
715
516
110
389
627
815
393
584
164
68
9
73
441
784
460
530
445
303
638
103
470
189
701
482
149
367
722
532
801
469
250
366
250
397
355
651
610
571
449
384
775
32
460
224
660
401
647
141
532
265
166
38
172
626
179
689
672
79
312
615
161
633
776
204
48
371
702
230
210
100
266
35
596
518
539
354
515
32
461
596
611
210
30
305
736
144
778
548
350
543
445
194
686
376
544
452
222
603
430
617
388
446
23
759
408
489
142
441
14
467
517
160
76
19
441
365
623
739
773
378
285
349
156
527
532
676
164
725
652
646
136
186
438
689
711
222
380
620
368
171
331
24
301
323
243
79
154
39
107
413
806
589
137
390
467
238
797
774
60
397
408
453
338
327
58
73
718
697
714
116
645
157
537
692
109
416
659
404
536
649
463
444
623
830
477
16
430
245
584
715
628
753
665
249
178
296
568
527
84
153
229
729
241
627
597
391
237
266
29
687
794
301
234
307
227
336
53
226
420
435
451
339
185
369
292
711
324
195
209
229
349
708
563
766
695
807
69
223
212
568
644
740
664
438
132
375
256
303
403
247
497
672
597
716
827
79
345
269
380
282
400
300
407
261
742
811
74
454
621
118
403
680
767
714
789
607
635
456
672
290
693
177
623
392
298
338
397
14
354
405
618
734
569
228
257
607
124
337
210
21
175
39
662
53
246
79
668
764
681
752
502
281
58
792
74
784
598
317
566
419
526
688
319
752
432
697
37
528
772
623
570
234
1
582
17
100
104
642
732
140
825
140
474
691
700
142
119
136
617
492
249
128
213
746
450
533
468
548
666
328
382
794
668
247
218
563
678
419
796
34
205
233
373
799
140
722
4
262
583
241
715
260
176
496
758
239
181
143
741
506
112
385
96
194
715
249
602
162
521
422
363
106
401
762
162
148
456
356
281
270
444
621
36
524
192
124
427
369
100
80
116
30
547
26
406
805
702
325
215
772
428
771
623
356
710
517
25
626
671
371
454
826
691
47
749
530
732
696
525
679
389
418
709
449
143
73
345
569
88
818
139
753
417
619
122
345
60
414
358
572
189
284
258
48
629
183
569
162
556
674
280
452
32
451
479
109
341
474
472
336
166
752
728
442
196
657
352
528
43
605
534
40
400
355
252
469
619
116
201
284
614
671
661
814
53
56
645
2
8
257
179
578
421
387
335
243
793
486
565
548
281
216
75
481
397
131
284
107
762
377
533
165
573
815
309
178
651
60
784
254
44
201
43
498
150
555
358
243
646
156
32
792
743
804
653
303
43
513
485
783
432
196
311
657
450
93
81
798
651
675
224
699
207
465
203
441
286
229
250
676
402
403
612
601
652
592
258
305
720
646
467
232
532
175
538
614
396
721
346
579
34
818
728
119
114
658
377
205
790
657
356
789
252
323
228
364
51
158
207
467
764
56
192
718
492
40
712
767
735
738
340
287
141
430
192
709
542
215
311
240
174
130
53
208
429
173
218
344
674
662
246
524
22
780
561
331
43
775
640
828
83
632
693
183
485
307
511
151
205
25
326
458
648
243
779
550
405
139
33
91
580
375
732
449
416
303
554
789
366
224
162
447
723
628
517
408
796
573
708
357
580
66
157
19
415
795
167
673
750
162
663
231
100
47
720
550
742
485
558
457
649
502
217
147
262
47
239
247
137
387
284
606
426
169
150
354
121
561
354
642
718
487
205
345
378
23
757
318
633
141
780
587
328
196
395
21
218
42
647
367
326
252
792
528
686
323
671
642
4
109
681
393
196
240
673
390
137
799
619
556
84
151
398
815
36
256
277
615
408
818
509
636
450
166
602
68
663
638
257
705
558
237
51
20
719
133
799
235
385
137
492
812
444
527
279
413
605
109
76
118
124
737
719
814
638
619
28
201
811
515
143
369
732
260
658
768
198
373
297
543
24
822
162
329
518
247
291
10
535
311
682
275
367
657
627
634
247
662
418
704
773
644
628
255
349
355
785
655
562
2
101
271
102
474
189
126
636
371
99
291
36
694
351
210
291
803
384
747
89
166
763
778
716
755
267
520
155
346
97
263
658
105
725
423
99
797
600
295
332
706
763
230
477
601
505
313
10
384
748
670
531
772
513
512
438
372
65
352
693
549
651
351
109
100
789
129
658
526
649
508
413
86
168
325
13
402
46
337
150
704
323
640
542
581
195
745
115
405
163
421
642
259
231
492
533
653
350
625
91
500
157
552
333
400
597
188
799
213
2
416
323
603
432
575
185
818
113
271
364
149
756
202
707
575
352
760
664
600
419
34
200
40
275
493
828
767
360
790
76
632
201
738
39
699
761
125
267
458
246
344
549
464
827
620
165
6
343
375
560
373
36
28
127
572
25
345
39
609
210
136
380
634
681
524
541
129
20
769
648
439
495
320
604
367
497
352
776
102
324
417
306
767
352
207
733
213
607
117
111
266
66
560
689
226
644
675
412
160
104
725
604
656
318
735
303
660
627
268
815
183
485
13
211
311
240
687
612
140
758
535
829
308
355
168
703
132
128
110
641
702
803
203
590
307
53
290
285
321
569
740
436
768
95
636
667
401
130
479
816
74
733
175
408
326
268
697
444
820
118
727
247
711
477
392
63
706
661
772
28
410
12
225
597
300
580
467
542
794
442
39
784
494
553
450
461
768
153
470
308
53
572
361
485
754
67
293
161
137
343
614
790
798
4
485
816
98
67
328
502
160
587
201
441
463
177
623
136
800
588
813
546
492
731
550
578
49
312
502
768
47
593
69
438
166
279
577
804
392
184
162
244
459
648
300
701
487
355
53
547
453
59
207
638
265
667
339
14
701
381
102
565
722
443
145
762
539
308
533
503
470
479
689
93
361
209
272
196
445
523
743
109
589
525
791
760
267
612
361
721
744
124
602
333
494
760
138
760
369
121
418
589
773
566
307
824
192
760
821
203
574
465
439
441
385
92
778
604
18
135
644
187
311
414
19
511
303
562
243
435
459
545
44
267
75
823
631
14
623
179
101
102
68
273
186
563
796
765
558
368
215
477
265
327
590
731
211
4
732
334
543
639
385
543
519
764
237
357
828
479
671
795
723
772
424
626
415
237
482
566
259
274
797
4
489
406
396
190
251
545
509
829
669
522
397
545
608
445
402
759
282
217
113
687
108
537
64
765
288
17
582
748
697
320
651
754
605
634
308
614
763
421
372
172
45
760
58
298
140
691
299
396
250
386
255
419
191
682
560
99
341
431
98
330
679
255
208
465
740
158
692
715
233
58
700
100
94
173
603
281
453
116
730
562
247
286
424
160
585
350
784
777
348
689
704
145
212
353
709
376
669
366
303
84
444
508
811
806
518
771
149
684
167
727
335
407
560
667
581
721
246
481
468
485
96
481
830
5
156
189
509
117
202
634
525
417
50
773
314
252
572
372
402
57
818
52
302
321
175
408
353
696
574
496
695
348
526
114
501
418
407
606
283
13
409
811
23
759
291
261
809
233
568
279
263
314
268
815
102
218
330
565
370
669
278
747
453
464
583
576
539
80
322
308
166
754
304
103
256
303
70
702
198
510
228
166
35
20
70
654
13
426
276
334
211
675
570
697
751
225
128
328
548
694
283
108
14
326
574
272
210
9
256
382
699
216
101
667
297
526
811
769
600
183
499
289
582
148
536
450
696
786
304
220
518
624
493
814
709
632
813
494
773
682
47
356
99
683
2
577
766
271
594
87
378
450
27
160
552
88
252
794
297
812
620
645
76
667
454
245
511
87
242
246
114
572
651
764
258
709
248
166
672
791
789
457
252
637
759
674
364
781
513
752
769
646
739
237
470
413
512
507
292
457
32
528
467
718
797
84
814
174
86
625
493
168
646
44
636
504
61
94
107
280
347
339
227
284
556
385
314
574
686
490
738
688
274
234
372
172
414
47
80
410
278
454
495
391
725
303
594
132
776
281
34
675
302
218
50
215
594
826
532
286
10
550
724
72
60
776
716
67
242
612
21
96
440
726
718
750
794
370
325
676
391
720
540
422
103
433
514
273
96
762
486
292
427
488
91
33
496
99
352
412
608
229
199
261
446
468
127
778
140
91
514
730
159
730
525
708
608
158
369
247
252
591
600
759
7
797
812
590
583
757
485
338
299
189
506
777
693
825
77
409
238
348
226
419
779
284
136
421
705
38
596
773
423
290
463
18
67
639
434
92
557
357
26
301
519
146
47
652
491
550
662
148
234
521
777
559
434
47
243
554
787
485
488
247
222
398
198
774
655
74
280
556
24
73
325
79
562
387
342
323
704
492
60
549
808
162
502
194
804
586
29
382
826
810
98
8
566
652
606
219
80
616
827
808
747
227
410
544
576
566
232
382
89
256
254
449
342
386
825
312
529
770
224
328
579
611
56
496
245
699
827
670
557
644
415
664
374
519
79
21
541
773
696
174
399
421
51
52
496
766
113
304
651
620
98
687
721
437
269
803
509
445
556
328
25
208
387
645
243
179
16
96
785
452
75
372
331
271
233
776
595
274
277
184
593
492
765
664
335
259
724
733
775
390
580
799
821
682
799
529
608
704
386
741
598
47
76
6
167
711
591
108
818
86
591
585
783
221
595
812
285
811
506
113
200
409
385
507
356
801
133
455
543
367
531
83
181
528
462
230
133
726
800
328
327
346
673
104
109
750
585
449
503
448
164
583
615
767
48
191
46
343
468
212
695
47
811
121
788
598
275
436
534
243
677
642
29
574
771
657
183
410
307
301
605
509
491
117
607
784
781
457
613
438
716
754
686
496
784
821
118
663
394
705
110
24
512
540
500
135
330
61
490
87
198
291
366
14
97
154
526
623
557
173
265
71
261
287
451
381
180
718
725
454
486
165
528
43
730
196
369
598
490
69
349
548
295
451
583
677
139
344
339
357
100
734
85
104
323
276
7
321
653
542
297
402
179
810
66
640
633
20
402
675
327
396
327
563
399
651
5
228
829
428
454
285
256
468
636
316
372
714
617
294
209
363
481
293
18
448
541
509
91
189
336
205
286
91
480
820
575
828
787
645
120
439
289
378
582
26
448
206
608
704
283
405
479
792
490
329
523
679
196
543
20
790
628
643
17
164
234
286
635
193
767
412
431
552
681
780
102
616
490
558
35
463
140
286
651
95
759
464
583
115
84
8
87
645
723
427
593
384
696
551
92
665
615
420
786
658
317
647
211
215
306
342
608
453
773
47
828
504
225
50
829
302
450
499
830
683
298
509
197
444
169
644
452
46
450
131
70
789
810
385
595
183
398
27
195
127
547
394
93
54
426
243
665
181
628
233
728
362
469
266
60
223
138
767
728
593
408
779
690
595
626
738
247
677
550
93
733
374
181
72
495
373
389
128
458
650
405
392
42
578
32
783
488
429
728
649
350
567
566
5
410
514
94
409
721
486
293
400
24
148
382
153
703
16
295
451
269
685
130
325
522
178
199
500
494
521
553
465
323
6
350
282
306
54
761
107
364
202
272
741
721
811
17
540
811
811
468
481
263
355
703
99
685
571
314
710
667
588
788
286
195
762
86
334
408
421
375
225
240
715
252
762
440
779
708
733
296
304
386
409
163
139
414
24
78
205
308
216
9
688
21
256
361
743
341
162
743
493
744
1
315
731
30
464
258
591
789
450
21
626
719
342
63
608
169
501
471
153
710
630
194
305
160
669
736
469
274
690
422
741
686
150
104
759
664
98
212
45
645
5
342
645
196
578
685
260
459
689
83
248
85
138
33
460
508
685
603
101
605
584
466
693
586
464
272
590
172
330
655
208
465
173
557
193
714
707
467
459
817
348
354
164
551
753
470
105
364
523
574
92
61
423
160
598
414
366
77
573
231
745
484
730
805
624
117
613
770
729
312
272
335
511
559
155
204
311
109
721
644
767
809
218
189
90
90
136
620
419
359
391
528
198
207
313
54
350
65
146
353
803
283
425
556
757
198
515
765
58
749
810
261
65
496
174
319
127
419
89
403
320
585
399
614
367
84
34
240
469
352
139
581
629
201
768
414
198
433
303
667
369
265
311
823
701
460
601
756
726
319
256
484
253
16
4
790
203
22
415
634
293
782
302
746
598
570
756
649
346
222
451
16
537
437
709
788
483
572
120
303
145
251
374
547
643
114
610
453
85
90
681
597
748
481
4
40
218
263
251
127
793
65
626
298
210
378
27
134
132
478
499
617
746
501
599
807
810
133
770
342
782
779
243
318
546
295
617
302
22
566
480
450
345
97
304
2
497
685
252
334
41
706
563
707
646
721
187
808
602
741
202
619
562
707
73
781
204
396
94
264
618
278
655
610
818
19
738
278
355
570
487
293
699
725
129
136
606
260
140
375
179
534
544
165
66
620
616
39
674
511
18
776
164
569
603
275
19
151
828
781
437
484
798
812
521
153
403
682
99
612
446
517
39
311
552
663
750
790
535
427
781
519
427
122
93
751
499
777
675
505
780
464
776
830
714
542
498
351
355
389
640
65
706
278
511
148
153
656
159
639
518
794
175
250
204
583
636
280
55
566
110
232
314
3
830
650
468
798
389
665
595
268
534
551
355
139
161
810
549
280
687
18
796
707
414
271
494
782
349
819
692
279
211
413
686
331
356
96
762
204
218
188
670
302
67
145
135
631
446
623
135
420
671
289
784
356
407
410
355
706
270
39
116
679
397
798
605
384
558
673
695
16
236
208
721
394
616
504
505
51
521
1
447
544
481
416
327
654
548
639
691
162
514
504
461
604
655
429
349
5
392
219
400
227
69
492
800
471
749
736
695
630
63
3
155
323
44
192
729
542
779
339
429
586
362
200
660
755
399
162
399
756
324
433
299
690
202
257
810
305
660
389
13
777
33
452
401
164
392
761
237
194
661
579
739
699
337
590
296
45
764
612
537
6
729
704
553
4
226
125
284
404
633
601
205
553
701
718
700
651
782
463
576
327
448
178
4
227
419
215
727
399
641
114
418
118
731
399
259
406
383
704
707
97
338
652
575
431
58
194
429
603
221
182
132
340
292
154
319
317
169
449
537
4
673
221
320
382
688
122
27
527
200
690
89
505
690
245
122
415
654
709
497
165
9
314
157
732
555
799
253
644
725
58
613
796
703
247
554
350
131
538
429
192
651
459
373
267
830
570
605
634
763
655
697
406
4
196
660
791
374
656
604
533
292
800
576
548
341
235
506
31
211
660
409
705
427
610
137
574
332
157
488
412
599
816
322
611
136
291
7
804
339
515
471
590
174
492
650
418
202
609
574
410
240
586
60
148
556
828
824
504
308
111
757
753
810
362
52
499
257
513
125
381
826
269
411
9
215
799
609
582
751
168
795
111
189
403
827
239
638
198
182
228
95
206
474
499
248
477
730
327
536
215
735
28
746
413
117
481
571
27
672
242
603
445
752
161
358
287
282
580
328
492
132
762
117
147
508
85
363
779
368
367
145
352
571
290
296
349
510
174
364
475
423
380
30
409
312
545
112
123
554
563
439
117
197
369
666
307
580
145
771
135
728
270
5
213
398
564
576
320
150
559
778
343
405
393
445
753
594
322
666
437
197
721
778
242
399
796
61
496
338
818
515
479
505
586
250
821
606
581
539
72
323
701
677
108
705
377
211
826
72
726
582
507
794
704
243
501
506
324
29
408
99
37
496
327
323
176
409
738
494
791
797
234
282
270
43
352
120
45
7
760
438
562
619
810
462
645
535
52
609
78
157
301
795
145
202
799
225
635
99
515
507
373
739
41
613
219
521
518
495
44
252
390
725
393
545
499
581
360
603
141
436
160
205
48
67
3
628
265
542
585
500
307
640
507
518
205
688
615
632
641
592
21
462
25
181
238
156
676
417
686
515
180
669
258
543
57
498
173
744
374
63
673
281
329
700
513
17
385
493
18
281
294
517
632
284
178
392
424
166
767
435
617
514
793
107
610
228
37
612
73
113
265
247
664
42
65
92
371
403
338
667
133
434
496
50
255
244
427
11
816
49
120
211
740
23
414
517
214
791
87
269
709
328
325
391
416
206
449
202
72
520
525
446
394
368
669
51
736
62
765
715
744
33
385
722
741
639
455
331
180
44
811
261
185
152
807
461
713
711
531
56
280
17
469
37
318
124
188
650
236
552
157
176
413
165
803
80
774
764
350
301
584
748
780
471
235
170
452
45
624
137
670
602
248
260
374
433
575
186
546
759
797
727
23
134
671
258
647
140
126
685
324
758
87
152
185
307
498
594
825
559
586
111
303
625
285
82
315
788
620
68
366
382
12
348
402
574
515
49
456
244
414
191
44
764
722
732
691
651
227
133
372
221
282
398
750
486
804
741
463
250
70
715
309
715
571
30
619
771
830
383
447
796
255
767
169
500
224
83
118
823
574
91
410
90
574
532
621
491
789
119
297
161
26
183
176
366
100
618
798
389
778
84
238
538
192
62
431
743
254
563
772
354
298
597
308
204
454
191
102
300
745
603
554
65
591
100
377
581
392
137
374
42
808
400
92
603
624
338
690
741
146
187
4
296
315
463
743
404
536
297
655
563
285
350
359
501
300
713
569
320
636
463
62
70
130
372
78
53
26
490
40
714
386
498
344
225
425
795
246
790
349
599
71
766
719
335
141
746
515
593
110
298
245
147
570
305
562
38
438
180
400
43
145
505
615
238
506
560
374
700
250
654
323
206
162
687
191
763
714
82
434
618
725
728
368
724
211
726
456
643
398
559
267
101
145
599
544
588
271
827
492
300
568
190
326
143
377
653
455
413
57
554
471
480
228
506
762
821
589
829
626
500
820
576
125
796
65
46
804
240
456
599
614
784
773
553
681
788
753
33
793
829
754
387
235
597
776
305
572
241
561
200
145
330
218
327
608
630
541
718
736
772
450
425
784
129
705
641
758
719
180
777
352
3
155
198
482
41
398
64
494
329
763
684
325
181
514
261
458
692
167
561
358
156
378
243
235
553
152
85
378
207
733
358
48
711
479
370
585
272
560
633
308
364
356
394
431
450
665
733
108
477
400
177
504
243
585
390
659
825
666
434
4
694
250
161
350
206
530
787
380
367
800
261
447
118
497
207
619
134
604
733
62
592
459
787
473
608
77
215
786
668
404
430
830
713
69
105
283
531
61
449
476
194
787
124
693
587
781
739
119
72
522
697
78
262
690
160
263
219
722
310
558
5
404
716
302
144
210
381
701
484
250
617
721
123
11
76
257
394
404
760
431
38
548
778
338
461
725
442
334
570
41
368
204
403
41
8
109
540
572
572
558
184
599
102
2
253
660
541
789
50
760
780
158
687
699
237
697
312
551
386
634
94
183
276
782
72
646
9
716
602
546
718
484
206
525
335
818
363
386
129
368
484
413
652
363
658
318
92
453
232
226
492
60
475
375
775
799
151
196
781
814
576
67
440
757
579
219
463
194
694
801
824
145
11
473
494
123
777
231
753
268
459
651
773
754
463
560
663
610
719
202
439
10
127
682
262
263
363
551
446
47
123
468
313
48
524
676
140
512
793
340
194
308
93
539
816
369
769
172
117
828
829
596
36
293
573
458
111
683
136
601
727
527
509
803
180
785
616
281
632
211
329
567
222
723
256
196
183
756
193
67
785
142
35
270
701
459
541
361
146
130
329
593
51
452
38
245
28
767
821
33
43
106
814
792
419
486
286
692
645
572
41
277
48
344
677
280
2
773
279
499
460
406
626
662
785
10
437
494
315
197
84
487
28
808
577
141
220
105
604
772
243
775
361
622
250
300
674
359
112
684
435
568
767
659
97
6
153
214
327
816
398
822
583
609
5
571
308
317
290
333
595
324
519
741
573
235
327
660
528
160
10
291
175
501
346
29
87
673
824
423
59
317
365
30
414
670
636
6
677
112
770
718
551
200
505
482
632
200
453
640
544
559
651
338
91
113
307
215
621
329
391
615
635
194
597
297
581
690
133
488
511
387
654
338
352
227
799
336
377
711
461
668
631
92
253
176
129
109
122
27
326
340
468
307
828
821
741
372
516
75
779
418
544
456
468
355
86
744
516
383
495
51
253
647
720
520
611
168
605
271
481
325
204
530
401
307
182
598
404
644
679
9
327
762
336
622
740
689
85
777
392
34
681
510
268
774
664
289
211
743
234
120
104
104
618
591
445
552
810
60
401
707
744
204
415
367
557
372
614
303
608
468
585
705
76
804
236
306
271
742
521
260
244
272
656
468
147
705
560
621
465
461
278
409
416
620
699
13
215
573
229
160
747
19
580
419
315
590
701
638
195
691
412
746
169
100
1
602
364
25
177
430
413
201
604
305
73
279
220
340
808
772
402
551
702
16
24
357
686
389
773
337
483
762
166
472
378
364
376
281
7
201
815
445
54
70
484
687
534
336
762
342
588
581
650
337
449
650
715
369
531
580
77
11
478
806
408
348
18
265
726
570
131
758
60
19
431
316
550
403
43
792
679
619
488
30
429
676
779
350
462
49
266
22
795
758
358
612
519
531
548
378
288
373
62
722
823
130
149
32
44
143
368
242
604
817
593
766
120
744
612
263
430
648
402
476
219
416
551
155
180
349
23
511
342
507
507
532
15
384
576
85
794
212
231
312
451
379
550
93
260
628
650
225
535
306
769
701
356
763
779
734
538
595
826
464
776
688
5
327
305
638
88
638
694
584
233
602
286
710
140
684
109
25
509
794
566
78
106
382
187
730
221
518
97
518
293
126
786
97
718
358
768
672
72
402
47
545
469
251
457
731
354
95
406
175
580
262
434
425
746
341
596
425
755
488
650
728
672
404
38
96
131
276
393
209
273
195
218
695
202
504
562
207
799
127
740
197
320
129
550
526
184
630
672
696
217
777
448
398
241
21
159
15
781
702
795
369
731
117
272
321
426
429
575
228
59
689
807
124
161
292
344
801
233
284
208
341
3
44
263
273
538
746
716
484
470
408
181
222
805
527
709
90
681
147
214
186
62
116
272
632
131
159
811
475
794
628
627
203
298
615
514
166
473
508
814
423
757
224
363
723
712
714
636
646
545
312
237
585
577
610
586
344
523
473
456
439
411
53
265
645
133
104
796
670
219
252
95
819
367
292
724
276
830
272
390
151
55
193
327
533
517
809
656
95
254
384
452
774
147
335
397
117
297
84
536
281
353
386
187
144
515
415
85
585
729
244
64
763
82
629
777
786
663
635
698
470
103
727
719
200
401
636
369
624
298
213
754
47
79
771
65
249
536
148
390
784
603
477
743
728
266
432
830
678
108
382
122
443
825
435
358
562
330
697
338
546
12
393
519
206
738
566
246
202
363
496
676
717
629
215
476
46
629
248
252
200
707
819
339
84
88
66
606
542
228
144
722
178
117
520
710
215
680
667
2
97
156
481
156
421
655
176
89
326
798
533
650
148
352
582
404
224
218
129
493
590
574
175
501
431
420
824
469
309
481
686
635
368
450
470
200
309
224
393
396
726
162
650
296
756
713
395
646
591
598
820
511
57
27
817
521
196
26
401
252
754
479
119
631
764
558
256
135
278
74
59
131
566
446
828
406
204
750
504
578
460
227
510
275
96
202
750
671
92
134
640
567
203
308
476
251
604
610
719
228
555
538
258
21
17
819
688
130
425
282
224
147
188
300
6
433
56
585
562
516
310
354
616
90
245
518
673
701
84
180
238
717
638
786
441
519
714
420
515
204
726
228
397
444
359
332
68
548
179
654
804
656
396
203
790
332
748
158
464
242
284
282
245
259
149
66
565
787
428
782
793
549
124
598
218
772
816
786
231
13
470
406
446
824
744
7
280
50
383
639
348
379
500
80
635
497
682
434
415
369
81
791
721
129
210
94
553
296
735
95
36
369
751
594
295
1
371
34
573
18
485
245
732
288
447
247
70
678
307
114
792
547
148
653
547
101
94
93
76
252
209
110
364
515
15
274
342
435
200
491
311
308
131
374
430
395
51
483
99
436
590
198
401
773
805
732
31
389
217
606
441
687
37
384
747
549
325
603
383
512
727
813
801
169
494
333
191
826
247
141
778
788
246
737
634
648
679
666
90
401
383
665
441
779
52
42
218
446
508
267
334
635
279
772
443
211
283
438
572
125
417
490
25
456
345
123
159
417
134
335
810
320
586
260
28
738
534
480
53
430
359
63
411
570
595
40
304
823
54
502
622
267
413
147
634
730
574
201
642
265
743
561
158
707
370
220
639
655
564
56
309
793
760
576
397
542
342
411
212
674
587
374
327
313
563
136
779
142
15
509
647
248
433
398
222
526
291
88
734
814
64
692
160
338
593
512
417
369
378
740
12
533
24
443
604
380
43
722
261
75
522
720
238
612
656
194
352
661
356
713
292
523
84
161
618
353
404
478
358
606
412
289
589
311
586
699
389
791
756
260
344
417
709
786
599
90
702
179
440
517
557
721
744
178
314
124
699
246
345
561
830
252
793
818
690
253
805
342
803
681
745
650
433
423
265
11
674
84
570
477
621
211
402
5
578
149
233
92
345
608
71
207
423
645
738
196
488
115
450
586
783
502
138
117
209
18
687
110
692
537
249
161
656
756
99
601
24
675
581
765
221
22
173
34
13
812
179
404
284
348
325
320
711
727
307
128
507
374
185
439
319
89
449
703
819
706
602
181
608
545
510
343
201
488
259
215
335
19
654
530
440
201
797
440
729
469
656
765
565
482
642
435
213
109
828
651
698
43
589
172
47
440
261
276
196
482
738
294
683
397
61
509
354
374
473
144
513
407
777
365
9
2
152
669
455
127
645
590
220
80
824
296
218
207
338
19
697
298
830
432
92
771
305
526
248
801
716
120
79
690
627
87
159
39
382
206
198
459
63
443
718
366
222
786
632
454
746
507
499
783
563
184
552
405
528
204
55
484
406
670
84
803
555
358
726
102
604
743
458
686
50
426
122
130
537
213
427
426
654
520
387
586
13
202
23
253
257
636
288
182
579
721
148
140
637
203
772
87
804
608
227
134
625
279
481
339
105
80
681
164
537
88
487
370
777
264
637
510
721
557
622
34
63
7
140
740
33
759
127
57
403
367
487
548
43
61
517
765
801
151
713
703
18
696
616
256
28
461
441
75
627
446
165
570
538
376
821
35
203
93
423
74
431
739
93
579
564
432
711
294
376
492
235
507
14
438
132
87
396
622
295
348
380
243
89
196
3
628
282
529
784
163
63
547
240
148
209
791
765
361
103
96
60
803
41
225
744
346
274
480
171
287
740
816
31
104
607
467
250
562
429
416
429
724
755
785
390
646
63
352
489
352
816
139
35
758
748
130
410
197
511
372
533
308
304
627
288
27
721
615
332
69
181
655
750
104
526
170
110
603
635
805
434
231
159
546
592
91
335
284
793
356
52
599
6
40
332
208
459
15
366
386
108
38
563
784
437
34
671
542
106
421
363
365
251
696
826
800
189
816
390
600
223
670
530
549
494
660
717
791
363
762
707
539
604
497
427
519
229
593
419
690
712
565
213
517
96
499
754
238
716
723
409
10
707
504
659
634
364
448
430
616
340
516
607
366
137
269
719
52
58
743
592
131
75
208
331
414
729
128
317
186
610
107
537
674
504
303
346
329
525
195
453
646
307
409
219
464
341
428
452
332
57
288
166
230
59
226
434
636
703
473
239
586
510
14
783
825
463
84
527
675
442
332
288
450
230
124
68
484
537
235
756
126
520
621
330
616
660
495
524
661
704
830
289
171
167
829
39
484
522
240
38
285
113
828
28
653
21
77
724
569
535
279
256
732
268
778
628
497
806
513
510
472
270
336
273
293
712
282
357
650
344
556
195
746
148
533
512
427
391
58
14
692
327
566
322
6
820
263
317
600
255
260
344
792
162
157
471
169
158
100
609
347
489
429
274
449
763
628
477
759
715
783
278
800
768
343
662
507
37
797
496
400
784
513
699
79
806
318
723
739
95
776
448
565
239
795
307
799
289
115
728
296
580
246
505
485
154
470
293
293
657
722
630
165
317
60
486
157
450
284
377
527
227
445
669
240
740
662
779
109
409
725
820
480
256
788
165
197
515
82
578
282
37
164
651
120
338
522
775
306
655
64
654
747
804
133
112
40
575
328
518
639
665
363
638
441
717
487
124
95
156
576
366
44
246
550
404
290
572
476
414
237
34
440
133
657
142
815
772
49
103
377
363
308
825
684
307
319
676
412
246
707
609
332
39
672
255
201
81
66
586
495
319
744
64
153
688
113
341
718
752
283
401
301
738
165
748
489
663
77
100
711
637
64
403
774
176
672
582
421
673
365
422
109
131
562
493
576
677
410
301
315
636
83
644
335
1
737
286
217
414
23
502
227
61
137
33
171
328
447
823
425
592
52
499
741
737
276
598
727
489
608
690
321
480
147
229
340
708
540
786
343
205
511
427
331
349
566
397
439
808
569
249
743
537
61
715
779
607
663
199
159
360
223
122
493
633
522
252
342
424
772
55
719
251
700
669
635
106
548
817
207
528
89
603
407
244
699
350
656
246
637
263
810
510
229
29
92
3
491
244
28
396
343
398
613
11
163
70
546
250
238
495
44
788
366
434
697
442
455
217
549
425
452
780
708
45
619
717
194
558
784
798
704
816
339
586
88
391
742
284
411
27
670
821
708
408
170
171
623
376
258
365
699
674
686
287
370
528
711
5
760
732
197
162
355
602
341
522
574
693
16
759
712
707
578
367
95
31
272
289
722
43
155
282
127
149
583
108
33
509
242
240
416
158
780
121
221
792
332
462
660
686
304
209
139
624
267
224
505
469
282
312
398
509
613
583
141
635
186
801
525
202
356
822
564
45
825
228
590
635
119
165
216
664
91
482
240
781
510
735
607
469
15
521
304
279
128
627
48
161
294
292
616
79
419
144
537
200
713
193
766
166
239
369
543
434
617
63
151
137
522
781
58
297
626
727
423
145
347
787
1
756
71
299
119
11
724
44
75
496
758
503
700
762
292
108
313
653
245
291
794
53
17
302
571
382
278
286
610
713
612
665
482
798
251
758
240
412
110
135
702
43
221
260
254
338
547
532
129
438
539
801
513
336
83
218
237
761
530
41
75
671
403
716
406
99
593
549
243
642
49
2
64
752
281
121
189
261
233
281
178
48
253
232
205
301
95
282
672
43
780
631
461
710
718
699
106
86
480
9
611
728
515
794
478
665
83
372
324
200
171
390
440
258
51
485
271
720
420
158
385
36
567
190
645
349
499
224
534
407
233
829
233
92
212
540
515
95
234
121
690
577
795
490
96
551
383
630
240
65
295
37
339
574
765
65
308
338
539
429
687
135
535
343
200
532
590
262
809
396
794
243
464
355
764
387
613
213
200
820
818
765
99
676
548
627
621
769
693
3
283
661
289
204
819
580
424
708
251
632
72
634
305
578
141
730
592
674
285
274
745
821
268
729
667
85
131
518
803
608
378
318
577
735
337
346
730
575
396
726
270
75
286
345
370
52
420
215
391
113
679
416
412
736
57
786
700
164
720
360
825
138
587
405
545
194
544
690
418
651
739
719
259
183
396
21
522
702
551
148
34
76
440
114
589
220
655
144
707
14
204
498
526
178
75
742
11
421
631
197
410
395
521
272
528
754
375
501
578
1
342
420
524
92
149
591
88
577
389
113
321
332
575
187
427
743
486
641
47
554
20
273
221
212
811
694
203
40
500
339
728
147
260
54
31
21
563
674
553
495
62
388
541
10
818
425
738
810
77
416
602
374
364
308
106
826
50
788
373
568
574
621
601
653
59
273
230
560
473
724
317
266
747
445
76
540
230
228
706
238
181
31
478
613
649
623
351
128
50
266
524
404
158
219
737
528
658
613
443
256
246
509
83
65
377
776
183
321
551
448
200
659
327
258
465
722
737
698
827
324
238
462
827
247
817
538
205
538
206
85
759
536
344
191
654
157
538
509
88
71
357
762
140
484
396
131
587
50
530
431
560
731
222
330
687
514
586
54
199
116
491
7
319
319
825
344
306
152
781
267
618
651
217
607
400
98
789
18
689
627
120
307
436
221
434
113
356
617
397
698
698
828
406
255
630
421
361
764
293
335
517
764
226
116
716
802
224
702
652
376
77
719
417
52
337
423
83
440
609
251
330
554
273
160
522
184
724
260
691
368
566
787
8
670
411
233
748
382
193
123
531
72
801
329
265
519
405
332
369
378
655
570
647
355
797
527
721
393
51
637
614
733
192
181
79
827
495
361
727
499
669
9
563
805
421
110
827
817
802
227
333
621
424
457
575
205
733
324
560
1
148
284
282
676
395
795
808
465
550
428
756
106
402
78
532
420
427
288
363
132
505
537
473
246
253
665
497
353
436
69
122
776
26
537
500
19
826
614
376
686
123
659
341
72
401
212
42
536
692
386
390
132
189
316
344
695
305
725
602
36
810
700
322
430
19
719
160
458
340
185
589
819
15
668
87
591
699
340
468
535
240
118
695
601
661
342
420
667
707
802
346
289
749
34
324
625
686
509
362
243
446
269
771
305
47
327
498
510
263
750
586
539
342
722
425
300
340
661
51
314
510
241
101
788
375
74
652
636
503
783
115
350
724
33
762
521
137
424
706
34
291
374
703
742
503
221
407
154
416
335
553
457
715
815
358
366
656
408
741
116
275
15
808
245
283
507
584
211
406
86
219
714
187
551
344
128
419
595
210
155
754
525
60
787
386
820
547
373
559
380
583
782
782
203
537
341
290
34
427
709
71
408
211
821
585
692
365
75
235
553
786
147
363
123
808
774
398
519
269
467
223
438
333
69
718
345
432
367
367
349
377
614
660
753
562
562
278
799
757
430
106
524
626
321
191
388
595
443
821
130
229
549
284
180
609
386
72
373
414
607
789
819
400
677
225
725
261
475
339
520
48
614
609
566
601
624
198
814
187
637
398
11
224
715
210
374
510
765
564
10
409
794
58
521
176
524
561
479
441
439
448
720
332
363
651
362
286
49
407
77
224
520
421
431
591
65
569
469
439
554
444
81
163
17
518
624
252
781
337
740
392
744
17
337
826
40
221
303
373
463
184
668
657
141
331
766
419
497
476
256
126
658
648
650
102
147
775
631
454
807
307
516
311
480
153
378
243
119
657
39
486
724
95
263
774
237
619
314
433
323
676
768
741
3
542
2
802
179
229
66
225
741
812
475
227
319
512
343
140
752
680
802
780
421
127
251
322
86
116
509
456
48
522
814
742
815
354
481
41
145
356
304
169
80
723
725
672
793
426
179
809
62
224
8
544
291
556
286
814
141
695
692
525
819
449
108
464
436
225
487
306
249
609
521
830
507
711
454
26
472
685
753
602
322
216
619
388
164
194
567
659
250
537
519
59
615
500
673
136
160
443
83
359
510
260
788
281
766
409
799
39
653
440
697
192
86
477
341
752
71
257
730
343
334
297
787
172
570
412
176
260
572
89
499
456
678
297
90
370
743
114
88
728
226
14
664
166
467
363
209
566
341
225
273
187
393
548
359
675
28
77
724
306
344
665
569
361
616
786
72
178
348
640
180
284
292
505
678
625
696
289
78
136
694
737
7
85
6
143
692
221
708
769
419
410
477
350
478
206
77
558
743
830
138
186
194
817
396
664
139
710
684
556
337
134
150
88
577
551
127
296
218
814
571
344
308
236
814
324
723
689
106
792
267
578
540
152
68
315
241
523
27
233
305
564
666
484
611
186
659
790
634
556
544
796
334
546
112
709
195
427
615
693
92
93
335
325
176
184
737
86
34
630
157
798
809
243
722
710
740
690
426
631
692
422
388
758
137
808
495
793
122
60
378
426
720
290
93
273
755
313
507
609
552
338
712
401
296
689
363
478
548
542
488
158
601
566
197
325
764
533
345
482
762
98
510
305
241
609
289
679
491
69
171
265
689
329
355
210
650
323
150
617
433
625
238
157
780
463
334
644
713
98
360
438
782
591
472
800
514
372
726
459
259
565
397
608
818
529
122
78
316
143
170
682
773
476
753
48
580
618
521
150
372
304
192
40
3
790
335
324
797
422
244
782
258
492
555
451
694
518
670
395
729
627
523
646
338
680
188
701
172
733
615
522
749
685
178
196
482
281
196
342
571
654
113
287
89
584
684
122
432
766
158
327
625
288
302
504
756
68
372
711
499
609
92
122
108
759
295
813
209
10
505
487
774
537
783
415
645
343
766
149
585
529
531
807
172
733
770
5
319
31
195
569
533
415
23
778
773
137
626
503
331
55
234
195
266
513
496
602
604
295
52
330
690
21
429
111
732
101
201
823
21
333
191
47
132
765
638
762
332
96
170
76
305
554
750
154
769
740
64
799
27
244
669
19
482
596
290
369
616
299
675
292
50
824
753
46
502
233
29
502
807
167
415
148
192
530
13
56
687
50
535
174
718
822
264
608
328
628
5
304
693
349
309
4
166
168
378
195
778
795
756
93
825
35
718
452
540
93
680
525
462
634
491
24
346
761
395
486
687
789
13
579
613
74
157
551
590
234
39
132
239
348
104
154
496
656
584
533
457
512
612
701
247
117
461
736
267
713
362
312
654
817
630
518
287
439
54
765
663
471
179
768
596
758
416
612
775
68
778
765
533
459
331
406
204
78
32
169
321
7
642
235
329
223
446
23
25
430
529
302
316
175
474
378
795
264
162
175
13
177
156
187
194
35
459
542
45
264
507
808
206
293
611
737
437
665
473
415
250
400
88
710
147
757
637
539
780
457
737
159
395
553
613
573
562
314
84
403
239
48
245
424
266
96
313
374
611
637
640
121
736
504
373
275
666
538
642
254
49
734
59
516
354
312
818
69
310
687
279
420
359
298
261
521
137
82
5
208
314
620
386
456
714
239
469
762
784
205
305
170
716
83
107
527
575
730
521
726
25
809
297
66
113
353
800
584
804
346
152
220
174
213
449
27
61
746
192
251
234
523
773
327
382
696
763
343
214
457
494
217
387
411
449
448
270
199
518
501
533
645
296
656
368
102
643
177
180
567
446
588
25
595
797
625
794
84
742
819
818
824
661
493
90
701
647
644
374
418
91
44
309
371
685
718
789
607
112
702
281
391
89
720
420
573
326
421
120
252
285
141
452
658
300
371
308
38
27
736
572
238
627
778
368
243
531
814
604
210
1
294
253
568
333
346
469
351
714
697
352
584
190
480
477
670
91
792
213
650
173
370
250
280
348
460
667
500
126
209
46
264
645
247
29
53
575
605
778
451
209
401
519
482
568
46
87
610
729
616
639
625
505
182
754
192
770
512
180
591
822
218
558
207
267
224
411
565
291
443
71
410
446
10
105
197
668
694
46
688
89
463
755
323
333
671
111
218
752
314
567
148
822
689
116
249
347
517
232
676
8
700
802
157
621
31
818
677
375
775
475
182
758
16
517
648
593
330
172
368
436
424
304
269
526
465
453
827
159
389
90
229
535
406
477
185
289
394
193
404
165
254
370
720
20
544
763
726
589
189
304
176
746
377
385
358
796
672
479
687
116
96
622
124
323
530
36
17
168
471
830
570
120
678
27
592
460
497
239
72
236
758
562
687
259
139
621
190
20
631
503
527
484
494
432
337
636
735
722
101
646
66
333
179
277
688
652
597
208
51
818
23
775
814
549
315
781
633
257
280
339
563
517
779
604
751
428
458
195
379
818
794
653
751
679
144
800
445
20
414
565
96
583
380
579
314
531
777
654
555
106
200
664
541
454
614
732
184
659
457
809
306
714
761
114
542
830
566
55
138
353
165
172
215
261
460
525
106
130
143
74
480
511
548
792
295
573
454
307
702
750
712
48
737
558
490
99
81
145
114
220
248
6
378
204
480
798
483
54
819
472
138
211
755
211
696
431
144
524
95
458
6
811
271
448
92
522
289
768
173
595
584
533
21
431
439
102
616
319
487
478
149
455
659
38
729
474
87
241
753
759
274
554
454
824
182
435
826
155
620
422
461
16
48
603
337
734
702
746
761
300
794
20
1
478
603
716
346
60
755
588
618
91
244
719
326
287
338
672
282
482
450
11
619
639
492
590
814
695
41
703
776
696
349
434
537
690
228
308
146
12
596
139
770
125
567
691
194
342
443
759
190
606
313
301
615
151
113
544
109
345
512
152
145
185
129
426
571
198
506
224
578
143
67
239
434
446
363
155
443
683
115
670
466
602
743
462
585
455
403
503
377
367
54
157
740
426
56
152
4
809
395
122
535
230
220
32
401
443
767
390
786
455
252
546
557
773
745
817
506
197
453
583
55
525
643
677
695
773
727
186
233
87
717
234
2
604
216
624
730
673
614
210
296
501
278
599
264
731
205
184
183
437
335
509
364
536
551
263
823
535
572
539
96
170
187
56
15
525
544
616
190
824
463
30
305
674
415
347
55
258
466
500
298
605
299
777
81
814
766
813
721
691
528
429
141
825
178
6
604
374
688
12
262
722
451
274
125
634
508
260
772
463
53
46
289
594
791
534
578
151
479
704
701
464
351
78
350
199
592
266
462
150
246
41
555
734
704
97
294
734
816
802
760
519
379
215
600
220
24
811
664
158
273
92
705
429
650
319
543
769
438
517
771
37
468
619
490
456
766
721
732
737
412
480
450
11
256
477
685
752
437
455
299
413
366
556
688
775
493
154
24
682
679
468
122
322
415
471
698
611
641
35
199
390
190
147
110
242
656
717
524
330
424
442
271
726
459
588
510
408
802
745
790
824
676
599
766
334
791
186
147
226
757
371
232
91
727
302
723
182
323
101
406
585
75
376
730
818
768
808
515
442
683
291
50
241
356
490
403
176
510
61
646
560
554
345
455
720
568
632
380
583
722
309
16
391
481
595
327
112
599
289
708
685
547
651
783
254
466
655
322
321
181
110
682
196
189
200
621
743
311
463
410
259
131
358
332
410
603
552
308
351
555
554
513
67
797
580
591
760
45
492
584
241
364
362
708
503
735
296
471
64
720
691
238
5
127
229
390
387
7
297
249
788
179
517
112
623
712
562
696
450
46
121
419
759
123
420
672
277
778
319
10
623
2
115
713
82
250
23
91
125
93
206
462
501
620
564
781
529
551
542
402
301
584
89
423
764
159
428
762
232
237
526
288
759
211
193
717
639
767
314
612
453
622
765
675
648
109
43
656
664
508
686
169
559
33
99
555
621
281
718
368
745
225
137
670
44
247
528
494
697
26
401
393
266
565
471
562
128
367
28
764
293
301
452
570
5
208
586
213
109
565
195
516
355
40
323
194
602
116
183
811
204
813
405
101
70
418
524
416
171
828
622
211
389
48
19
807
184
22
441
575
220
760
669
429
544
172
402
574
399
527
454
743
139
129
182
672
216
188
98
424
567
400
305
620
725
619
725
499
328
311
175
603
307
523
261
438
79
282
512
156
826
734
653
271
469
61
539
340
187
777
809
495
78
660
14
702
520
307
75
320
658
827
681
815
544
137
184
711
343
318
66
207
746
414
71
155
581
199
374
525
630
382
24
717
723
416
447
776
700
570
339
387
602
644
746
308
211
650
826
412
483
396
171
29
191
243
192
254
771
549
490
207
467
225
500
603
585
604
514
516
339
386
120
294
222
708
337
352
153
296
373
8
470
121
680
240
25
580
230
780
321
68
306
15
627
60
725
622
756
117
450
554
471
317
299
80
752
81
305
340
548
591
175
499
341
433
230
490
313
547
542
810
38
388
830
127
601
818
105
81
775
259
210
707
139
23
90
756
473
360
678
555
165
514
736
253
336
236
69
195
422
256
166
351
612
70
640
572
667
68
9
809
643
24
697
726
30
295
794
386
564
670
240
826
829
369
147
390
691
330
88
769
750
536
282
651
232
275
82
814
821
272
606
435
761
266
332
575
620
37
780
49
293
102
390
391
217
759
479
593
825
370
629
617
722
490
730
467
391
662
309
338
177
119
546
337
224
94
72
82
578
704
687
530
506
146
113
291
225
446
90
471
681
759
66
536
339
283
715
265
368
474
276
108
809
361
803
550
459
678
476
296
57
559
140
256
539
379
668
576
425
630
263
790
488
728
685
564
53
679
9
56
238
514
369
633
117
381
824
287
579
126
781
686
727
595
269
272
42
641
253
409
207
441
177
750
527
44
345
482
292
452
794
727
687
545
234
198
189
828
547
290
190
348
573
607
452
760
390
123
592
687
802
316
135
559
697
105
677
523
722
115
362
270
138
308
414
570
535
493
312
747
695
826
255
194
320
191
111
812
633
207
434
614
345
558
566
721
382
148
156
304
380
268
33
369
565
288
805
396
440
656
313
122
185
7
61
796
665
195
695
318
246
668
23
716
1
171
393
652
96
630
541
75
531
136
342
270
717
204
256
253
675
560
215
296
238
115
739
125
175
527
505
782
569
688
298
619
826
150
219
500
441
638
483
768
438
354
577
69
611
226
107
97
221
793
791
484
760
553
485
767
302
723
133
479
85
822
232
694
174
234
83
423
73
324
120
114
382
14
320
199
482
125
295
90
804
725
277
537
216
22
239
277
786
684
123
521
445
365
411
625
429
460
113
75
805
126
764
808
134
561
195
283
660
510
581
619
681
761
679
534
537
153
277
463
583
774
227
477
236
259
652
12
669
171
342
489
42
161
737
824
639
231
496
172
499
323
618
187
498
73
141
97
594
36
506
394
14
479
703
155
610
261
20
341
646
702
483
657
728
40
176
490
331
709
56
807
686
435
304
373
622
179
22
324
792
532
785
339
82
767
155
656
1
498
146
36
578
20
28
417
508
140
475
262
154
631
26
310
250
155
659
671
749
96
91
727
645
626
608
220
104
750
757
154
502
661
345
519
188
519
151
163
324
112
521
703
801
353
502
98
650
331
497
179
184
274
384
19
766
730
473
335
711
632
226
625
143
486
774
732
189
162
236
413
137
209
650
573
676
530
194
823
373
142
2
140
725
25
45
550
53
483
745
416
828
323
424
198
308
543
684
672
10
817
557
811
789
399
806
662
146
636
425
695
650
668
554
794
171
785
410
482
79
754
180
334
406
653
15
790
637
151
172
643
388
645
783
228
614
650
395
231
260
547
208
593
670
189
327
157
54
20
157
818
401
157
562
96
501
173
25
109
7
422
808
170
477
720
420
306
743
281
516
649
195
77
565
75
826
458
203
655
412
213
72
5
347
289
619
545
350
807
346
375
154
110
182
550
407
758
253
729
741
142
396
365
161
676
657
659
297
295
349
517
407
570
573
744
25
796
14
466
694
550
67
637
188
359
814
33
226
92
7
178
56
696
443
514
486
51
811
368
739
264
419
154
741
473
430
639
769
283
822
69
250
691
136
828
89
782
304
761
94
359
770
679
723
607
614
592
548
688
132
822
707
539
388
634
558
533
658
142
346
640
161
407
199
591
695
633
48
29
752
726
571
393
263
658
418
340
635
617
604
322
249
349
241
172
202
681
632
702
721
195
213
412
38
730
129
309
226
536
593
315
690
698
384
624
229
631
552
244
541
27
3
333
718
711
585
736
132
545
799
641
535
532
242
635
724
554
66
619
508
327
504
828
574
453
357
620
711
80
825
451
763
40
193
767
720
19
143
325
512
776
696
438
111
353
402
285
36
4
115
688
658
600
429
651
574
26
29
267
609
521
602
492
669
724
395
603
229
375
457
314
535
102
427
472
274
11
743
817
642
459
646
239
693
242
122
595
740
380
152
186
502
578
830
811
184
555
149
569
274
551
92
361
64
573
560
814
539
149
21
87
293
144
721
293
363
107
700
350
383
707
705
780
765
595
455
208
569
736
789
740
82
4
7
734
676
413
699
387
599
436
568
287
396
520
352
136
334
477
754
735
807
770
378
130
428
451
257
496
383
811
633
440
756
91
360
227
478
123
782
43
633
59
325
560
242
179
21
590
725
639
619
476
236
479
605
241
132
112
89
646
101
610
742
338
674
386
745
775
67
442
13
325
586
346
390
724
91
633
296
493
36
362
507
537
652
301
330
777
818
513
499
56
383
652
819
550
753
127
696
731
437
388
808
788
121
454
415
544
6
413
743
537
711
44
827
61
784
88
283
222
154
124
108
727
54
828
311
782
133
265
121
739
510
562
70
567
331
610
689
217
521
729
608
1
347
353
308
75
426
520
386
595
258
238
425
209
515
821
515
71
563
192
61
452
797
459
41
312
99
36
100
498
35
644
492
553
135
110
341
751
252
653
517
659
695
665
292
144
138
480
290
727
272
1
71
338
661
744
608
363
79
176
120
735
311
398
810
31
332
356
458
442
349
256
830
9
621
585
740
758
205
730
128
110
377
687
400
202
222
659
121
195
24
351
535
543
559
212
523
557
545
752
698
709
736
262
421
287
180
587
576
363
127
823
554
562
106
418
181
502
102
756
760
163
38
14
295
44
525
543
106
426
381
790
387
679
698
354
113
757
728
200
292
748
422
653
395
104
165
51
153
694
472
685
515
787
724
214
247
391
280
683
708
511
161
376
357
546
62
383
388
161
486
498
411
417
118
303
474
348
141
298
748
98
768
714
553
42
729
88
248
622
79
747
541
767
412
252
380
710
724
31
146
810
437
802
611
717
582
599
618
282
323
573
759
360
74
553
658
254
670
103
228
165
203
746
436
262
594
199
495
394
767
673
73
109
95
141
527
323
287
439
251
606
622
374
217
380
555
3
574
568
805
142
822
802
146
493
80
138
247
117
512
711
55
377
190
444
370
1
36
485
616
558
449
86
689
555
406
468
203
280
666
457
266
444
810
424
180
415
488
47
268
16
165
179
222
151
369
87
737
783
477
332
115
398
494
346
278
482
141
387
701
728
409
492
663
329
64
266
592
415
72
19
528
529
645
625
419
621
755
48
84
238
654
805
154
275
120
181
455
804
208
92
329
546
726
822
416
97
722
466
804
505
774
755
495
525
700
222
44
399
5
598
621
46
58
423
463
410
246
722
521
469
75
586
825
402
419
194
85
243
179
625
559
34
147
556
665
297
736
330
368
742
239
172
612
206
400
574
184
649
447
127
159
586
262
235
407
711
755
355
511
730
480
369
691
29
108
148
570
192
625
760
830
200
466
32
447
439
811
824
436
153
512
121
6
678
501
714
543
177
480
157
584
327
447
728
511
226
685
606
488
688
401
62
31
472
790
829
468
661
16
245
649
569
210
382
825
730
53
414
288
239
660
341
357
680
712
706
545
10
78
203
657
540
262
674
184
514
827
86
735
138
717
26
385
237
824
323
630
590
456
355
791
203
672
110
119
305
695
53
557
426
358
544
453
771
252
535
561
129
806
110
172
640
228
797
271
57
105
603
494
729
679
662
612
269
168
733
146
478
207
45
310
636
643
683
641
777
156
114
232
634
430
766
467
210
240
671
732
374
228
483
639
766
574
75
45
389
319
120
681
600
829
409
801
654
286
269
356
698
775
615
624
387
583
444
351
498
766
473
425
190
506
145
552
648
762
621
395
111
35
542
751
519
631
537
443
29
772
1
61
520
518
216
549
51
290
212
388
80
359
686
25
508
249
4
64
182
119
616
644
155
264
186
163
759
4
158
300
167
508
274
320
334
706
406
220
337
725
120
203
472
279
482
468
96
734
177
88
300
783
329
120
619
623
558
267
184
299
547
739
416
51
529
581
159
572
581
25
183
474
525
687
388
742
419
384
67
497
445
475
218
696
278
486
801
808
346
600
56
650
563
72
291
538
619
425
245
804
461
825
475
731
405
465
559
151
720
34
729
309
567
270
747
542
818
29
777
411
442
162
347
380
770
52
764
267
649
329
483
701
335
725
585
781
514
732
23
375
258
474
279
147
296
80
676
281
395
601
465
369
607
224
653
337
565
613
70
413
146
539
226
570
257
486
83
607
641
93
781
583
599
210
794
370
343
288
716
742
131
754
548
171
631
211
568
514
380
641
728
141
343
361
501
754
103
321
800
435
521
627
659
295
485
642
794
267
123
128
27
814
644
437
296
804
306
425
567
537
215
343
154
287
285
403
525
592
607
113
314
251
681
249
291
83
439
70
656
284
708
818
165
744
526
439
207
528
152
556
373
312
44
685
332
496
543
812
557
785
599
678
642
307
354
398
598
570
27
571
386
201
125
13
458
801
406
523
231
357
625
7
294
803
327
675
115
546
432
217
637
444
286
441
420
507
727
770
121
431
399
31
202
287
757
16
312
487
153
53
825
298
473
189
772
478
88
489
512
316
300
676
519
244
430
126
9
335
622
768
224
86
197
680
698
194
245
15
616
580
549
206
180
211
430
398
799
603
751
373
696
33
782
782
658
726
788
302
497
739
162
103
342
608
419
396
718
210
395
327
165
121
766
687
741
732
213
549
359
239
589
86
699
477
615
535
156
140
769
427
101
177
818
585
252
140
773
567
82
822
520
342
632
85
8
176
323
121
209
520
313
369
608
659
560
242
168
594
337
420
804
293
761
625
349
467
652
651
189
467
258
604
137
229
468
791
589
741
443
33
595
41
698
771
283
715
242
511
577
301
447
504
181
760
5
471
639
179
793
115
34
693
103
776
99
108
421
97
550
679
633
729
138
547
686
550
615
286
332
358
716
203
434
74
103
455
215
740
548
648
440
754
123
635
534
537
648
322
695
462
526
197
815
770
181
363
438
742
734
620
443
640
235
724
378
207
348
636
709
396
145
702
602
285
651
394
565
160
3
200
771
190
70
147
63
795
651
642
610
608
362
536
474
574
514
226
296
396
506
265
614
18
239
21
649
467
234
411
439
826
169
180
347
478
73
434
643
705
117
453
364
270
566
501
16
359
448
166
149
803
591
366
740
33
135
481
266
808
754
5
800
200
566
319
630
87
87
453
583
501
137
320
26
276
441
714
560
98
671
236
92
745
705
300
114
682
192
207
255
71
281
507
130
642
718
126
177
125
347
77
184
369
384
517
776
303
578
486
400
698
593
775
566
395
556
405
189
243
614
650
401
461
580
570
57
389
264
330
548
754
312
525
287
819
495
520
759
588
678
664
559
212
475
581
87
477
750
340
702
542
776
769
642
505
516
321
761
270
477
199
104
185
803
550
502
641
513
393
729
566
373
298
619
398
66
304
30
808
148
125
502
698
789
45
682
370
571
163
575
386
4
98
103
3
571
540
331
182
305
562
167
775
718
274
355
244
617
244
24
76
529
2
356
371
792
421
413
552
20
619
4
682
673
423
353
546
695
464
215
676
386
647
820
681
506
289
181
560
786
423
518
59
565
504
785
464
272
310
6
718
187
774
342
245
389
515
785
540
723
517
573
387
610
751
69
562
373
101
812
765
2
647
543
349
722
788
477
342
245
751
503
407
616
825
798
373
433
669
468
272
45
725
786
607
449
315
370
386
479
218
781
468
165
264
416
357
70
765
281
81
364
185
460
168
256
760
70
120
432
418
724
663
721
497
371
138
20
547
405
185
479
329
66
614
54
807
38
710
784
170
416
190
224
731
470
320
754
821
790
51
560
69
190
692
485
473
751
229
679
273
533
260
522
117
189
60
244
20
747
18
622
743
181
361
590
491
360
70
657
423
203
698
463
495
790
511
135
295
428
205
46
681
560
426
43
822
341
739
366
45
682
398
417
697
670
731
79
539
496
575
542
463
611
375
506
512
268
553
731
475
769
413
478
211
420
600
791
407
177
57
148
263
306
252
789
165
817
649
295
264
630
347
424
492
190
284
644
688
178
215
660
222
680
605
567
454
81
454
569
820
47
459
562
647
374
369
771
67
576
259
44
534
777
751
667
282
759
627
126
88
589
740
375
286
569
89
648
525
613
604
600
410
180
523
401
491
397
582
747
226
617
529
784
147
502
183
343
691
41
801
453
15
527
591
593
169
373
758
607
197
506
734
138
362
722
311
658
750
507
37
134
32
210
628
64
704
48
287
679
9
751
436
274
258
110
76
531
34
818
297
240
120
643
789
191
558
627
767
655
181
827
816
738
593
128
275
407
477
319
243
245
637
484
617
524
235
665
225
122
177
438
447
182
814
9
610
580
719
161
360
736
208
463
197
605
258
150
598
72
561
744
231
90
348
264
795
55
253
618
36
494
563
58
127
730
777
490
829
398
191
455
34
787
217
728
507
32
344
308
530
423
569
22
224
504
472
65
143
566
601
28
435
518
650
492
156
246
761
803
775
714
679
548
424
574
51
509
185
465
665
565
626
304
139
612
404
545
507
49
605
751
649
514
422
588
713
69
703
188
431
734
135
415
727
73
337
128
434
8
358
591
516
79
706
707
80
88
75
297
191
367
549
46
626
694
741
527
229
6
611
701
486
225
696
625
724
483
638
103
503
27
702
757
170
180
24
407
757
561
448
646
368
2
547
150
308
634
166
560
421
165
357
126
377
671
188
249
219
572
669
678
2
687
695
613
391
316
279
520
748
545
164
467
63
249
462
641
77
682
309
121
449
804
477
102
115
300
563
90
736
484
573
526
12
200
248
731
61
33
215
415
711
171
192
346
77
785
36
80
517
379
240
466
553
32
394
87
408
445
695
428
505
814
186
106
656
499
473
89
390
321
556
111
33
454
753
336
644
245
707
681
650
83
549
140
296
38
217
781
210
660
508
448
69
520
697
618
157
489
427
158
273
156
435
670
820
335
218
568
32
484
297
640
75
691
68
579
776
224
199
230
682
349
353
524
522
379
772
725
107
386
707
36
345
119
730
579
655
625
565
542
830
22
602
142
340
573
245
719
779
725
212
362
821
789
527
132
1
760
158
467
153
432
363
455
161
615
343
1
505
423
785
499
444
199
672
465
139
417
757
420
447
759
99
362
754
90
609
318
164
824
278
683
497
111
821
738
231
138
131
416
640
160
4
504
181
315
387
174
468
77
783
235
580
25
758
368
397
630
181
212
459
584
651
647
109
377
99
597
320
299
82
825
688
348
789
64
198
826
71
698
47
313
117
646
223
802
572
650
212
40
644
309
49
296
346
735
118
24
144
300
695
704
715
127
709
105
341
423
607
623
21
695
775
358
827
118
213
732
711
700
473
285
550
724
106
435
171
442
804
657
668
614
22
239
36
19
15
488
274
223
19
459
566
344
542
474
460
697
324
194
549
265
474
745
213
468
371
205
373
401
576
718
495
408
41
719
306
558
202
360
796
727
573
359
156
809
645
136
329
808
492
81
248
46
478
590
340
318
739
636
140
521
775
466
602
766
662
448
128
771
394
405
774
88
304
85
22
57
757
759
70
655
396
535
415
505
713
508
686
571
122
454
634
668
485
386
307
750
182
28
678
522
566
356
122
799
278
791
59
654
607
479
403
788
395
192
452
684
472
545
85
213
231
425
490
234
667
350
560
382
667
748
795
793
535
648
385
354
533
762
491
486
750
337
394
794
547
459
735
253
341
453
653
404
747
135
697
553
69
107
168
483
13
13
498
791
326
308
432
108
230
171
803
561
432
39
458
317
251
453
163
232
556
699
249
673
509
353
5
5
520
44
655
121
527
486
505
204
761
782
587
114
79
820
407
522
612
505
480
574
680
134
388
532
177
79
513
308
210
359
597
533
19
440
633
407
473
452
612
5
731
534
521
664
507
299
632
489
377
389
236
191
451
95
622
215
373
328
691
375
526
287
826
463
329
687
794
472
534
232
287
730
795
118
618
513
505
332
512
224
677
199
495
167
274
191
492
27
647
438
112
401
756
120
625
428
744
491
239
261
599
793
764
270
451
191
1
203
606
825
700
165
571
607
757
115
148
382
563
675
27
397
10
724
106
312
307
342
534
174
66
180
472
456
706
586
114
247
345
712
163
725
223
178
277
699
241
718
474
509
148
649
727
608
119
340
270
577
648
667
767
522
787
204
545
13
695
373
43
366
559
306
388
595
528
207
116
438
341
742
795
133
649
7
276
401
823
705
801
199
621
716
182
397
332
216
465
27
295
503
705
296
780
670
689
207
462
467
486
111
698
452
648
234
532
198
668
311
785
623
223
760
699
654
558
369
532
137
62
662
357
50
707
525
304
460
768
132
608
345
707
446
566
785
354
779
502
128
179
189
336
331
421
112
363
293
444
473
651
223
583
773
391
609
233
198
799
558
541
814
377
144
566
166
467
610
404
431
477
792
462
810
609
303
340
759
117
558
652
141
752
639
405
617
706
168
501
393
786
380
624
796
313
647
57
12
376
318
293
52
281
555
486
390
592
497
203
154
478
236
702
704
118
562
668
579
95
471
16
178
194
676
34
166
136
556
448
53
410
421
28
715
773
115
734
293
386
825
593
827
807
139
29
763
644
164
698
591
117
684
60
108
244
824
632
340
773
52
679
460
384
76
362
487
359
654
658
38
604
549
291
760
713
608
575
777
357
188
360
125
165
547
76
572
567
634
227
352
493
250
231
695
443
408
59
706
771
690
538
633
445
256
307
664
653
58
393
250
745
694
829
751
236
624
682
126
2
814
820
83
25
163
804
148
374
459
69
415
481
248
688
778
435
480
623
316
585
4
19
19
696
737
579
90
77
320
681
523
302
166
61
367
670
142
707
220
699
161
413
819
192
491
686
570
634
142
721
183
473
311
507
82
598
376
774
544
469
639
49
649
491
411
666
105
719
496
223
795
312
527
807
607
23
134
495
81
116
524
490
470
240
640
190
815
336
593
427
624
38
90
722
560
151
109
376
590
623
1
825
606
394
188
752
5
88
480
251
704
270
293
240
335
479
324
70
620
39
103
406
739
444
618
476
330
160
482
80
390
591
505
576
228
307
763
460
744
661
604
494
137
618
294
487
530
283
395
769
700
79
660
603
330
329
442
258
392
478
271
427
474
617
710
825
692
281
271
102
650
575
335
731
112
179
238
329
412
69
368
81
768
57
530
760
787
451
65
309
488
603
404
530
534
569
809
699
206
663
74
743
704
482
110
359
749
408
776
126
719
316
40
812
408
97
617
818
437
313
716
597
584
762
525
270
321
10
767
212
811
133
271
533
61
788
740
322
700
187
684
197
244
657
22
513
693
151
336
804
32
733
251
25
106
824
500
366
293
681
447
334
160
331
685
816
696
71
392
755
184
474
104
398
522
231
144
76
103
829
259
265
189
199
649
193
112
637
196
607
413
242
134
433
390
165
72
141
398
272
640
709
54
396
442
732
638
727
162
428
582
251
707
50
11
2
514
697
678
467
221
335
336
373
549
52
583
76
740
37
807
817
214
421
608
389
396
409
717
150
76
117
817
279
745
147
693
300
199
610
109
664
52
374
71
813
667
391
274
435
599
4
215
15
757
800
327
728
98
697
797
827
758
802
142
257
286
333
29
666
124
74
4
633
65
108
256
96
172
500
798
378
594
462
564
807
381
250
603
587
19
766
528
574
200
829
146
677
783
83
787
138
259
362
105
222
752
130
222
148
506
335
777
402
593
94
551
790
362
695
603
416
669
472
343
459
221
123
51
826
303
768
779
19
130
102
355
117
248
686
79
807
338
587
305
396
729
211
606
13
503
49
230
129
51
232
606
319
462
135
620
140
410
264
475
556
127
399
166
534
781
687
83
541
533
375
680
474
324
713
270
731
33
349
439
677
659
377
419
533
538
463
667
696
122
404
829
537
805
162
522
804
737
533
754
209
465
431
419
821
645
805
233
709
735
271
686
232
125
599
426
401
524
786
160
338
167
566
807
459
397
748
698
619
716
38
706
399
548
188
823
328
182
87
127
189
456
716
146
205
168
419
799
218
435
250
711
478
38
196
165
136
767
829
276
675
821
50
722
447
639
256
566
24
695
78
716
780
600
80
711
661
272
210
809
340
10
662
761
558
585
205
274
205
478
480
654
230
394
826
759
205
406
138
336
43
298
341
242
665
524
510
563
129
577
358
234
789
463
115
560
685
237
315
107
83
194
793
104
630
78
146
826
632
361
71
411
540
438
170
50
651
290
489
89
297
602
802
179
664
589
138
783
778
590
619
580
457
201
52
441
434
443
146
517
575
796
744
464
4
163
127
779
585
676
709
299
195
729
562
107
48
365
457
555
481
270
596
497
208
169
498
350
466
322
794
830
239
81
561
276
190
778
466
807
512
327
578
796
267
796
744
675
53
473
580
719
314
74
491
652
795
743
394
545
258
199
220
143
27
262
128
210
516
188
729
811
307
485
160
568
102
278
143
511
196
123
568
399
330
532
296
522
665
507
626
647
278
410
229
821
318
695
5
137
317
21
368
481
201
549
676
89
767
301
350
505
722
300
801
735
375
580
97
723
66
271
11
448
398
725
304
602
91
350
653
284
703
429
687
152
752
234
383
827
312
439
152
183
748
69
416
263
399
524
290
20
658
605
160
469
457
674
785
293
649
105
257
432
745
712
604
450
168
142
65
681
244
80
369
68
501
345
640
494
547
72
447
565
383
582
324
222
536
81
50
292
232
655
544
665
11
124
403
825
87
738
103
383
759
102
758
85
299
489
343
608
736
636
237
181
381
191
48
345
645
159
733
81
249
554
21
748
736
713
238
382
323
585
64
48
444
128
553
150
550
672
478
84
113
811
7
704
651
287
654
148
632
731
603
2
439
809
191
393
558
575
261
29
543
502
600
189
198
45
602
526
516
51
129
741
705
478
520
428
409
302
768
574
55
43
36
710
730
645
574
485
830
680
380
371
801
86
803
214
567
805
8
149
368
21
811
107
162
237
502
8
71
428
185
360
295
308
286
619
475
69
349
711
593
344
774
691
330
766
126
526
273
726
180
341
594
39
721
149
206
775
616
387
99
168
168
525
357
250
246
402
213
590
433
94
107
809
632
467
414
647
221
750
737
771
148
804
505
188
182
711
17
22
784
134
173
58
41
22
524
494
593
63
358
313
471
256
278
711
827
62
141
224
317
189
390
335
9
369
153
14
544
28
360
477
144
688
199
43
599
556
484
502
670
169
800
498
443
603
415
31
404
529
636
317
720
68
29
750
784
522
288
576
287
403
354
547
484
227
631
732
206
610
287
27
830
770
381
674
191
643
189
201
580
406
261
272
583
683
376
177
625
11
824
356
668
133
91
660
256
350
637
445
274
87
87
751
354
457
273
553
112
274
356
745
351
274
65
510
421
63
375
522
41
598
571
820
213
245
621
828
224
388
443
445
147
202
615
730
597
594
387
126
172
32
771
39
276
104
688
234
616
411
773
365
612
313
702
456
17
829
633
525
631
177
364
55
564
367
485
465
412
794
175
55
787
612
356
278
632
720
192
213
144
553
815
114
168
196
550
806
486
143
278
15
391
706
814
469
391
449
303
136
42
11
192
85
344
106
627
91
569
188
632
475
636
428
372
253
701
205
365
142
764
435
810
450
674
443
466
726
232
21
287
3
140
660
83
307
115
645
540
220
16
373
339
746
697
689
394
297
623
235
812
734
161
723
577
807
783
545
734
19
719
251
61
208
599
739
231
391
683
749
437
581
167
546
791
442
95
118
92
483
396
244
413
260
337
440
373
539
741
468
555
559
533
663
17
568
225
549
603
823
101
516
24
465
72
64
678
419
690
284
598
699
437
466
648
536
644
557
776
91
430
269
776
326
108
248
563
154
68
708
773
311
421
441
758
199
172
200
711
773
710
134
745
402
2
668
483
804
634
105
810
288
654
538
27
128
71
627
740
141
730
441
27
568
606
354
387
448
588
786
808
137
684
789
177
306
830
573
653
133
137
217
79
517
125
822
706
209
235
502
783
187
738
310
217
647
502
439
57
587
539
509
142
94
807
513
258
43
419
616
698
608
197
639
341
343
95
709
684
494
454
724
62
151
32
47
93
280
749
220
725
295
254
290
604
123
206
248
727
541
241
65
381
714
493
542
654
630
195
102
269
30
287
772
64
777
35
19
614
768
145
10
348
276
773
401
606
764
95
224
188
99
356
530
543
185
98
430
235
97
623
608
626
172
703
248
178
174
666
694
51
765
589
649
212
705
201
226
258
114
29
353
19
422
544
27
500
262
602
427
726
88
393
33
310
583
308
817
90
35
203
351
246
19
154
581
693
688
643
398
674
668
479
440
652
379
265
232
382
29
498
415
187
114
646
18
233
204
108
521
130
442
120
227
9
654
418
410
755
217
664
439
696
305
372
98
502
752
215
248
69
395
784
678
566
510
48
130
529
215
192
466
536
296
243
408
412
755
333
624
607
98
332
180
493
505
368
565
338
626
188
729
403
441
793
806
454
470
717
459
138
550
200
107
190
54
432
646
95
175
286
141
730
163
377
2
512
445
492
352
701
50
569
100
63
459
434
445
658
813
183
164
328
294
475
175
383
558
793
430
397
644
613
18
666
704
20
799
482
492
369
40
30
459
138
1
559
696
338
809
30
57
448
791
670
430
58
394
643
334
13
668
760
153
422
815
176
3
200
310
449
68
645
316
721
19
307
678
620
434
817
746
724
744
100
187
729
64
521
596
115
506
713
508
475
110
365
66
559
160
1
760
758
646
342
98
519
780
294
678
647
307
256
4
39
592
170
516
556
142
442
72
255
629
125
731
467
756
358
774
639
131
550
355
3
421
378
61
434
258
43
659
570
403
668
217
553
758
711
382
274
673
551
760
282
432
503
652
786
341
660
448
776
425
305
302
807
454
57
508
9
237
277
139
72
663
2
80
186
104
749
458
383
657
528
798
763
754
305
236
377
419
252
49
800
357
774
570
422
91
163
61
262
826
522
194
661
524
418
674
752
371
180
725
623
164
684
3
450
476
472
436
641
266
215
824
318
680
718
203
379
314
241
403
142
251
830
166
798
695
12
680
29
349
694
637
313
335
208
710
59
24
390
648
601
331
113
15
579
26
45
483
369
515
761
571
284
116
338
379
600
409
163
802
9
267
190
565
264
689
3
29
367
675
808
350
454
167
336
636
59
4
176
620
262
193
318
207
184
798
510
237
816
394
674
562
44
263
573
622
633
507
586
228
698
9
387
575
152
736
51
315
374
91
63
16
487
249
198
95
124
316
288
499
516
189
248
532
537
401
445
342
625
149
615
595
16
99
513
5
568
618
94
602
472
760
222
615
107
335
669
42
3
526
241
375
23
472
701
408
281
505
395
398
807
248
40
536
183
681
185
639
114
370
228
108
385
731
205
416
570
530
673
145
653
356
528
588
812
798
478
540
693
360
8
37
203
310
153
492
783
812
663
501
268
263
539
828
304
558
44
178
171
94
354
630
438
393
564
462
147
770
21
510
87
752
52
507
3
563
47
131
58
570
779
42
398
11
64
549
438
144
38
176
10
771
809
514
152
268
667
155
155
674
500
503
509
135
818
693
118
629
19
239
809
39
11
70
112
687
482
10
639
125
376
386
212
561
484
433
86
86
811
614
398
662
449
174
767
495
408
719
298
109
589
808
13
156
503
476
661
453
770
125
122
369
685
156
525
664
96
637
7
64
257
764
562
676
795
653
495
591
454
495
592
3
142
311
601
565
583
627
120
545
162
563
809
256
108
354
172
695
274
559
370
214
748
184
791
432
174
540
415
448
471
462
693
813
326
87
394
322
577
95
691
826
694
431
538
151
331
744
525
169
80
673
120
17
183
70
601
699
309
270
364
646
62
272
339
538
675
127
351
828
109
248
253
771
541
287
409
733
463
567
623
307
477
647
819
625
627
657
208
772
214
166
775
693
227
210
711
319
543
258
443
719
120
530
631
533
797
23
166
428
265
564
442
286
475
293
257
676
518
705
503
134
406
120
806
333
337
701
497
401
599
674
602
228
617
374
203
331
753
68
611
113
617
67
1
303
398
320
392
240
109
600
681
255
348
603
750
787
676
510
143
71
678
600
546
107
449
648
254
567
389
96
720
129
689
644
794
109
205
665
740
752
771
250
561
80
268
535
389
96
545
498
333
617
719
113
258
233
415
515
268
584
133
434
661
145
685
763
281
761
409
343
340
87
331
237
521
400
160
245
444
470
289
349
427
276
320
300
189
500
141
77
90
793
177
419
473
380
629
690
680
98
244
51
145
462
392
198
435
494
336
127
246
541
731
435
281
829
286
724
571
399
255
240
163
198
87
111
774
787
470
742
433
430
476
624
552
205
579
481
488
585
673
518
783
299
381
676
694
103
126
748
631
571
492
356
154
66
338
348
666
133
781
206
797
74
158
540
424
780
157
324
26
390
561
438
605
432
827
605
750
195
84
690
678
823
509
425
37
823
557
332
253
135
696
460
325
703
456
593
695
316
10
381
134
449
311
100
590
326
61
541
809
652
17
48
455
505
205
126
318
36
177
62
790
4
205
160
148
732
397
344
768
795
197
103
670
466
809
520
422
708
725
82
242
19
601
747
805
823
600
545
139
247
318
217
786
604
337
665
337
545
576
734
303
582
192
315
53
760
381
721
423
248
564
767
549
779
617
7
311
699
95
148
523
215
243
510
216
717
390
681
480
507
77
784
54
712
830
707
772
694
124
222
156
612
108
43
734
24
569
728
298
87
775
553
428
808
122
388
17
15
202
240
249
21
699
350
614
570
773
228
772
742
723
442
354
86
91
326
224
486
232
813
205
465
592
313
574
346
163
256
626
497
158
507
660
500
592
304
547
442
224
194
203
545
285
554
555
30
721
140
39
527
257
704
587
758
174
593
284
749
64
427
14
312
475
324
9
553
162
201
480
301
360
203
768
367
331
662
258
118
743
170
424
13
422
188
389
133
783
267
184
797
437
38
84
284
814
681
505
269
440
88
728
240
224
150
416
345
490
704
73
786
64
478
505
496
829
298
351
658
53
297
56
345
514
390
602
119
578
285
586
277
575
56
161
182
89
189
750
353
616
682
212
98
460
819
485
200
630
26
121
660
119
70
554
488
653
713
553
252
54
459
215
294
620
133
647
99
696
538
290
85
747
129
229
431
392
696
715
45
412
710
148
535
267
518
147
407
411
455
657
333
474
157
477
48
442
371
670
404
55
608
299
345
812
117
25
826
601
431
40
13
733
293
93
126
185
657
394
86
304
162
589
269
603
604
84
586
608
238
575
161
65
638
796
480
165
537
642
270
454
413
794
510
33
782
432
762
451
193
626
667
254
492
227
531
181
773
727
106
685
204
669
575
392
88
263
57
136
786
387
272
150
648
751
751
528
696
545
71
828
696
374
428
255
504
809
674
626
784
257
327
345
569
64
806
810
561
15
343
822
241
416
396
593
486
343
228
179
231
439
300
653
236
394
554
425
211
474
285
738
686
150
652
484
646
34
131
699
265
391
296
572
724
161
613
400
584
490
227
150
363
18
717
576
765
434
638
408
101
336
388
554
555
326
449
437
210
622
776
698
494
710
171
533
114
238
830
314
395
442
76
680
420
108
724
108
103
113
483
748
614
348
667
586
342
176
761
610
125
474
234
425
589
425
395
378
132
197
320
25
765
44
658
371
54
205
291
504
455
73
653
248
360
748
741
828
69
506
14
512
95
474
67
396
113
393
148
361
182
599
808
45
825
449
134
505
305
38
412
134
404
102
430
458
372
532
247
155
182
304
521
521
350
382
187
760
568
815
723
460
524
611
450
677
300
697
694
746
190
463
356
690
262
536
27
689
86
120
697
320
204
127
476
748
367
358
430
173
459
691
631
811
773
810
241
590
90
758
150
550
462
776
722
402
690
204
632
81
722
390
667
790
190
726
645
158
780
589
409
383
145
746
522
751
318
400
90
108
49
29
239
403
532
106
507
268
416
787
459
135
589
670
7
535
190
191
25
218
716
152
118
398
723
787
535
619
265
229
293
719
790
538
140
780
749
218
260
245
270
3
702
39
268
797
8
158
413
623
363
18
769
504
307
401
490
797
701
620
603
782
145
256
59
400
474
97
232
454
353
325
69
627
551
717
196
773
202
36
499
478
383
621
427
218
521
553
362
556
419
796
670
291
761
122
772
713
387
310
789
197
412
162
310
11
448
333
97
446
448
97
679
31
542
246
816
509
633
285
818
501
469
44
151
211
319
54
792
217
638
324
304
59
178
40
414
261
559
163
568
70
719
302
783
524
411
708
690
646
708
829
758
515
270
307
151
612
637
257
469
161
660
14
328
660
801
529
650
376
54
209
352
707
118
728
755
41
809
259
592
478
516
516
42
457
340
663
206
53
77
261
526
434
820
412
155
718
591
299
320
812
542
797
380
824
324
433
148
592
446
208
459
682
688
302
696
84
703
154
742
564
248
70
302
428
483
366
617
630
533
513
787
36
780
82
638
485
388
588
50
44
171
45
340
707
4
539
401
582
460
388
781
118
197
252
825
402
185
171
390
618
638
176
369
118
818
434
389
302
190
729
676
536
509
251
13
175
341
616
321
56
203
33
127
291
775
399
707
109
364
507
396
223
752
241
497
15
827
34
602
361
306
749
707
156
732
112
552
209
323
143
789
241
673
396
633
37
618
224
85
486
785
757
553
594
489
773
210
643
652
577
352
316
599
252
127
56
628
569
187
191
393
75
560
554
818
570
400
615
1
63
12
579
309
164
113
638
767
540
183
57
549
40
610
800
542
216
240
441
606
199
471
494
426
462
659
521
228
28
218
730
583
729
227
813
565
40
449
731
154
794
434
4
23
89
233
189
701
100
218
459
114
49
92
437
250
569
281
452
659
748
17
603
181
24
239
498
722
813
309
30
347
443
41
60
665
559
419
699
473
618
606
94
16
780
779
617
334
60
570
684
430
738
134
631
159
560
25
156
206
96
457
281
62
798
587
50
808
738
785
231
76
279
311
725
517
184
110
564
703
109
258
91
672
220
822
363
67
116
172
236
744
413
590
77
242
527
80
93
689
364
623
93
290
282
523
75
466
300
95
548
699
586
421
253
412
231
451
747
129
255
396
28
337
338
488
93
741
184
516
717
14
456
114
444
469
575
281
685
9
132
223
723
170
437
387
317
665
285
609
711
50
434
602
411
451
426
373
799
155
371
763
631
546
611
33
286
674
315
761
311
725
383
87
130
301
208
700
242
6
441
258
102
180
177
348
804
608
550
242
418
305
514
439
706
398
550
119
550
275
5
505
622
754
264
108
510
477
558
145
208
58
574
258
298
187
717
270
214
460
53
20
136
265
592
780
384
452
600
381
790
807
56
372
790
420
792
632
376
243
482
701
264
370
44
174
411
373
279
626
252
174
73
475
396
578
81
335
575
553
575
554
700
783
638
622
735
138
513
39
586
799
76
53
577
308
406
617
441
264
190
685
521
634
142
358
412
383
509
509
18
609
230
791
503
588
584
659
169
428
812
650
22
774
177
545
111
59
130
269
304
710
40
359
561
287
300
691
258
505
498
69
488
639
367
375
209
690
243
83
223
640
414
627
771
147
410
623
600
407
486
676
407
566
428
793
151
235
33
202
535
747
551
486
637
10
678
796
755
450
102
416
413
649
612
505
763
214
111
749
491
207
262
558
819
559
786
135
509
171
757
477
120
216
94
305
62
49
356
17
631
174
258
291
275
783
758
383
485
818
84
248
500
464
629
687
605
334
703
68
589
95
64
88
469
607
731
542
365
345
136
336
829
494
188
460
329
576
461
369
170
517
546
575
16
653
143
318
627
361
31
786
534
782
368
765
270
30
735
646
823
709
595
2
197
385
347
794
416
185
740
307
410
373
320
824
21
744
33
278
329
506
64
162
795
401
275
372
377
56
780
218
125
88
235
756
731
18
124
573
260
11
599
599
783
752
30
456
458
126
645
821
406
607
766
571
369
96
2
517
310
280
700
306
495
244
442
622
743
259
598
82
48
71
224
298
457
819
266
11
370
386
312
15
177
152
7
627
432
567
210
202
784
39
298
337
274
566
345
11
176
215
734
415
112
357
742
474
39
690
635
130
314
684
522
246
144
725
591
557
629
236
57
485
645
268
654
663
233
630
307
710
355
733
497
783
85
487
298
119
446
174
595
204
727
612
36
610
428
727
185
715
47
803
266
259
9
90
83
558
36
89
589
790
284
13
491
361
773
255
98
744
599
415
37
606
383
706
387
504
776
296
212
786
619
663
360
770
766
828
496
535
318
326
247
761
71
576
323
429
338
93
93
235
218
292
385
733
288
741
133
657
597
670
321
440
450
703
758
565
390
508
603
160
410
557
101
408
504
327
125
495
639
7
181
676
712
178
455
698
13
754
24
536
456
507
459
187
724
802
683
30
279
627
56
506
645
279
510
261
356
344
252
500
583
426
293
111
314
628
303
237
12
329
459
24
428
806
590
809
210
374
74
487
84
183
120
12
525
475
368
829
226
151
518
760
706
508
215
519
751
389
509
76
45
784
45
338
265
4
16
564
187
362
138
599
3
756
23
572
802
589
678
563
304
213
210
705
209
579
568
129
527
601
363
747
701
299
743
233
644
783
605
460
569
406
300
465
639
2
587
43
529
166
814
11
449
203
586
409
499
287
356
151
342
541
251
34
351
474
96
93
164
431
815
717
643
760
481
434
361
251
505
392
157
261
407
780
339
188
637
459
297
783
387
224
630
339
35
347
143
596
778
7
366
489
262
218
220
656
10
105
507
683
380
694
48
184
806
567
647
453
57
227
322
66
96
593
550
181
449
313
232
538
384
687
674
815
641
52
468
329
174
200
346
314
747
739
484
430
300
607
282
225
17
550
154
340
661
796
555
14
720
137
682
455
813
260
18
568
687
291
342
330
548
6
107
81
243
141
486
146
261
238
194
437
772
816
453
626
239
815
101
398
339
129
501
128
97
6
501
110
607
244
11
346
368
152
364
705
249
334
268
123
672
794
798
690
352
786
761
18
742
495
92
783
85
298
116
553
192
414
574
752
728
538
493
109
509
38
148
246
644
479
307
100
469
180
777
607
279
689
349
804
362
602
194
539
756
541
554
42
506
283
198
315
825
745
209
286
154
628
787
392
239
612
27
816
638
10
616
755
620
17
598
317
701
547
232
356
63
22
561
479
379
88
761
352
202
519
662
91
580
286
425
137
402
150
212
166
733
566
273
446
681
572
809
759
492
762
334
278
354
269
557
386
244
75
803
661
601
183
808
452
570
703
716
771
776
543
157
363
455
302
367
726
204
226
510
816
92
111
600
204
427
306
12
734
320
789
467
261
516
799
390
11
417
496
681
42
459
330
496
400
407
591
577
596
519
662
218
308
230
187
750
372
512
119
40
255
662
300
207
327
770
441
481
38
194
822
473
341
336
479
415
461
429
594
247
6
149
659
817
719
235
370
813
512
752
216
625
428
510
627
714
574
818
7
646
306
580
740
706
88
650
588
211
20
4
161
614
760
21
149
27
198
238
584
339
458
263
728
176
745
267
65
453
550
396
32
262
164
260
193
226
318
815
318
74
106
713
697
678
726
680
405
200
650
184
138
298
663
566
541
263
288
181
571
440
545
110
23
315
579
442
353
604
701
353
34
45
669
385
814
532
406
427
610
757
430
620
273
678
354
632
82
273
152
748
803
34
502
594
556
53
697
487
428
57
234
110
190
221
365
443
709
219
156
700
813
88
231
342
395
125
74
309
332
451
152
370
150
742
222
243
725
561
78
174
771
804
378
528
399
800
313
253
567
504
668
80
547
586
187
824
699
550
513
452
111
15
679
99
23
681
139
595
613
162
717
92
70
346
553
768
692
567
725
489
760
162
161
446
648
8
569
733
616
426
229
370
672
464
664
657
397
45
95
734
170
331
647
608
25
286
801
426
424
386
756
513
657
680
71
791
221
84
769
459
6
376
421
803
681
174
614
345
397
520
737
361
759
592
394
695
237
399
784
376
237
566
294
372
802
776
635
593
78
552
21
788
640
463
166
535
144
528
408
242
771
239
799
383
451
681
218
179
427
35
732
116
828
684
47
495
313
38
364
651
173
30
714
411
647
254
216
270
829
504
114
696
750
348
26
277
5
816
423
455
99
495
302
164
805
323
275
406
77
157
140
263
610
465
777
686
616
411
827
812
736
130
756
772
247
703
266
196
18
331
787
604
821
209
603
128
239
77
830
728
587
251
363
723
384
148
706
362
170
553
517
452
381
332
338
743
128
94
213
61
796
50
227
262
175
617
27
478
568
94
411
428
303
110
512
109
688
754
49
704
462
754
229
205
63
270
75
92
802
687
823
329
375
612
440
668
725
107
768
472
802
482
496
184
327
576
411
622
182
115
228
205
189
559
109
174
103
472
459
366
9
520
373
41
22
601
476
124
695
346
157
92
314
308
82
231
14
284
399
520
327
527
736
554
760
650
528
315
693
623
763
116
177
280
382
447
496
284
502
603
760
802
223
25
660
731
277
689
522
602
685
225
180
105
632
211
757
518
75
546
500
395
313
211
253
704
398
273
432
481
681
296
726
70
388
89
670
22
636
37
534
613
718
465
97
505
676
414
641
86
15
553
512
146
785
2
159
567
759
506
241
201
339
362
61
52
53
298
558
456
274
646
230
277
566
385
493
807
21
758
164
362
312
579
247
530
503
6
317
501
825
533
66
507
253
629
82
647
366
221
404
633
51
282
674
32
247
571
168
231
734
312
595
462
492
784
468
288
512
162
101
584
244
283
574
33
696
250
176
35
224
82
777
638
559
172
574
286
506
326
165
309
653
352
790
19
497
746
291
343
561
558
791
188
389
328
535
647
174
658
20
300
617
503
318
453
360
761
362
686
825
453
729
422
164
828
373
445
295
758
52
624
769
184
588
104
340
87
821
797
445
169
22
61
176
306
224
148
658
200
765
21
449
788
784
536
319
388
815
641
452
596
286
11
254
216
743
345
476
286
72
149
365
465
466
211
405
827
100
717
50
454
51
415
6
769
573
688
414
122
582
606
583
286
308
123
398
658
577
433
333
609
425
565
747
41
394
719
674
466
101
522
327
730
645
621
458
433
455
719
312
348
582
574
373
387
489
738
17
664
107
256
586
78
102
548
471
681
548
100
652
751
351
619
19
111
433
761
296
119
155
203
261
605
117
320
278
636
504
282
664
249
742
425
579
282
375
506
582
37
730
237
286
385
48
584
682
589
134
804
703
695
74
246
668
469
433
515
73
802
531
386
673
20
746
655
508
330
645
280
77
149
273
491
44
240
165
749
628
222
439
238
504
519
755
267
768
305
743
21
651
618
502
602
748
709
315
674
695
589
268
701
227
86
426
666
5
261
663
332
58
652
803
562
99
756
47
124
272
506
758
46
583
584
95
419
451
672
549
718
744
386
404
710
515
541
344
187
233
341
667
713
376
575
202
548
568
726
403
471
463
240
174
701
583
731
175
334
628
250
342
670
682
543
679
482
617
262
443
705
79
372
342
489
703
523
557
454
686
359
645
89
321
363
55
600
671
154
724
404
299
761
68
21
485
125
335
27
192
501
8
695
258
376
799
504
614
279
763
401
776
136
251
474
731
674
341
764
786
734
782
585
812
167
520
358
22
299
536
815
288
55
716
22
725
659
20
497
303
281
700
417
59
605
79
715
447
576
464
741
569
815
186
162
7
702
647
330
283
417
711
667
272
253
732
644
291
157
299
754
109
523
485
671
260
378
517
263
709
303
274
54
203
73
320
340
47
782
22
422
396
808
239
354
502
701
52
9
463
594
634
792
186
141
142
815
752
279
815
259
639
14
433
229
90
315
629
202
120
422
31
268
551
103
21
706
256
211
768
533
249
558
32
696
551
827
240
611
535
131
42
441
491
771
350
748
297
285
278
679
395
92
407
588
287
739
285
784
366
373
699
595
117
802
129
516
226
289
94
471
543
329
171
78
125
144
271
502
228
726
147
123
477
354
820
727
74
465
185
330
124
488
136
830
266
387
789
764
447
745
655
647
770
313
381
459
418
105
443
239
251
364
266
74
468
734
545
428
602
173
716
750
296
409
703
145
417
361
16
475
408
607
607
217
190
168
400
683
154
66
75
46
667
343
31
298
799
299
269
318
258
344
192
52
450
785
180
715
78
297
644
262
407
500
77
682
606
635
502
246
236
745
124
811
86
606
70
710
277
760
178
288
598
334
5
63
189
293
603
224
779
798
682
495
21
558
745
307
334
652
586
167
305
70
122
9
66
738
469
146
753
441
60
70
702
15
314
85
809
530
391
454
727
652
317
435
590
164
405
808
273
171
696
201
488
647
377
271
132
666
241
574
281
398
657
355
195
656
628
753
812
822
727
195
410
326
652
509
683
544
357
683
607
383
627
830
415
376
616
778
126
10
91
67
433
62
533
248
67
179
321
199
726
744
159
363
781
791
345
104
782
682
336
120
112
375
642
312
725
208
158
498
28
95
275
456
110
196
282
369
501
258
193
797
628
691
286
424
11
594
162
315
811
211
380
674
296
621
335
138
74
771
91
294
767
263
470
762
499
364
753
320
378
223
302
41
496
454
673
801
412
388
684
278
342
683
638
455
511
562
454
448
31
248
254
638
700
351
637
488
716
674
757
816
96
575
728
330
44
804
99
62
749
277
814
586
612
179
706
382
28
238
558
466
572
787
281
566
329
480
547
121
408
294
148
754
618
345
426
499
442
83
291
465
459
26
272
335
379
297
29
253
534
359
571
124
174
728
278
313
255
372
13
309
720
484
296
714
367
3
618
88
33
630
365
654
244
318
746
58
186
334
307
131
166
517
410
68
495
472
690
177
149
298
817
561
431
444
67
595
431
627
31
197
191
157
447
332
113
533
662
753
292
564
725
295
489
678
781
39
98
577
424
655
88
163
148
340
386
620
357
258
658
389
197
468
135
121
733
43
490
377
293
424
296
774
504
594
724
791
756
589
774
98
513
10
10
756
822
79
314
412
640
217
598
416
139
519
569
703
540
653
575
323
238
331
274
257
639
319
222
283
53
245
442
405
713
570
118
4
543
769
427
187
99
244
540
668
261
3
106
640
163
90
724
720
766
666
490
76
215
495
605
370
799
779
621
29
531
13
211
435
96
120
507
562
100
677
67
477
40
218
520
544
380
66
132
132
143
419
95
486
107
25
829
204
215
820
285
826
806
691
91
52
828
140
539
187
656
197
475
36
495
627
757
31
692
539
6
326
352
70
490
75
371
667
521
804
736
131
409
673
697
144
573
388
815
622
680
311
754
333
717
486
547
445
734
639
215
397
105
792
302
132
728
577
396
670
731
55
507
31
145
287
45
194
113
529
40
64
363
762
416
772
340
784
526
550
205
206
161
515
240
116
259
128
323
584
376
532
799
766
635
819
784
355
288
164
181
525
172
768
405
169
339
349
756
817
718
403
305
750
116
684
385
509
395
663
582
666
641
747
771
191
550
13
302
339
461
101
292
256
218
275
276
403
289
213
245
254
416
122
720
361
157
113
644
709
638
522
133
368
282
776
578
256
711
122
25
254
408
211
426
110
482
291
621
40
780
327
63
782
522
372
726
105
736
170
446
471
657
237
287
750
54
611
750
473
284
133
404
398
218
549
109
518
515
23
139
518
572
330
611
519
753
250
725
739
595
183
711
673
568
419
308
518
341
395
82
763
271
59
709
213
792
477
156
53
747
689
142
611
622
181
243
764
98
73
633
315
820
790
410
459
382
611
639
421
87
65
719
509
661
782
328
135
219
670
179
700
363
817
827
813
706
700
81
826
364
548
615
568
452
446
738
73
199
732
1
795
121
84
727
648
237
110
164
415
101
76
337
175
610
642
413
21
204
786
592
323
422
392
208
121
591
650
96
463
128
163
605
798
98
800
363
648
749
176
697
486
664
511
206
122
441
724
754
689
785
151
287
257
407
48
336
170
511
766
350
20
105
202
807
516
168
357
724
14
260
151
570
284
736
375
439
379
773
727
413
406
550
724
616
480
253
814
570
566
599
448
704
474
141
737
342
267
319
459
637
153
339
227
556
735
132
76
388
474
260
630
693
472
66
338
315
121
810
742
690
673
291
598
497
52
26
425
613
84
363
603
96
10
486
215
620
134
28
478
248
198
773
568
574
718
727
682
822
669
655
495
330
651
693
602
726
343
356
734
796
196
711
318
572
137
625
724
564
812
550
102
665
820
572
775
413
162
506
795
84
793
463
452
300
781
490
409
561
126
60
23
542
558
602
4
15
83
788
209
298
702
779
227
207
277
459
378
532
776
681
484
599
479
388
816
225
381
471
630
691
527
679
332
664
316
267
721
182
173
393
602
746
803
80
440
533
347
314
297
695
34
193
119
235
2
137
318
542
68
77
28
702
141
665
574
542
146
249
229
829
390
400
464
221
259
67
816
766
728
798
557
779
61
405
11
793
117
810
732
136
147
600
610
175
647
438
319
732
719
519
259
687
353
130
576
503
274
407
81
370
713
786
93
167
723
820
770
286
329
110
768
487
328
178
5
20
727
325
222
623
578
147
419
116
41
404
175
358
293
680
390
346
80
93
550
767
633
541
539
445
208
404
673
322
259
326
630
176
272
553
227
395
681
563
80
307
463
95
592
321
804
640
235
252
101
698
539
561
608
297
362
105
219
55
109
6
819
328
438
507
260
165
304
149
447
22
632
664
197
13
353
87
423
233
273
51
215
135
128
545
513
507
368
292
387
485
809
553
374
151
504
300
162
781
385
729
501
33
826
494
20
202
293
521
696
653
331
702
753
355
169
755
491
652
276
8
655
454
811
716
769
62
605
281
703
104
235
308
27
94
470
367
507
744
478
674
589
733
124
688
638
709
2
38
723
728
505
279
317
547
403
753
791
16
41
821
777
312
660
514
773
664
508
171
510
374
659
586
61
354
145
497
94
172
383
65
700
304
749
125
709
459
78
274
542
195
392
27
821
780
711
370
279
821
434
162
599
390
304
597
633
400
135
23
410
373
111
543
754
80
74
355
518
459
537
709
658
756
631
103
130
428
447
268
23
77
4
716
294
733
207
747
316
533
146
434
615
552
436
497
814
505
626
146
732
431
302
114
757
530
329
242
679
35
123
581
488
377
773
639
318
657
540
402
117
578
299
738
268
827
114
766
345
513
477
298
620
813
729
324
206
38
738
100
556
791
339
810
685
175
432
702
645
485
518
636
456
602
589
144
107
578
451
333
656
549
336
233
533
274
65
740
321
12
793
168
181
700
818
750
646
457
452
66
113
455
555
44
603
310
501
549
304
144
701
71
432
462
3
108
752
48
415
150
677
579
754
789
226
687
779
505
626
612
482
352
714
185
326
80
513
697
162
262
9
209
817
673
671
283
111
430
423
92
389
425
68
754
473
425
609
108
380
24
214
620
62
689
229
203
140
379
583
96
408
78
655
455
310
230
242
81
544
194
523
653
786
164
269
690
513
434
154
66
98
806
799
385
305
783
167
527
232
465
606
279
162
589
374
830
151
446
147
317
207
569
40
341
602
298
596
213
5
802
174
158
722
140
615
574
173
456
707
800
443
731
275
506
828
160
360
387
325
164
49
786
495
394
454
29
626
394
603
402
740
62
311
358
322
246
572
560
284
203
396
6
297
732
71
360
400
680
543
657
326
697
320
622
45
554
15
689
472
405
579
444
190
574
423
487
1
90
59
119
149
499
473
538
279
439
279
159
164
439
220
481
390
779
661
6
431
136
441
659
727
434
731
341
702
723
399
254
401
611
207
52
79
200
828
330
95
454
57
735
528
574
166
522
208
288
386
162
829
409
671
289
66
164
344
494
275
274
209
286
615
826
393
679
753
53
715
715
389
80
602
246
285
588
631
377
771
196
117
499
385
487
209
414
259
180
246
165
184
509
134
12
818
309
279
207
231
165
247
420
546
795
770
623
16
367
188
72
357
229
630
661
305
143
644
375
315
300
82
510
594
33
186
451
259
381
331
557
187
493
726
65
541
42
705
766
764
728
751
224
643
551
470
513
415
774
765
238
559
779
725
549
342
153
195
745
498
483
165
415
674
657
393
493
558
319
261
635
532
427
449
610
78
683
515
169
234
133
464
626
534
460
307
819
225
595
223
560
523
39
681
486
79
546
99
820
805
346
293
34
391
369
368
644
94
795
727
732
155
110
690
468
614
197
634
219
443
465
337
576
458
261
516
628
508
650
628
608
81
3
688
744
616
19
491
418
322
803
175
30
53
487
630
474
807
158
717
321
290
471
415
509
284
506
30
311
48
406
87
512
545
795
663
358
461
580
423
572
284
288
131
70
250
787
213
531
133
6
629
108
669
566
594
320
636
40
5
808
568
609
376
439
115
70
629
226
465
305
544
344
392
365
347
818
14
718
208
448
230
349
771
124
469
401
215
399
786
725
408
251
777
24
257
297
584
284
213
587
95
471
373
281
119
605
388
727
641
374
547
235
649
703
149
471
362
216
206
79
39
786
349
186
461
170
84
590
275
775
746
708
631
329
822
411
165
471
579
240
361
773
493
57
219
329
214
591
545
148
513
536
32
44
200
51
476
446
577
234
362
187
432
773
236
283
187
795
395
675
446
823
221
227
670
604
729
402
156
625
306
332
50
661
68
369
267
744
707
152
539
30
190
329
426
782
695
372
685
439
226
287
523
176
780
426
501
738
305
405
186
495
32
456
539
792
512
354
697
517
132
150
495
185
418
69
400
172
469
51
525
481
182
708
313
183
243
282
1
600
646
421
388
407
387
533
130
178
176
164
741
769
739
321
688
300
362
382
14
675
257
421
617
361
150
707
820
662
620
199
360
467
613
113
211
219
276
503
488
813
466
464
175
51
134
160
618
116
810
771
32
308
532
361
424
339
31
104
41
644
320
4
156
705
789
581
704
271
55
320
77
738
342
656
218
499
6
635
396
204
622
357
180
418
186
308
368
658
342
298
421
610
461
171
466
493
486
653
414
59
429
67
24
798
308
668
189
664
255
252
459
402
235
354
750
390
390
286
660
229
477
49
98
112
158
368
416
258
143
27
491
484
343
436
781
280
53
106
126
716
355
52
33
430
285
492
208
293
760
289
583
289
487
231
323
530
430
719
288
398
227
542
516
799
353
446
753
647
446
689
596
181
413
432
40
382
819
665
94
346
634
796
329
118
181
167
481
130
124
805
146
393
21
697
8
270
682
345
688
109
163
160
168
685
250
725
365
643
626
327
377
422
341
754
359
85
715
211
30
21
535
500
655
366
598
554
410
314
360
24
193
51
207
734
100
191
532
171
516
276
66
296
615
684
778
336
81
5
139
749
631
32
275
193
169
506
263
110
93
193
293
796
719
245
777
312
482
209
659
741
219
299
125
658
381
342
215
292
459
14
257
178
257
709
316
735
384
214
123
483
307
386
721
708
765
107
476
735
634
406
288
357
266
674
371
270
394
601
148
152
340
746
732
313
747
615
198
694
333
441
596
518
666
624
414
795
387
557
43
462
494
19
650
434
584
145
509
585
545
203
740
554
284
508
830
16
783
595
59
688
378
394
56
640
404
568
678
495
11
95
641
570
176
780
476
568
255
56
477
578
290
620
244
167
646
384
691
533
86
765
163
123
36
666
611
139
716
695
762
111
50
50
702
448
246
527
195
455
597
274
409
810
84
625
39
423
446
482
502
84
555
242
152
347
557
512
734
206
289
237
51
823
525
306
593
678
403
98
652
144
43
486
325
68
83
753
757
403
702
360
407
761
307
593
712
68
701
237
807
61
805
777
588
235
584
568
666
99
546
333
733
379
546
392
481
553
188
629
53
597
466
716
747
749
240
817
105
269
406
130
289
72
641
339
830
13
586
109
88
693
729
761
271
266
654
646
682
281
608
791
609
5
527
656
795
50
36
123
222
679
539
227
98
770
478
305
87
175
735
416
572
145
56
415
811
490
234
696
695
730
577
24
565
77
164
252
41
676
443
156
490
110
830
403
145
91
25
357
155
494
26
273
31
297
667
710
245
4
358
802
17
659
494
188
526
416
320
737
713
739
421
331
557
661
183
88
457
706
238
37
338
418
619
130
673
42
140
484
614
321
485
430
244
296
656
497
213
610
185
287
211
508
481
357
744
509
217
346
599
796
260
454
323
695
754
296
680
50
139
778
58
172
781
530
560
249
41
206
503
719
817
236
401
426
572
182
213
160
830
103
726
636
451
63
614
145
327
304
696
727
492
620
690
470
490
719
559
603
801
168
357
93
58
489
533
743
379
457
771
317
178
289
776
195
272
77
318
20
249
186
48
685
224
715
23
386
401
111
354
445
219
259
269
692
190
715
459
446
533
15
719
684
569
745
296
603
116
90
159
500
101
453
74
634
704
709
670
520
380
151
724
51
277
334
676
465
80
530
649
478
93
720
604
398
307
214
664
252
429
254
197
205
802
283
147
284
486
283
638
666
209
621
167
522
53
205
751
527
172
519
468
760
109
381
681
698
370
379
174
717
498
23
216
408
809
577
162
726
663
106
42
210
623
765
749
672
220
421
189
161
1
114
302
245
623
755
16
549
586
270
127
810
731
481
581
164
521
215
587
765
105
698
181
364
65
758
170
594
807
684
618
829
95
509
489
720
464
391
308
380
536
328
49
662
323
513
18
706
413
619
473
210
596
737
257
235
57
791
42
345
821
416
689
291
653
587
85
266
675
404
550
713
134
527
113
706
495
821
88
230
573
457
250
534
794
614
65
708
511
246
54
722
372
91
546
533
332
401
235
739
735
479
763
333
526
294
589
631
71
57
603
186
699
717
683
9
826
123
665
449
576
627
270
754
675
217
717
650
738
236
288
407
204
79
4
587
16
263
97
482
657
99
403
581
164
516
818
226
42
367
118
463
254
598
442
86
378
525
555
218
261
112
651
14
9
285
153
95
288
713
460
259
101
246
174
561
145
784
698
719
192
532
750
502
314
289
672
131
577
589
607
128
667
349
663
684
188
293
706
405
330
376
770
537
52
622
821
200
484
705
257
207
442
123
594
79
214
674
634
2
93
283
590
384
496
327
124
125
787
774
83
152
88
362
814
604
52
46
159
620
374
638
81
691
172
670
624
56
700
723
540
421
38
322
806
542
469
19
800
619
684
703
523
11
680
816
281
39
216
769
558
370
294
222
136
336
445
200
226
823
680
19
481
639
775
646
431
798
120
153
130
537
29
466
296
828
521
318
158
155
639
795
371
686
498
702
25
184
137
533
794
276
111
662
211
233
304
85
41
810
197
348
119
83
77
503
400
307
193
564
267
383
442
2
44
563
134
310
767
454
735
419
740
383
765
683
63
700
808
665
625
785
696
180
429
808
248
29
41
778
824
778
7
749
246
588
166
207
691
734
696
660
499
184
650
788
122
777
465
431
21
499
817
551
373
423
652
59
434
216
269
784
516
295
416
78
618
11
424
632
344
271
795
147
623
614
120
14
94
242
230
526
334
575
70
634
586
511
480
12
631
742
54
498
125
500
284
298
724
594
578
425
548
265
165
14
495
198
605
459
510
412
164
768
510
165
216
166
72
343
428
589
381
673
444
243
150
204
265
54
217
181
548
813
517
661
443
35
705
471
684
693
291
357
751
346
763
702
234
272
189
166
469
421
435
99
85
747
349
599
342
364
291
709
302
649
550
547
262
622
757
156
417
386
823
787
704
113
716
311
452
234
327
504
363
200
81
608
689
408
110
139
569
681
542
208
72
335
293
388
827
661
273
580
271
575
440
54
73
753
521
578
527
90
12
273
226
446
784
64
269
519
214
459
707
509
206
247
72
157
483
417
552
224
430
232
225
22
347
644
557
635
803
698
508
755
216
695
743
613
513
688
280
66
792
318
826
449
512
103
470
654
133
600
642
97
810
327
376
650
496
591
713
358
184
425
29
583
484
258
556
376
325
610
700
414
610
719
619
181
135
113
532
808
805
281
339
750
211
123
518
563
341
529
811
811
11
673
398
553
610
687
469
196
302
225
155
270
644
612
221
94
673
301
550
236
434
139
77
632
163
399
125
106
75
771
336
85
148
614
531
718
248
48
114
423
217
339
638
677
224
92
810
222
47
259
597
526
315
749
714
631
438
414
626
562
706
110
437
175
621
675
739
640
304
824
133
500
790
86
573
162
31
389
89
440
370
174
823
287
382
287
799
675
736
556
575
294
117
183
297
649
462
79
826
135
51
403
785
463
605
185
429
379
140
796
494
87
596
320
119
564
83
349
380
300
286
367
676
334
104
238
115
694
540
491
684
358
739
116
592
744
292
553
622
243
389
550
544
787
382
327
76
493
300
77
408
82
283
533
589
387
445
117
566
349
138
627
788
301
191
770
64
372
378
221
351
30
496
534
476
82
151
265
30
713
20
678
458
825
285
182
350
648
528
406
9
535
242
225
735
174
262
180
595
814
485
261
350
10
391
371
50
768
302
723
348
651
443
188
483
818
286
378
529
438
117
744
42
384
334
384
790
824
45
789
510
182
432
697
673
619
685
411
456
476
586
460
724
786
418
623
383
694
239
590
239
827
429
770
637
720
825
379
16
169
323
54
583
257
60
358
318
722
172
631
208
463
796
582
232
604
62
113
142
780
235
688
48
488
132
647
448
137
77
446
767
692
352
238
644
715
643
243
466
192
263
760
583
588
422
612
804
217
444
648
256
318
267
652
183
680
746
820
565
185
365
826
334
209
496
97
603
493
347
290
566
780
81
570
355
783
784
212
544
704
470
625
709
126
221
459
373
216
646
721
359
764
196
397
443
1
598
657
97
768
567
16
798
29
265
670
214
71
161
770
507
456
494
416
494
735
88
524
302
639
114
49
754
129
203
347
286
120
253
150
780
156
425
606
126
736
791
570
272
170
184
130
763
234
497
561
754
820
110
535
111
557
600
85
162
135
804
347
286
62
561
438
474
657
441
79
297
627
557
264
410
403
441
751
795
747
47
638
687
256
66
258
634
138
247
683
314
566
485
380
651
155
404
75
641
716
207
324
394
773
790
491
499
3
821
418
710
645
170
132
507
356
260
122
147
195
23
283
704
434
604
76
172
142
486
759
430
507
411
762
568
648
450
38
276
115
405
231
134
719
743
619
779
784
370
251
286
693
531
337
263
643
708
755
167
706
298
45
746
384
67
498
366
370
205
98
168
272
317
250
528
566
136
455
312
117
437
446
518
776
731
83
408
149
223
731
43
562
259
359
829
630
580
26
643
595
822
762
306
646
182
718
355
554
322
572
670
318
373
651
311
805
628
35
697
467
45
171
10
482
38
426
548
114
734
628
743
713
60
364
87
604
724
317
367
108
403
566
9
744
348
225
273
634
758
277
283
568
830
419
73
723
86
439
458
415
424
779
346
12
189
727
4
686
706
458
551
654
214
654
699
189
287
720
649
134
538
459
495
586
620
219
657
121
153
512
666
503
280
41
442
44
352
22
551
307
77
478
117
157
631
447
290
806
639
140
117
56
596
219
586
280
809
257
629
546
356
653
61
408
284
193
255
60
449
428
98
176
710
188
31
1
201
815
795
193
215
1
57
627
299
13
617
25
661
16
10
425
754
669
336
48
46
727
412
821
608
542
585
33
690
769
602
233
599
758
435
492
25
363
455
649
586
693
4
31
504
168
626
752
752
31
35
104
381
93
275
65
370
524
551
376
629
644
571
533
170
542
99
33
515
463
815
137
354
500
780
304
475
611
439
87
121
65
783
702
670
721
312
492
671
144
334
205
170
412
45
238
516
571
302
470
412
291
282
118
752
374
422
50
65
277
594
74
616
326
31
224
200
708
46
693
49
148
623
749
338
407
79
493
290
435
51
540
478
24
25
750
177
193
344
722
766
540
789
429
703
285
554
794
49
280
274
25
92
340
803
188
502
808
691
103
658
560
202
282
14
758
202
657
215
96
631
728
233
618
638
110
611
309
741
464
293
280
275
128
280
254
717
808
220
506
88
164
290
243
183
777
41
152
77
122
630
588
735
104
403
711
753
363
502
530
698
193
315
490
475
532
139
465
257
793
4
418
358
727
574
555
265
117
455
453
760
509
97
286
472
319
792
827
612
265
141
351
434
474
186
338
716
374
607
480
379
128
770
319
415
350
434
104
502
359
255
822
75
284
660
698
535
764
2
462
810
678
99
527
107
574
664
381
354
584
482
423
23
171
773
700
410
813
235
480
359
673
70
100
129
483
1
587
679
22
579
495
440
509
580
427
172
8
284
337
193
355
751
19
657
4
734
501
611
18
360
749
332
372
299
110
718
604
460
721
330
484
142
666
365
493
747
26
370
48
9
73
411
211
73
521
735
189
329
402
220
407
108
547
573
54
505
259
46
101
788
241
709
423
470
385
431
496
52
217
678
553
17
768
824
758
704
538
22
406
265
764
808
577
555
762
494
776
282
674
507
688
546
299
603
624
253
340
817
216
97
87
612
192
340
689
810
709
357
765
470
542
216
234
589
526
714
687
602
442
382
179
209
728
400
584
445
8
73
231
478
736
787
657
20
656
381
809
575
99
657
763
757
208
302
561
637
594
171
16
344
259
694
442
63
638
393
6
209
580
409
287
213
23
442
458
692
260
669
142
89
379
798
613
100
694
472
521
1
360
817
729
702
233
437
520
18
292
296
220
177
305
533
216
448
305
93
39
397
591
341
545
753
539
222
737
64
60
343
464
186
592
626
236
592
288
549
725
784
396
243
813
402
475
557
87
13
262
451
334
197
325
650
97
312
145
38
42
439
507
779
604
708
243
709
382
195
380
793
654
249
285
253
101
159
448
85
8
580
149
664
326
700
148
780
138
587
30
470
284
329
383
499
661
691
390
634
697
516
481
706
118
601
75
536
125
91
406
57
486
182
55
713
340
229
4
217
546
625
410
799
231
425
221
648
346
762
298
115
388
730
787
267
380
460
739
709
551
439
81
535
200
462
11
145
392
146
748
4
10
173
790
827
722
613
29
35
185
146
655
662
424
47
480
646
595
201
546
407
296
370
571
7
134
4
675
271
654
375
495
369
703
573
623
171
788
692
58
39
494
818
262
358
230
722
364
613
573
275
109
487
178
189
195
315
337
202
731
339
116
624
818
678
425
435
355
64
578
231
334
136
178
471
352
23
778
136
660
282
169
708
540
253
399
12
213
268
802
501
574
163
392
636
614
157
725
88
649
656
809
784
828
411
249
598
443
298
579
428
324
755
173
441
251
601
671
702
814
555
372
47
351
528
814
709
702
177
83
506
787
587
159
657
737
411
408
562
228
553
477
8
305
578
720
632
273
695
252
520
252
383
437
239
604
756
380
710
646
333
519
112
378
328
375
647
204
215
25
766
560
295
23
250
740
580
823
132
376
284
647
765
799
731
780
229
626
208
541
625
645
268
55
477
117
83
271
143
47
733
713
311
239
215
82
827
458
457
815
551
769
487
746
392
188
633
514
446
17
57
70
133
69
680
521
328
326
645
107
766
33
720
439
794
240
723
472
193
421
449
154
822
829
364
50
706
648
419
162
503
15
619
205
429
576
174
720
318
215
129
81
793
14
430
715
401
605
488
340
224
517
687
771
43
52
495
339
768
744
250
650
615
568
699
747
102
364
473
189
452
805
338
822
170
783
701
663
460
161
186
252
199
830
222
74
417
27
253
621
339
34
91
640
331
429
549
467
315
81
293
630
762
229
657
667
34
525
441
736
754
32
349
798
421
379
647
234
744
806
754
373
363
392
629
652
382
800
727
615
257
641
255
220
676
421
10
223
436
647
460
398
521
415
718
167
128
721
247
494
108
812
315
113
784
538
617
613
360
247
173
108
253
621
202
32
125
539
783
716
595
255
200
57
400
800
253
774
347
603
500
197
476
598
474
123
5
774
411
666
514
609
628
322
443
146
684
648
328
48
300
692
592
479
177
504
431
494
89
38
490
538
64
225
50
302
596
713
453
713
551
337
365
320
517
104
804
771
784
587
738
366
54
281
295
117
457
322
202
580
583
245
474
273
556
325
776
385
394
744
683
70
674
431
392
78
426
417
605
638
741
26
579
78
418
86
150
361
829
456
55
559
554
506
276
240
376
385
357
701
100
29
28
716
314
166
378
393
381
588
82
739
727
608
791
450
114
789
37
349
22
694
747
42
586
303
800
117
71
577
289
783
175
304
164
200
320
642
130
359
41
600
61
547
717
656
605
516
721
747
481
303
781
229
35
467
358
649
57
361
709
483
634
341
570
576
651
448
40
607
554
283
747
331
321
527
757
729
122
571
786
36
3
641
824
263
371
808
529
65
690
825
480
350
243
179
700
471
382
566
765
608
393
411
250
493
58
383
319
161
237
47
349
81
643
712
402
55
133
666
269
402
702
358
265
666
348
684
351
347
4
661
157
711
528
830
687
221
76
747
522
264
256
74
645
585
420
3
347
571
441
81
542
536
552
703
59
493
102
385
74
95
389
334
348
401
789
70
706
88
302
340
800
215
362
44
37
736
823
682
280
740
121
345
707
574
654
190
304
72
659
34
148
402
318
572
740
437
682
398
123
110
747
623
227
794
169
224
675
19
66
449
728
620
144
664
201
675
350
221
22
147
508
585
319
760
460
15
678
35
446
638
199
773
473
129
699
161
434
557
578
514
410
529
52
763
388
67
262
242
525
252
552
337
794
435
477
8
141
487
753
214
328
133
494
703
176
498
494
307
790
338
170
613
566
716
350
434
669
86
422
759
674
336
515
7
754
771
152
74
31
484
775
272
112
572
589
302
746
252
74
77
503
459
312
822
195
711
188
661
491
140
787
757
799
741
293
63
284
15
644
72
718
129
538
622
307
539
475
719
160
380
239
107
529
734
401
209
232
593
653
69
733
384
84
77
426
166
537
174
568
561
731
486
333
760
778
412
703
330
169
767
521
814
196
440
623
438
595
567
524
366
775
683
763
118
295
499
184
480
802
688
269
331
160
195
601
146
230
219
84
208
706
81
358
254
537
274
361
429
154
489
446
285
203
574
124
600
423
205
494
749
705
220
727
85
203
238
65
776
244
414
187
311
246
611
502
528
114
211
375
43
525
528
267
728
771
549
267
286
131
47
383
50
637
499
632
455
248
256
30
397
754
52
699
687
317
143
485
595
577
330
629
186
118
437
275
461
590
564
751
817
579
731
406
826
624
1
102
11
745
773
689
362
373
585
198
635
669
96
300
456
677
389
578
676
38
670
91
781
264
27
238
333
616
403
51
542
739
377
598
129
455
325
569
577
649
144
290
20
190
612
784
645
606
555
713
311
426
744
504
583
682
407
427
127
510
784
788
818
712
493
18
782
140
535
594
666
670
426
291
560
336
414
753
384
728
351
262
386
406
384
809
557
377
23
382
512
610
149
234
259
765
296
733
160
827
75
812
418
60
775
336
94
309
380
46
830
571
412
613
398
642
229
183
100
278
571
781
196
397
653
675
633
10
478
169
366
630
606
342
805
188
505
47
139
300
246
802
545
631
448
165
515
767
81
594
209
613
126
308
622
383
419
674
711
791
339
763
430
578
719
378
821
448
658
658
626
60
476
283
68
718
464
787
134
794
433
532
14
126
386
768
528
103
573
167
276
156
738
815
699
749
251
52
240
770
802
33
397
339
28
24
643
463
461
140
283
474
404
548
119
735
136
665
517
682
83
270
699
604
355
723
817
61
497
414
829
489
441
730
548
155
821
689
636
804
778
477
252
717
573
306
553
774
383
300
373
394
67
510
5
558
681
317
370
657
719
342
18
484
568
199
108
449
36
246
658
751
111
377
700
376
340
180
210
557
534
85
66
273
271
207
3
197
614
218
163
226
681
191
607
33
324
661
241
718
39
661
559
635
591
361
156
22
792
385
647
756
641
132
161
538
567
299
191
23
415
666
343
187
518
362
215
65
346
498
401
198
221
494
708
364
630
511
393
460
250
252
785
578
487
705
456
626
829
395
774
674
617
797
274
271
123
680
578
138
404
577
111
385
341
22
255
86
19
6
401
28
258
513
578
743
552
816
72
252
661
203
197
144
508
320
639
466
40
278
403
179
432
590
71
127
823
265
604
586
700
578
160
645
638
413
542
58
2
509
74
338
287
222
517
790
443
705
797
19
131
251
498
115
667
659
428
788
716
407
448
391
469
800
27
103
612
502
597
697
636
258
808
717
193
761
396
129
777
589
316
780
85
50
101
279
264
797
408
41
492
13
697
753
127
341
782
289
497
742
808
621
437
723
66
570
802
702
18
405
766
309
161
116
696
311
468
330
766
238
118
62
234
688
139
451
672
543
196
39
294
557
71
502
721
68
453
440
223
249
26
239
644
684
225
664
421
251
560
573
173
362
523
118
322
166
208
496
693
691
668
160
556
2
548
374
721
683
5
99
324
767
84
284
700
142
288
682
788
287
698
228
381
167
546
558
645
605
352
57
380
616
164
40
134
131
599
167
306
221
560
239
26
326
614
620
695
438
652
191
725
585
354
133
706
555
548
331
679
406
349
113
362
310
602
241
307
768
711
630
384
348
96
382
258
658
391
628
550
321
174
568
659
312
466
43
589
471
209
746
299
776
336
430
436
689
737
690
465
440
564
269
343
21
370
369
615
674
290
181
783
704
407
731
583
567
692
678
145
286
754
678
397
423
485
551
467
279
80
668
761
106
336
257
359
531
647
558
68
346
428
743
427
123
37
268
423
5
640
629
545
517
77
711
46
116
11
166
488
588
164
119
292
750
172
691
452
173
413
740
44
490
339
769
221
386
762
344
111
418
225
528
4
369
324
272
221
681
7
756
686
271
345
780
8
705
347
69
248
618
592
505
260
399
334
502
104
561
486
276
715
301
213
234
678
173
333
354
819
332
117
640
785
29
289
529
439
126
143
584
595
622
421
130
720
256
232
532
604
281
725
111
819
446
670
121
407
335
413
277
205
357
338
679
77
100
292
471
569
168
685
164
809
360
122
354
205
345
534
472
618
640
699
763
707
703
753
204
824
633
64
349
580
510
226
99
786
382
259
241
424
486
177
413
556
40
566
767
366
27
308
443
808
51
348
669
185
572
33
327
375
509
708
243
176
180
276
445
295
771
786
696
531
398
565
513
777
168
648
91
549
224
399
278
173
22
618
679
203
570
638
196
613
443
582
40
42
625
487
606
344
473
104
794
591
743
224
546
808
88
95
526
422
156
371
521
759
353
236
281
1
266
543
545
438
464
206
127
606
543
210
307
508
733
281
625
666
244
297
787
618
23
733
801
104
605
674
807
628
479
720
705
680
567
806
293
26
517
293
778
81
31
631
71
499
703
342
54
6
332
824
77
41
282
787
580
557
714
152
263
38
30
61
9
385
660
365
762
713
470
448
99
553
114
321
22
568
171
237
460
436
453
650
15
62
229
622
534
602
169
339
243
622
459
312
286
77
801
376
174
49
103
829
356
828
484
806
193
355
743
74
464
814
191
482
695
472
305
392
674
755
817
677
176
22
389
702
271
483
249
57
537
650
394
30
408
593
289
380
669
114
423
442
542
812
433
229
202
456
240
51
253
256
180
633
30
760
238
35
187
358
561
596
470
123
77
333
154
790
801
358
555
239
709
90
811
115
264
781
578
168
719
194
180
235
596
677
97
529
634
544
812
28
103
327
108
362
27
538
239
779
449
706
813
666
506
248
629
413
398
780
27
784
328
341
297
385
640
494
786
415
25
466
505
660
518
114
539
333
117
491
315
627
814
754
748
351
627
722
763
11
102
57
110
250
417
170
610
549
46
148
329
809
711
682
183
432
55
364
545
301
597
357
782
309
755
110
279
67
115
118
424
479
464
758
128
215
425
88
480
538
452
817
518
181
79
308
392
28
47
745
603
830
606
199
224
143
585
62
35
709
668
52
649
213
140
338
813
727
578
664
404
609
222
370
418
108
469
511
516
257
670
424
267
6
747
730
38
176
795
447
110
215
623
761
431
347
432
660
333
413
490
29
266
117
227
694
124
483
814
531
499
670
577
592
170
443
75
567
234
566
791
1
349
692
173
279
512
5
36
442
567
50
602
427
769
563
664
645
168
482
69
30
448
803
133
495
291
258
697
340
797
776
534
177
231
245
659
315
359
776
305
135
35
704
439
147
296
23
411
342
344
821
494
469
565
174
295
130
622
771
351
384
661
200
823
245
794
396
81
465
627
702
648
338
769
744
774
763
375
20
544
274
650
560
590
90
580
59
112
82
466
584
27
553
795
105
643
595
676
128
174
563
772
783
422
638
280
259
357
199
311
437
433
305
305
586
562
203
480
732
607
750
45
121
33
89
13
523
605
28
765
145
159
146
216
552
266
357
702
116
373
317
267
361
417
549
44
809
485
713
287
329
687
647
279
10
653
238
628
155
349
429
52
694
161
519
813
766
674
743
784
488
504
447
812
84
298
457
619
243
250
359
743
486
811
234
821
735
162
678
824
132
449
78
234
268
301
88
715
61
503
127
60
100
597
511
54
816
494
722
431
37
792
110
16
257
305
335
326
431
688
308
400
11
615
785
589
264
477
788
758
128
684
225
154
274
336
43
707
464
701
240
687
625
459
212
77
803
493
123
513
601
774
184
252
497
77
601
437
106
194
654
763
364
724
283
774
123
703
144
304
665
528
658
130
711
377
470
73
558
516
721
713
708
625
387
722
529
341
680
295
743
295
570
37
783
37
544
31
437
335
599
743
65
485
413
401
549
368
517
602
4
81
51
688
304
340
356
471
787
697
79
337
293
691
705
626
565
555
774
135
527
338
368
738
257
213
772
614
202
289
333
86
310
668
782
17
488
780
748
349
285
697
777
69
781
435
500
322
817
59
189
153
257
729
38
198
198
586
734
57
495
277
226
507
1
604
499
50
538
683
124
578
288
761
322
220
166
222
710
782
687
18
66
612
354
777
616
479
429
550
590
727
637
759
413
271
194
487
118
821
69
702
171
409
405
84
736
145
494
140
40
562
282
578
502
733
741
364
519
794
566
468
331
168
40
330
691
354
273
543
715
80
512
535
47
806
304
441
180
801
641
621
789
474
238
34
350
278
238
484
447
225
336
511
476
105
571
808
533
329
340
128
465
418
451
506
20
64
142
4
449
74
732
282
724
667
613
586
290
194
158
581
333
747
290
304
421
345
302
703
308
273
684
72
300
626
557
310
784
427
359
5
74
283
134
810
201
554
286
197
767
606
172
158
217
622
381
748
498
107
194
487
139
560
129
425
1
271
89
600
566
458
726
772
455
104
138
172
8
594
9
361
44
16
585
703
205
695
343
203
638
430
79
577
118
784
217
643
377
372
181
567
115
190
514
251
268
486
527
52
110
250
698
177
131
219
228
344
519
534
166
437
579
589
534
283
18
66
250
691
228
595
69
264
561
241
806
589
339
730
710
305
641
275
711
650
571
6
76
597
344
554
577
585
637
159
40
775
528
48
550
21
89
651
771
259
27
154
717
434
353
775
717
97
98
828
218
662
256
68
803
457
160
63
510
543
124
655
754
268
43
486
227
524
181
12
668
477
456
409
62
359
160
815
423
744
268
47
76
11
266
825
328
639
374
96
526
591
382
192
766
557
164
58
281
480
647
214
353
86
63
667
539
734
268
787
551
621
523
321
339
48
502
432
92
91
413
803
682
239
568
101
367
262
732
271
208
375
340
332
130
311
199
297
597
790
500
756
384
586
280
565
515
777
777
789
177
665
726
498
661
809
108
582
63
124
341
669
248
331
597
625
759
172
31
795
370
726
22
298
575
118
787
360
816
596
504
57
610
352
698
479
204
605
548
661
804
511
634
768
171
416
34
767
674
342
542
134
707
376
713
682
419
402
235
104
78
161
5
315
437
175
494
308
2
477
769
510
456
708
505
708
19
433
738
8
225
639
42
522
665
564
198
168
391
247
72
311
406
217
804
267
73
554
517
673
201
32
286
288
95
137
808
657
221
546
294
448
677
224
811
807
219
739
38
118
345
780
43
49
7
589
215
172
55
464
758
34
521
693
378
516
405
572
636
223
200
205
434
296
302
465
303
69
54
86
827
290
355
150
637
10
683
355
434
173
589
54
495
502
224
216
91
757
244
433
16
62
174
605
571
668
274
5
310
406
147
216
525
254
204
383
408
752
95
342
489
688
757
596
377
126
78
136
94
500
57
634
396
572
767
456
643
305
599
576
457
103
174
563
77
9
466
413
135
193
254
12
507
455
54
5
373
477
752
126
97
488
265
21
392
187
799
156
103
343
434
521
196
63
328
751
212
454
420
747
457
514
379
737
809
710
593
76
362
30
819
259
461
453
579
443
796
459
665
716
545
727
660
759
42
423
522
416
284
97
125
601
155
92
472
87
388
483
441
16
423
621
572
257
225
239
758
575
47
221
730
315
270
229
602
263
124
226
416
717
440
608
736
187
435
737
580
610
466
156
117
359
462
39
813
493
54
682
471
307
90
670
34
753
209
361
189
89
207
661
187
781
567
604
101
379
341
355
746
245
507
406
82
595
697
175
365
676
387
627
263
15
415
466
49
267
549
688
230
95
507
828
618
49
677
98
276
628
746
50
424
49
662
122
236
635
196
191
565
741
127
116
232
694
746
349
778
130
387
441
261
33
244
830
459
302
432
634
290
795
731
226
337
707
262
416
496
350
1
106
349
237
78
597
418
123
797
675
569
178
571
482
636
497
608
341
193
18
252
528
476
575
242
350
52
262
423
297
55
182
328
556
758
12
202
424
691
312
148
283
644
590
748
261
149
478
812
623
182
662
423
493
78
304
173
565
137
32
17
649
19
505
789
139
638
478
575
537
571
745
113
268
362
483
776
67
709
270
770
316
321
819
802
593
51
563
383
686
766
458
701
179
266
768
353
330
210
182
40
390
51
327
348
428
140
499
540
46
129
36
666
659
819
489
19
23
515
716
650
337
542
762
300
199
541
10
373
748
830
34
761
729
78
444
415
675
351
463
369
385
7
824
771
513
304
727
717
491
34
425
588
824
649
411
765
199
141
343
604
257
542
679
760
821
258
233
478
120
1
243
268
22
424
140
94
162
775
110
551
268
251
127
778
690
28
232
464
281
595
176
531
518
694
492
246
5
610
110
196
750
767
774
713
188
167
433
135
274
42
334
786
157
590
632
440
362
659
354
675
762
72
73
498
560
403
95
555
239
456
295
628
200
82
334
38
353
725
313
190
628
686
26
501
323
643
568
246
112
699
701
496
54
272
269
599
457
219
681
419
789
168
160
157
510
215
171
385
551
36
506
610
124
751
375
32
501
790
319
773
748
168
767
82
168
410
554
491
21
598
758
696
681
768
196
397
818
215
2
539
424
432
479
497
555
318
788
337
240
670
610
406
580
423
193
150
228
508
133
731
35
35
48
692
625
245
521
427
649
42
354
76
243
183
331
511
404
146
747
248
340
663
289
583
771
792
405
420
763
107
113
637
176
416
206
124
490
220
641
428
822
104
66
183
588
276
553
830
813
541
142
191
127
788
812
543
84
71
266
360
127
75
816
544
181
120
498
467
491
625
655
317
678
72
129
771
271
15
781
91
320
382
258
806
6
339
575
341
414
183
726
444
594
37
94
391
65
229
539
738
296
686
217
712
363
637
8
710
106
546
411
165
641
422
684
380
123
59
777
125
617
30
477
627
234
794
73
828
181
762
61
317
787
163
127
374
148
565
282
774
245
395
35
725
50
74
632
139
106
277
518
431
367
720
604
747
560
465
215
130
445
382
721
802
185
443
781
344
273
609
736
636
154
596
59
426
207
93
559
495
463
804
109
272
667
630
345
103
296
592
489
434
593
738
263
318
778
225
693
584
760
599
279
575
91
164
572
211
403
125
152
438
657
111
442
395
302
201
730
444
421
581
633
105
146
517
779
349
369
390
362
467
436
166
528
424
491
96
9
628
299
767
78
705
551
371
355
212
160
462
702
613
454
641
710
13
99
337
135
479
538
272
158
577
455
122
217
433
525
47
425
235
461
121
188
389
821
783
619
660
714
718
271
139
122
49
368
218
504
361
754
17
15
32
117
774
253
761
435
481
181
477
758
434
175
829
488
407
380
583
11
387
396
791
159
383
787
358
488
163
797
322
50
294
819
622
649
698
532
221
338
407
219
172
617
699
346
289
428
125
165
108
419
424
668
499
812
252
639
553
333
794
194
287
261
416
654
142
686
702
68
829
463
608
795
218
787
193
749
713
128
161
773
337
182
778
112
131
577
813
798
690
273
305
697
244
397
320
702
459
500
473
71
766
34
562
817
595
512
270
758
678
3
771
21
670
420
773
250
204
235
409
741
366
154
289
662
353
385
228
589
763
144
29
734
80
152
735
770
606
392
280
186
67
746
325
714
288
132
580
14
267
810
822
481
211
606
202
117
666
326
591
186
283
464
710
349
315
169
70
153
616
93
548
763
824
247
159
494
450
573
556
243
727
191
644
344
416
304
689
463
352
489
608
273
370
381
721
747
700
564
120
399
642
8
13
274
75
412
564
722
422
473
256
185
240
523
270
567
172
114
123
643
317
272
195
544
183
277
811
459
496
621
329
645
400
527
399
36
270
362
743
484
713
173
542
262
5
730
458
256
504
320
438
144
331
367
332
476
70
484
94
499
221
61
789
195
515
551
498
693
456
114
191
643
611
790
599
262
472
774
553
577
377
67
577
730
454
264
77
161
617
798
453
707
345
565
351
808
470
502
515
25
15
793
330
377
474
227
658
161
665
496
288
194
160
342
401
365
513
725
743
103
391
1
260
376
270
554
67
553
67
527
741
551
140
480
814
74
269
24
742
530
490
224
287
183
195
736
427
455
191
365
801
71
79
151
670
829
180
619
293
678
78
218
661
241
272
377
308
19
787
655
803
649
77
410
562
243
519
533
672
460
202
273
365
591
146
797
143
712
259
304
536
342
411
266
468
90
518
250
3
559
42
584
640
795
389
767
671
104
649
125
646
653
590
56
509
68
442
31
639
796
821
237
569
402
72
809
243
532
654
570
124
696
619
484
320
28
702
455
709
717
488
448
388
223
779
243
356
38
547
787
732
682
721
618
827
236
144
827
560
774
510
504
312
165
276
732
272
803
236
396
750
223
660
622
466
620
517
511
61
605
734
809
215
682
541
348
686
507
279
132
90
479
383
167
361
398
626
68
394
412
267
814
15
497
18
538
607
444
512
808
479
438
385
675
582
648
536
264
351
802
34
542
778
771
627
408
653
396
124
726
468
46
84
298
621
673
188
348
467
159
640
603
45
288
804
741
33
431
757
270
374
741
117
394
261
615
401
816
324
173
337
212
633
187
676
38
777
576
340
30
520
387
309
439
714
498
687
817
18
572
830
479
420
366
301
724
772
577
136
354
492
352
140
307
601
413
434
700
483
818
494
391
663
532
306
670
521
345
74
763
603
430
45
191
147
794
761
372
819
645
383
435
764
793
234
367
118
199
329
477
610
121
109
144
525
273
795
704
193
460
94
282
667
454
760
402
628
416
819
603
645
274
807
610
640
190
86
76
301
93
11
680
729
652
183
791
338
241
159
40
408
222
275
267
676
297
444
290
238
291
177
765
399
173
496
659
772
248
115
826
294
715
476
544
654
280
154
562
39
663
594
535
760
227
590
199
192
541
490
773
795
170
170
681
157
621
827
456
225
235
298
191
94
406
37
142
818
9
730
612
55
715
525
409
817
526
433
313
815
123
236
466
325
107
3
142
211
341
223
819
525
353
136
206
347
352
416
515
768
788
128
210
172
34
594
577
776
619
515
232
383
430
234
589
329
112
1
618
363
797
305
206
389
641
312
488
599
663
625
480
591
430
240
202
57
698
395
34
80
158
720
825
432
423
363
754
106
175
458
772
469
3
769
61
334
311
614
626
273
23
231
452
440
407
601
375
735
84
570
366
257
21
508
470
129
76
199
823
396
566
742
502
574
307
610
744
114
54
362
550
89
505
270
173
620
188
656
771
629
257
59
667
46
247
471
58
618
89
105
810
192
620
614
620
576
108
285
54
651
397
247
697
224
177
527
275
611
828
547
771
344
84
324
727
255
159
829
136
645
132
45
594
12
141
724
289
285
741
825
518
798
368
361
405
116
493
611
24
782
263
558
717
454
47
116
686
17
130
678
12
37
821
546
829
15
20
481
52
249
168
45
109
639
805
533
206
463
113
6
409
404
803
502
467
755
149
627
717
445
705
182
356
218
676
375
90
452
297
507
665
782
736
539
341
446
318
828
543
68
695
149
327
162
711
470
220
512
782
125
568
631
713
566
165
52
707
606
687
736
612
627
47
280
787
609
808
239
85
570
197
750
539
76
67
325
199
352
739
162
353
595
9
155
9
722
10
451
369
127
658
54
349
153
362
340
496
816
682
159
393
30
269
360
600
779
453
707
72
48
788
803
77
29
221
580
759
177
559
1
620
493
310
724
792
390
119
474
201
615
443
457
441
757
695
187
131
253
523
32
668
442
641
105
448
270
730
256
711
11
610
28
760
137
518
812
124
713
738
607
393
273
608
690
48
288
679
229
813
225
248
691
409
441
338
375
131
385
388
33
255
359
689
294
446
318
122
250
749
339
795
747
498
576
305
735
588
677
770
83
610
30
449
309
807
576
581
306
596
749
183
564
162
174
289
408
583
741
508
649
518
268
529
13
100
203
587
269
430
270
288
644
518
150
452
246
177
596
533
690
661
557
529
358
75
494
167
678
337
200
571
563
59
228
84
635
373
828
288
462
373
357
90
245
210
615
261
610
685
640
726
573
603
777
355
458
386
701
279
491
81
702
534
797
219
661
632
476
659
625
826
649
146
483
747
126
379
641
517
134
99
387
341
793
602
574
522
188
578
275
355
765
682
683
19
284
126
359
425
416
373
459
716
557
327
659
602
666
793
105
295
566
520
63
529
119
757
206
279
374
413
38
611
557
303
255
84
712
535
547
665
742
231
4
111
229
616
491
521
577
582
646
811
373
388
667
86
270
281
329
654
381
478
78
798
561
337
394
146
527
305
22
333
751
279
96
720
284
324
249
143
384
809
375
14
473
560
67
709
535
715
324
104
702
45
395
50
779
584
754
645
652
656
272
85
310
575
698
302
316
18
484
189
566
40
184
673
479
721
16
134
563
110
760
400
321
712
86
457
828
215
432
825
143
1
62
92
783
702
134
377
466
36
705
272
213
202
357
595
196
474
563
478
30
706
313
259
45
724
593
114
36
221
44
374
357
181
145
33
30
375
195
595
288
140
30
467
80
412
249
121
187
670
300
555
436
689
415
204
380
336
76
825
303
472
258
785
684
267
7
401
370
635
394
400
436
722
503
430
799
685
205
715
578
1
253
607
489
198
818
504
242
691
200
817
464
170
233
492
769
17
181
216
807
761
221
637
29
793
302
222
507
116
640
501
98
408
171
395
784
180
490
159
785
462
119
99
509
659
408
502
761
401
254
442
528
240
471
481
562
480
579
574
733
336
169
106
519
19
92
803
363
102
149
759
224
820
628
68
652
749
577
44
578
122
772
28
578
781
396
574
322
72
696
428
717
517
542
744
464
465
92
160
698
388
555
53
502
267
298
540
825
603
414
810
536
164
318
86
149
464
154
768
333
305
74
136
178
749
495
450
757
384
28
604
79
351
214
140
759
430
228
561
368
719
160
531
675
562
40
92
810
489
359
74
453
161
169
777
16
808
616
803
794
632
767
57
721
518
218
298
270
535
122
679
236
630
287
70
392
224
184
543
591
399
770
369
322
275
574
720
513
314
278
321
383
701
201
791
656
205
54
186
270
609
460
557
556
148
802
721
387
718
612
337
393
493
43
748
427
184
747
66
412
173
715
669
396
623
676
779
547
176
379
41
494
112
191
213
263
283
319
777
250
282
94
518
261
366
464
130
403
601
304
384
486
112
85
493
756
621
18
248
610
554
24
123
795
606
568
366
627
597
766
247
450
507
759
238
775
579
405
57
199
512
219
255
552
534
283
789
361
657
710
328
281
33
623
669
423
512
646
5
270
469
49
428
528
699
713
346
263
343
503
351
261
261
325
401
522
159
656
402
785
811
541
189
239
457
399
436
250
11
410
552
691
372
631
393
451
413
676
723
120
304
742
306
720
301
307
5
812
741
145
603
129
295
455
420
34
69
25
773
478
28
814
233
444
285
48
589
217
830
825
164
311
39
571
721
778
513
71
731
731
471
575
55
146
231
372
412
624
444
34
462
247
819
751
175
760
472
822
343
385
699
769
609
520
546
765
173
827
247
160
723
588
133
379
386
782
67
663
13
85
800
378
30
663
105
490
509
410
607
223
516
72
441
523
79
106
35
15
533
806
667
79
153
432
787
404
48
567
547
580
495
443
745
592
130
393
102
125
175
177
571
742
373
94
650
366
779
520
154
781
347
60
816
428
715
719
98
214
372
539
764
610
139
234
32
405
323
514
518
42
805
49
392
76
817
244
96
507
219
560
284
172
323
710
708
392
690
371
168
348
205
349
676
412
677
793
475
633
713
235
111
727
584
367
91
428
397
374
791
418
766
3
415
182
163
85
370
683
516
64
4
545
390
526
358
714
639
678
485
753
275
245
729
615
506
255
796
493
262
730
711
342
379
639
448
119
649
509
403
815
667
708
820
577
43
100
570
751
378
419
689
771
429
704
57
205
533
369
418
93
339
758
143
553
51
180
738
639
455
183
57
602
93
183
589
697
540
777
640
345
329
435
736
741
544
448
375
330
686
507
574
725
173
624
691
410
114
84
675
667
181
770
428
589
199
589
33
50
177
30
7
160
162
268
578
547
550
330
381
326
390
520
201
462
192
207
160
798
513
456
221
330
790
346
32
673
222
488
56
266
173
418
820
602
54
199
170
443
402
46
534
213
797
370
495
665
332
363
309
688
399
642
529
413
49
292
507
223
312
286
555
377
621
539
46
280
371
576
425
70
69
653
181
689
494
306
217
83
97
32
10
620
157
58
780
7
687
211
651
766
439
629
744
54
251
830
353
120
234
393
311
323
638
699
118
45
696
433
708
53
713
778
129
265
95
755
254
687
779
733
87
304
132
542
247
118
795
310
392
447
417
435
313
24
813
165
662
457
330
122
605
368
138
453
311
680
611
498
24
407
614
198
99
739
309
577
361
120
250
664
228
291
641
282
148
742
411
424
735
639
731
533
587
228
721
644
202
413
501
732
166
275
787
394
145
567
322
636
152
141
131
671
243
253
598
313
260
547
160
349
13
749
389
388
267
222
595
450
220
611
752
409
184
66
159
469
405
436
90
755
528
217
824
781
112
774
642
711
295
57
589
748
750
797
602
213
134
407
42
575
564
573
429
529
711
23
25
141
735
151
131
448
668
323
327
529
704
535
147
638
749
688
367
768
144
10
104
777
460
232
664
541
341
110
256
719
531
807
44
520
171
379
295
179
215
765
770
291
249
401
782
572
818
296
794
257
170
381
217
83
164
318
241
109
4
519
207
218
331
105
330
34
494
667
51
419
743
317
296
160
661
793
423
749
413
818
393
247
80
26
227
491
477
763
287
431
204
496
459
315
570
27
763
624
705
620
136
377
814
741
425
643
200
479
167
416
315
278
566
699
661
752
48
726
419
600
168
581
730
760
552
695
541
826
823
51
509
583
89
589
437
507
441
9
797
456
589
320
320
582
606
78
424
535
826
454
255
41
364
688
733
388
792
396
315
316
466
13
9
686
74
344
237
593
29
279
401
651
455
19
641
781
701
637
294
425
321
508
632
735
15
496
403
515
109
6
111
388
80
64
713
269
37
552
581
357
690
79
273
34
629
678
466
575
334
6
530
761
218
587
635
756
476
291
139
812
306
66
15
624
561
562
181
70
427
185
166
812
727
557
368
817
751
29
594
443
301
488
624
467
271
377
610
212
645
260
807
640
648
119
432
647
241
723
719
164
201
510
115
729
731
400
151
781
254
31
122
592
245
210
786
689
503
211
93
792
790
320
292
360
242
533
108
325
148
413
144
302
569
268
506
511
810
795
450
151
307
282
84
549
235
447
20
825
714
20
608
575
338
610
52
415
441
500
337
98
722
166
259
692
177
439
384
307
20
475
240
775
339
652
9
365
136
67
186
251
98
768
418
756
664
583
373
279
525
829
810
809
288
55
125
13
778
540
23
461
668
195
88
181
533
352
475
203
820
246
709
779
407
380
528
661
173
452
319
538
190
303
218
174
550
791
776
11
465
566
146
571
161
516
211
762
462
777
350
668
19
153
107
663
725
532
310
555
725
104
283
775
181
687
12
153
536
631
646
684
376
129
143
127
730
67
3
88
687
319
535
820
109
157
443
415
445
137
42
548
478
511
581
637
393
795
531
74
732
771
722
133
242
746
752
266
150
265
278
825
149
111
568
624
707
694
145
508
435
90
265
509
716
168
356
538
718
243
404
766
230
312
522
646
386
213
765
255
288
153
732
108
572
105
535
205
71
14
813
300
543
356
364
595
151
220
501
95
110
441
646
419
284
174
513
215
463
426
194
816
455
720
307
356
348
758
50
764
435
564
131
341
134
25
783
163
327
651
428
638
60
506
185
452
619
443
709
27
376
340
84
694
102
368
190
551
389
442
539
282
62
298
691
622
301
655
268
33
719
491
564
295
816
505
352
300
393
509
694
212
145
118
609
320
161
651
149
350
158
446
613
511
416
820
155
299
522
234
417
480
799
74
100
659
26
46
529
255
485
752
720
464
560
455
416
722
57
337
438
207
829
445
450
619
392
357
341
158
97
456
791
26
155
543
111
440
580
428
320
407
582
463
106
516
626
554
283
180
246
727
60
466
624
816
578
723
229
385
416
254
483
184
196
251
187
20
493
743
276
588
614
313
684
478
515
311
428
625
781
779
491
444
549
160
418
377
190
297
380
470
634
746
462
560
115
744
247
76
721
96
112
633
177
426
791
749
777
363
786
200
779
71
477
114
280
468
461
601
443
479
491
186
17
333
373
535
673
519
668
548
431
581
827
262
326
145
621
723
745
227
182
251
335
263
85
749
75
774
148
392
197
782
133
502
545
107
446
112
362
758
604
814
665
415
189
568
448
422
371
263
748
666
387
681
231
75
146
22
508
381
410
459
10
444
437
334
56
158
598
487
21
205
508
26
284
452
198
552
787
404
200
779
66
200
341
752
20
109
384
18
328
696
346
689
196
522
66
188
509
742
165
597
773
400
557
281
466
811
465
250
514
370
205
345
764
806
377
25
193
719
61
516
697
362
447
400
466
272
441
735
111
700
657
22
104
192
138
17
731
316
93
2
461
813
17
683
648
66
539
588
614
816
653
821
125
739
730
537
387
219
295
396
399
605
701
469
821
591
146
452
137
269
820
215
670
742
649
350
636
476
631
256
229
191
823
444
266
109
379
144
224
416
328
269
552
814
402
496
163
278
310
189
244
724
255
753
71
663
344
826
24
800
242
208
680
494
533
420
340
788
248
636
477
94
495
521
96
23
151
227
778
366
526
648
759
502
443
581
75
193
43
461
39
762
456
511
394
652
380
708
250
567
51
45
244
319
646
706
184
567
316
677
85
600
629
584
334
391
779
432
96
137
301
820
723
741
528
726
606
823
118
445
735
774
769
824
269
277
434
652
47
678
682
268
317
165
133
646
326
425
9
317
806
258
510
108
294
215
296
428
350
587
188
72
424
560
183
468
595
668
783
281
461
314
508
44
182
761
727
121
34
578
111
380
383
7
542
525
820
616
297
554
826
225
691
550
228
634
768
313
568
760
717
610
197
210
508
345
829
353
135
824
37
587
702
816
347
276
444
628
708
140
457
523
652
526
281
691
685
143
204
372
55
323
565
383
643
175
820
505
110
83
591
309
473
354
299
65
598
830
334
827
597
297
92
234
423
783
777
145
349
165
247
18
520
754
470
808
788
12
683
86
358
550
787
258
488
70
422
554
638
200
352
70
763
697
596
665
451
708
742
103
600
262
822
768
282
370
287
478
791
418
594
294
498
750
800
299
453
789
708
327
38
116
277
459
492
238
74
516
597
192
648
251
675
351
653
209
434
395
169
422
738
830
193
14
173
331
29
179
622
645
538
21
787
255
218
382
334
461
632
38
436
277
346
647
403
463
200
713
255
88
78
181
171
296
267
801
461
723
20
60
418
411
669
663
139
175
87
675
631
593
242
167
239
349
590
576
216
30
30
413
32
124
279
279
117
155
675
263
361
536
28
275
372
267
552
414
90
336
456
790
74
114
172
16
585
372
23
658
542
419
234
231
443
37
710
108
118
256
527
650
22
720
829
107
266
815
4
529
184
259
561
3
51
518
116
252
87
531
318
339
501
91
338
171
290
411
282
757
349
534
205
23
351
172
812
396
341
461
17
701
582
612
760
313
693
577
286
290
123
772
341
196
114
572
670
713
567
539
120
45
161
731
727
419
92
799
153
354
358
113
473
723
1
365
525
290
240
733
567
153
613
254
66
324
745
754
343
126
676
241
799
51
823
232
779
799
601
622
390
329
257
68
655
459
724
457
613
61
288
327
546
454
346
720
665
160
351
25
1
87
305
314
9
641
689
372
298
255
59
218
358
562
431
224
695
347
183
62
530
625
186
374
625
124
385
230
470
11
762
741
50
727
58
393
529
345
566
264
524
282
748
819
576
183
367
255
339
5
718
84
145
331
691
528
184
600
168
554
199
27
566
522
526
764
371
403
30
324
688
715
759
497
538
737
32
726
162
96
42
168
205
471
196
603
619
232
766
439
573
477
176
161
246
600
461
591
112
93
84
533
9
46
243
376
395
592
315
176
100
375
522
776
179
766
735
551
744
497
474
448
496
422
725
502
302
421
461
744
599
322
598
577
243
192
112
258
711
622
785
596
307
700
270
157
255
279
263
769
740
631
807
556
648
391
830
633
26
585
5
351
527
569
154
461
791
217
616
776
109
591
579
158
562
401
565
71
220
509
52
499
363
135
618
80
390
401
509
136
193
176
807
633
194
124
20
683
772
191
86
578
494
33
252
593
48
251
526
6
199
785
358
763
683
333
133
149
387
532
703
808
375
247
534
223
585
231
91
91
816
819
573
452
773
700
354
421
796
125
237
520
171
263
736
537
321
572
433
252
48
273
665
573
142
180
176
99
211
407
256
11
511
200
540
787
245
439
792
681
815
29
111
292
178
325
589
302
126
336
479
665
138
598
382
793
46
734
360
169
523
422
195
791
410
534
729
787
52
254
227
720
663
772
658
187
197
639
248
516
213
216
801
827
152
399
646
474
532
56
489
407
51
275
470
235
295
364
492
148
294
216
355
735
359
263
135
497
594
823
494
648
662
564
36
52
577
41
279
773
640
312
753
53
219
369
355
108
685
215
98
706
580
604
709
526
521
508
726
431
361
551
64
146
194
534
637
517
308
369
19
93
353
749
392
189
29
825
297
264
641
582
623
661
377
388
748
755
296
122
161
484
735
629
685
268
822
614
671
617
97
196
247
731
383
555
28
243
181
5
243
24
417
677
789
187
509
776
180
101
115
110
78
318
756
213
660
643
671
454
520
71
305
96
584
651
636
438
624
326
413
282
346
773
248
732
786
336
261
713
186
691
7
621
803
412
102
214
180
680
370
256
532
98
430
261
454
347
191
175
767
160
466
369
309
246
225
537
430
76
147
307
395
281
154
323
18
56
722
768
195
514
180
394
46
343
705
817
48
45
656
782
699
154
723
744
425
110
325
289
179
377
560
705
623
638
825
314
93
567
253
253
557
53
456
732
732
100
177
826
678
807
259
807
486
709
88
644
268
676
232
333
809
272
95
507
428
479
516
10
315
771
720
700
187
135
237
24
210
159
328
371
690
445
527
315
549
693
486
141
190
470
298
537
311
590
507
184
603
588
309
437
781
147
623
383
284
406
579
806
159
216
100
224
283
30
382
271
89
710
437
807
42
289
357
785
725
539
81
739
409
739
357
124
256
675
181
50
89
450
150
228
795
76
328
77
596
88
521
325
32
601
89
550
319
673
529
209
660
699
172
180
701
363
400
13
51
186
51
808
332
668
558
597
593
248
345
593
357
386
821
482
794
393
250
817
693
431
733
70
784
179
134
37
545
717
687
115
508
827
434
399
322
63
387
140
470
356
138
743
376
613
222
467
643
462
404
96
90
217
632
754
813
795
367
805
141
11
369
197
301
406
376
701
790
397
392
108
408
659
312
253
377
311
148
69
3
270
526
343
350
706
140
572
814
689
347
527
137
440
38
59
42
550
148
172
59
750
705
437
596
452
419
693
717
146
803
63
821
171
648
600
409
696
47
620
226
658
616
695
644
463
399
467
112
649
422
338
71
250
146
747
294
180
476
322
48
325
322
66
187
419
539
329
92
149
503
529
680
348
768
419
327
5
805
188
598
165
747
622
495
67
494
319
218
276
719
623
1
85
584
96
50
464
91
449
125
404
151
697
660
527
310
561
191
513
649
665
476
425
482
130
216
490
772
617
741
86
467
533
367
425
581
45
383
768
175
132
252
286
520
730
592
813
373
92
430
39
631
320
245
553
286
664
369
64
20
192
184
224
93
495
706
288
37
729
206
263
813
659
668
493
472
164
416
755
750
422
564
39
131
403
27
765
799
823
656
12
601
438
658
370
199
264
267
732
492
422
736
128
618
99
729
317
658
379
387
442
650
61
691
122
807
228
360
185
130
464
242
427
620
687
71
51
329
198
644
534
520
405
80
179
315
797
172
533
318
506
68
759
734
443
367
82
325
251
27
265
140
203
345
4
812
140
490
131
227
360
219
631
704
241
564
551
250
250
229
652
759
575
638
61
641
549
310
629
373
76
774
734
676
210
656
262
146
491
738
143
105
400
728
52
519
226
244
552
725
450
148
291
152
144
481
18
346
550
383
22
685
805
738
784
314
448
60
689
131
529
531
159
798
620
792
102
758
327
193
361
720
20
255
286
659
369
94
145
8
492
168
645
707
758
58
755
359
302
578
494
348
532
442
3
662
153
555
29
734
637
730
521
278
410
5
586
539
484
588
314
161
602
791
225
179
392
682
787
332
492
598
578
376
732
706
407
238
758
132
796
719
387
745
454
125
544
525
400
431
220
53
82
204
741
91
510
592
632
561
689
323
98
576
385
246
263
133
323
574
110
194
661
430
630
485
154
86
313
44
656
644
315
441
677
530
21
71
274
744
706
748
87
88
111
197
683
268
60
131
728
530
641
659
583
591
31
790
288
377
215
101
766
659
5
420
490
702
597
136
774
506
465
370
707
479
768
763
564
237
510
240
489
599
501
235
472
471
607
329
342
773
811
693
469
270
126
433
262
150
2
749
643
818
747
829
827
395
34
446
704
810
130
749
286
535
459
342
521
789
74
480
803
797
351
468
34
731
524
261
614
206
164
275
106
766
684
151
263
304
246
311
560
719
3
97
4
549
248
399
710
278
63
461
764
8
280
35
488
753
96
614
545
688
101
814
378
598
119
33
194
435
340
259
788
277
446
405
408
518
294
714
220
731
299
502
792
209
212
182
331
197
363
150
361
824
279
464
407
11
365
494
142
630
386
21
161
817
56
103
426
685
222
174
794
666
818
750
609
209
121
776
808
702
385
380
593
728
141
818
797
647
796
564
204
505
281
134
213
707
214
483
528
99
270
786
704
443
32
800
60
436
803
63
405
404
495
142
719
682
724
635
412
138
333
710
700
265
539
656
685
310
310
345
710
273
289
674
459
387
546
613
560
616
781
130
542
338
604
99
336
41
514
171
550
720
252
773
825
400
587
626
211
554
326
733
294
530
779
304
245
786
768
165
441
740
799
216
761
623
492
151
414
238
620
303
451
782
508
217
154
681
288
559
139
460
561
474
821
793
813
362
158
120
684
675
102
52
111
318
771
106
673
129
681
775
391
254
780
434
83
776
181
660
766
365
580
808
627
752
304
500
604
327
701
643
713
62
708
106
476
105
660
478
540
502
144
381
734
179
77
808
696
480
718
276
48
570
605
501
514
674
509
288
425
560
248
409
165
118
203
653
135
117
207
61
35
819
612
783
613
746
201
696
713
167
303
619
109
15
407
87
35
713
12
811
91
430
161
390
704
632
443
168
559
154
208
253
704
486
140
333
490
671
19
353
434
280
529
327
360
648
612
393
161
98
144
720
174
414
544
799
82
519
701
640
347
563
754
694
459
429
788
130
663
140
784
335
682
783
13
617
219
653
7
493
815
312
695
527
58
389
24
792
716
805
131
286
383
56
168
384
102
508
324
264
6
59
763
307
416
434
552
82
806
300
118
202
820
628
597
318
589
777
72
581
346
571
716
632
516
467
334
477
417
151
499
464
624
252
551
389
94
366
675
375
292
761
731
559
432
749
501
107
594
261
519
143
436
6
735
238
643
118
676
474
4
207
627
106
829
133
64
244
24
730
53
174
339
132
482
829
505
1
752
462
185
274
657
623
591
451
92
15
430
330
553
687
73
682
593
429
42
301
705
419
660
101
290
153
377
3
671
10
396
559
495
666
325
490
121
744
613
289
489
534
61
477
336
370
252
424
167
269
583
345
20
567
255
363
457
454
586
38
555
594
50
515
183
673
750
416
621
90
231
286
733
110
209
504
756
360
233
420
728
808
575
383
623
648
49
746
146
493
305
516
255
603
389
452
131
818
743
699
520
575
683
385
75
351
592
358
447
693
315
779
638
517
323
765
251
584
512
191
287
132
435
535
703
582
142
381
406
793
117
325
313
129
156
37
375
48
259
824
532
699
649
727
606
723
188
270
451
43
452
353
281
519
138
534
446
34
102
96
105
812
638
198
80
760
342
580
217
236
64
362
192
195
508
471
48
290
376
801
479
458
350
680
289
18
761
369
794
446
430
401
160
631
363
696
533
67
568
738
695
262
134
583
94
408
762
811
728
329
826
136
678
372
133
293
546
694
173
816
512
151
154
292
211
797
41
734
33
554
233
752
250
830
823
623
533
733
552
645
107
599
516
385
360
647
151
149
475
59
756
213
399
119
569
520
275
10
402
56
136
589
113
196
527
516
764
698
518
814
773
344
204
136
823
509
62
787
266
1
604
565
500
130
175
49
336
429
350
438
828
500
8
358
95
207
678
450
250
692
828
278
537
132
592
434
76
31
63
88
281
499
214
524
442
439
1
202
390
189
107
284
45
566
187
256
363
477
34
522
239
516
76
570
685
729
454
26
266
380
769
551
292
94
535
75
661
84
626
615
440
533
117
590
234
297
813
498
460
195
143
633
433
644
825
208
456
82
426
622
64
157
207
121
422
138
186
41
268
754
149
340
123
443
321
448
615
776
817
606
643
184
258
691
664
23
799
725
325
532
14
312
662
651
576
409
365
319
751
769
457
540
319
472
256
740
816
109
42
419
819
564
331
245
565
380
181
550
270
446
309
568
139
517
669
242
362
182
292
665
241
313
676
249
62
728
724
134
248
17
268
471
61
286
173
568
249
300
177
119
289
673
28
687
6
372
723
186
789
187
101
187
150
396
484
814
338
400
46
27
649
645
722
554
407
652
99
313
465
750
494
396
604
747
559
389
90
65
555
265
599
102
551
433
485
159
197
612
583
208
537
770
380
50
69
400
256
517
404
518
5
771
338
161
240
549
460
776
551
381
490
449
762
465
122
67
242
254
633
813
505
788
488
361
830
800
826
592
361
657
103
104
595
50
198
154
478
72
799
475
501
526
734
772
613
509
467
218
182
248
24
572
439
748
461
444
307
539
402
718
480
323
623
567
476
331
174
748
181
461
793
244
638
73
204
441
646
291
35
337
823
46
265
681
405
768
43
70
388
654
429
821
357
610
497
368
720
418
557
47
270
203
499
247
747
672
600
668
573
350
408
358
607
246
640
810
41
565
15
377
601
118
509
94
758
445
648
357
816
85
238
169
783
403
201
46
330
643
594
64
605
352
581
583
321
95
74
575
310
92
27
528
16
38
685
452
487
603
427
495
306
499
581
637
701
86
747
491
577
196
521
636
769
768
820
782
39
434
237
444
789
222
290
342
118
672
629
242
783
648
240
138
380
512
147
471
526
719
439
330
167
74
631
398
549
503
11
208
25
740
593
333
688
328
590
220
719
219
580
380
136
736
620
248
692
376
811
252
255
193
179
424
666
387
158
280
305
579
273
453
344
552
189
260
543
238
71
609
694
830
484
538
10
273
718
48
301
42
689
822
650
398
343
741
623
724
486
409
539
660
684
535
761
826
778
83
617
593
825
325
203
615
786
339
765
564
575
787
774
609
61
656
739
550
750
230
329
27
79
46
496
228
270
61
91
709
397
437
440
742
714
663
506
382
9
473
161
475
676
177
480
104
635
316
138
254
302
635
456
120
722
568
197
8
116
92
89
458
87
196
363
806
454
691
702
110
660
322
574
663
187
550
812
356
194
147
513
774
716
62
618
670
9
606
163
370
718
355
375
820
146
614
774
258
171
131
650
42
432
377
409
488
88
183
316
492
51
638
321
128
135
165
368
732
357
170
420
279
485
70
112
822
139
436
62
37
356
155
112
630
73
817
214
396
190
745
260
255
23
100
4
27
337
325
44
422
624
68
259
640
208
194
375
457
489
143
75
223
816
691
454
176
179
201
436
319
434
134
115
810
770
620
669
302
265
21
181
154
199
564
291
438
483
820
336
340
644
447
190
401
813
171
800
348
13
228
294
120
451
2
381
261
817
812
429
788
16
695
751
226
373
203
706
313
79
752
481
380
442
406
425
489
830
73
212
15
267
247
250
477
809
36
778
151
225
106
320
400
702
594
255
641
237
69
710
815
441
346
735
694
390
480
94
18
406
234
485
6
661
335
293
319
730
13
387
190
165
97
293
588
440
417
184
783
607
751
43
525
413
51
173
319
630
548
565
18
287
198
669
397
707
208
824
741
257
549
400
543
368
830
154
599
556
433
268
427
765
144
483
663
175
659
40
724
576
19
693
91
527
217
668
587
789
357
456
686
498
359
291
590
670
562
99
342
332
192
33
404
346
62
133
363
793
341
664
469
338
744
778
530
78
337
409
565
380
651
409
438
719
330
801
274
795
554
374
470
478
640
625
703
753
707
654
9
473
803
823
786
829
399
184
91
615
314
562
184
351
312
727
812
739
476
335
391
245
378
639
208
39
412
249
134
67
773
525
822
760
5
309
516
771
542
583
227
185
72
202
49
794
15
61
505
700
466
607
309
289
336
279
482
18
496
383
775
187
39
491
364
232
371
364
258
570
440
72
29
473
530
170
22
673
728
115
31
234
162
691
285
104
327
726
429
800
203
139
399
184
677
75
266
322
128
218
731
742
156
364
305
520
244
705
38
484
156
46
353
268
770
337
312
336
73
821
64
341
476
657
614
410
538
553
184
661
458
766
412
607
242
423
268
827
264
805
544
75
494
485
811
474
543
199
382
50
497
455
7
258
144
178
66
49
88
469
813
373
391
32
244
579
728
760
449
685
218
36
689
413
417
584
133
458
250
41
494
416
225
822
175
11
286
552
39
739
287
738
155
235
42
687
702
522
369
230
102
402
630
594
168
243
449
753
321
616
653
396
109
722
635
150
114
343
227
748
630
157
458
773
251
766
380
639
654
718
292
133
693
65
828
736
60
18
798
714
160
592
265
361
32
729
648
252
628
812
560
492
798
56
527
464
507
155
695
176
513
627
233
247
431
39
48
490
426
285
45
195
805
227
159
487
376
482
482
635
650
482
308
428
583
311
301
324
341
72
647
800
102
754
57
224
139
119
623
532
488
28
426
482
126
1
785
828
128
384
761
450
760
714
681
114
30
594
442
695
785
810
370
515
679
465
802
544
225
406
530
122
453
750
39
466
376
705
568
335
539
171
237
684
719
809
426
193
564
792
710
609
435
29
374
184
813
30
544
193
127
781
699
32
97
365
389
675
443
405
30
104
107
89
391
574
577
722
452
309
109
436
568
329
355
182
161
176
793
393
357
467
777
283
277
60
124
331
306
702
77
635
255
799
658
715
44
616
136
677
112
688
143
615
373
147
510
264
771
439
738
64
530
370
425
1
503
344
78
608
571
273
160
179
625
808
361
581
49
572
57
255
507
222
714
193
410
191
78
618
174
49
785
130
172
563
121
93
180
25
170
724
739
463
541
796
709
693
540
174
230
743
740
737
829
638
746
329
603
805
62
250
659
191
194
279
367
461
772
480
48
798
144
571
745
243
540
117
499
621
462
609
702
118
691
489
185
393
300
457
363
181
726
30
364
426
740
328
253
181
555
730
627
724
750
188
789
702
340
26
689
629
2
66
594
312
529
412
203
750
40
133
496
543
723
302
799
776
468
22
63
534
827
399
443
565
407
532
333
215
18
642
360
648
420
142
759
755
212
384
519
734
78
473
105
162
37
770
744
311
493
466
340
428
816
192
666
354
676
185
424
801
26
200
627
27
642
142
73
91
559
352
289
245
14
514
614
374
147
102
527
400
257
566
446
579
732
258
19
620
420
378
115
720
500
528
568
819
48
269
767
335
772
532
668
519
42
600
48
661
823
674
342
726
323
619
695
192
203
543
245
213
27
462
344
802
807
540
514
537
449
777
480
792
176
475
106
559
147
475
761
620
276
175
520
478
720
241
348
125
397
566
539
315
228
667
630
778
709
549
735
327
801
304
150
767
619
530
545
514
499
398
138
468
151
475
597
200
294
335
290
344
188
693
382
345
165
197
578
319
325
417
325
639
381
524
435
385
805
8
779
31
172
356
140
830
6
247
807
570
829
237
94
108
78
664
39
396
683
12
250
129
135
542
686
665
189
451
558
342
358
656
518
719
818
311
704
710
249
336
607
15
468
663
626
754
782
673
756
784
511
272
122
282
112
240
169
469
490
549
458
549
361
550
753
645
671
781
65
400
381
808
734
239
15
51
573
342
12
205
600
657
162
269
787
121
239
692
560
258
433
280
147
636
410
5
346
33
84
220
559
397
688
598
39
537
656
705
788
420
196
612
627
715
139
283
355
254
469
136
716
360
194
512
773
83
316
691
22
262
715
433
797
518
409
342
515
421
783
648
512
571
527
183
17
290
87
55
508
83
38
73
671
229
466
85
685
289
390
717
530
240
728
31
623
649
507
527
169
523
548
345
157
14
687
578
797
363
168
649
184
91
131
758
641
266
452
469
263
516
95
399
8
544
826
147
740
224
283
603
769
302
71
727
828
460
34
376
473
121
51
10
275
505
747
826
504
221
113
332
787
225
559
259
194
333
665
348
60
567
601
206
149
118
138
812
599
428
648
240
202
333
223
596
110
83
652
814
616
447
125
12
538
73
457
293
575
417
734
127
682
202
212
263
733
44
452
667
213
451
137
333
428
349
585
823
4
400
164
787
350
209
309
463
706
212
641
202
179
490
249
82
198
433
782
49
455
94
458
771
671
816
524
79
334
427
80
257
729
193
143
69
489
696
385
145
385
704
730
181
39
164
280
218
322
335
579
699
20
491
147
484
344
489
664
38
89
428
292
628
501
595
347
295
2
648
574
435
691
684
454
284
696
192
382
776
7
371
125
458
511
596
120
354
131
215
174
656
457
365
692
328
90
373
536
341
657
388
538
6
350
731
292
314
518
3
760
776
568
404
283
623
181
352
308
560
586
444
215
8
405
266
179
478
568
230
375
155
774
609
34
421
76
609
507
468
254
591
726
529
361
582
427
804
645
83
108
464
82
752
306
138
788
210
487
603
381
368
662
785
529
805
319
386
10
185
812
703
721
77
282
42
57
705
358
821
369
675
399
104
829
198
707
709
473
162
247
483
92
639
485
250
720
820
444
813
732
111
564
17
584
103
489
817
573
183
165
66
626
449
2
791
54
529
616
361
371
16
503
35
55
606
317
575
771
484
420
206
86
190
799
44
317
179
693
245
451
202
795
769
520
152
483
465
717
233
377
561
440
807
383
771
285
141
800
713
330
164
709
361
124
433
649
739
584
239
491
428
619
82
488
410
4
173
216
689
551
55
313
624
713
318
76
766
178
651
306
624
290
148
791
192
39
816
538
128
96
14
233
308
144
564
678
547
473
473
337
644
36
506
751
777
503
773
827
481
743
564
3
653
209
818
407
112
498
56
357
199
708
735
198
402
498
48
328
761
633
420
50
504
743
491
41
318
525
639
816
186
133
318
672
27
820
582
231
395
33
459
705
748
428
27
105
410
89
463
520
782
304
443
148
722
382
648
297
31
771
655
806
255
579
708
580
318
695
426
298
776
370
611
171
53
409
656
653
105
801
468
800
811
742
365
509
196
744
181
183
301
318
721
59
610
623
170
479
361
400
774
141
121
544
632
166
684
332
389
256
357
319
654
504
358
810
476
55
254
561
719
6
830
794
572
181
292
442
513
761
695
794
198
418
240
564
628
117
467
495
229
781
186
128
35
178
178
532
656
793
32
114
564
409
152
426
10
695
319
433
130
177
203
701
436
600
412
703
786
814
428
35
570
312
196
624
450
345
144
340
42
298
341
781
567
640
377
458
351
367
250
755
599
276
744
181
117
784
470
172
38
765
419
353
803
750
280
249
547
474
466
129
744
25
805
83
433
777
220
258
307
406
647
41
508
408
1
309
8
595
100
566
450
656
766
467
600
381
52
591
751
753
18
420
350
253
541
618
543
523
233
39
501
202
425
5
441
492
730
811
621
414
199
633
775
333
602
454
607
769
302
168
53
477
168
465
35
305
482
390
382
451
424
698
722
289
527
661
55
785
52
182
736
704
414
425
662
152
560
661
556
566
591
368
748
704
431
568
639
252
645
553
41
788
728
564
40
416
618
232
202
819
294
364
92
540
543
437
268
4
290
399
430
662
89
39
430
124
697
333
436
244
619
505
721
220
132
381
457
146
821
176
541
357
16
407
481
185
708
228
561
673
227
287
8
116
426
651
324
673
472
512
783
558
368
511
287
758
98
88
613
828
84
557
44
406
118
203
378
308
406
279
381
514
301
775
230
606
537
410
788
190
57
815
164
423
199
644
441
609
313
92
762
388
396
749
178
125
579
460
83
646
314
282
332
206
508
149
427
404
450
94
611
375
420
220
426
684
382
17
555
297
608
401
666
690
436
673
228
559
151
600
231
214
293
36
101
639
680
391
156
737
475
503
786
396
825
46
280
9
184
131
666
102
378
436
751
369
711
230
271
541
281
719
258
250
508
242
299
699
565
314
237
5
132
233
263
247
533
145
733
558
760
155
41
644
534
536
522
627
825
420
775
346
566
617
383
744
19
762
76
64
637
49
352
126
745
433
428
291
758
552
382
359
790
181
37
446
361
171
327
318
197
470
8
787
638
459
220
536
221
477
208
111
527
763
729
112
726
398
829
366
666
430
712
699
648
23
370
195
325
827
811
87
798
164
203
109
675
371
716
379
168
379
173
392
443
40
707
473
525
740
11
180
72
120
805
514
142
376
78
144
699
168
644
253
442
632
184
657
774
587
330
724
162
251
177
261
409
40
697
454
196
697
497
329
743
256
321
179
809
414
717
542
109
123
225
794
531
612
170
222
4
302
571
603
58
729
239
477
475
404
281
217
117
443
126
499
74
251
705
443
73
214
202
372
291
416
667
267
361
257
202
747
784
169
249
490
336
203
483
688
39
735
729
296
587
716
300
79
653
199
224
442
373
715
467
206
481
397
375
485
767
732
329
330
756
575
812
306
374
479
415
428
65
298
735
240
823
301
519
52
548
277
801
303
375
258
391
104
25
70
40
164
591
176
352
482
472
505
59
721
596
597
796
709
124
85
74
716
580
419
695
338
194
78
198
639
580
229
169
255
516
541
170
574
679
745
711
9
688
506
660
124
328
792
46
164
623
722
695
190
620
780
817
243
645
433
265
196
797
183
640
190
596
27
186
92
567
198
548
627
817
139
796
825
368
560
282
544
392
727
576
585
47
447
807
453
203
491
208
219
260
31
311
815
13
774
483
381
619
572
30
23
822
194
543
280
205
711
826
108
9
124
582
87
203
809
381
762
769
345
508
462
792
151
630
464
569
515
229
68
586
759
260
517
480
231
443
644
583
194
402
58
639
309
67
291
387
809
216
95
587
821
85
243
709
515
789
592
74
15
723
605
604
719
436
716
575
229
165
473
419
389
120
796
19
809
286
685
815
351
489
164
527
351
198
66
442
680
726
144
46
484
745
359
136
243
815
132
791
613
169
210
28
170
574
336
383
369
631
592
445
52
508
164
430
61
689
654
658
470
566
242
802
218
76
498
103
689
283
660
59
114
509
571
304
785
285
555
131
644
628
247
555
414
805
255
365
52
662
280
537
381
18
574
760
775
57
80
262
577
794
40
9
682
263
770
108
644
143
289
170
592
531
624
677
335
154
5
458
22
606
201
715
564
230
226
459
699
536
207
181
41
66
456
448
447
70
700
281
563
530
142
11
319
514
667
386
204
665
509
350
304
234
455
57
442
406
393
711
10
451
173
396
537
189
421
730
783
314
812
204
665
174
219
588
44
550
343
676
95
446
435
257
814
398
408
440
298
18
752
636
616
572
787
541
623
735
220
173
746
397
183
626
616
130
116
590
656
143
44
401
427
599
516
534
437
460
627
37
280
819
424
350
243
227
245
338
63
278
349
542
75
688
46
202
46
142
434
450
687
41
539
241
350
707
15
143
183
445
247
761
722
84
607
636
268
183
368
431
748
155
247
27
332
361
826
122
79
638
326
242
616
385
603
704
35
609
143
793
200
348
115
669
44
10
328
805
241
94
171
488
360
509
93
635
159
596
508
47
428
388
432
783
436
96
305
11
180
339
410
70
816
338
630
717
255
18
570
356
460
255
628
782
194
29
752
802
105
741
84
668
343
655
299
283
208
368
206
307
194
253
606
344
40
656
753
695
565
555
637
203
354
781
295
199
52
406
276
102
420
349
813
149
142
226
28
339
477
673
227
105
57
708
197
511
640
351
108
398
169
381
233
356
110
183
219
746
713
710
51
520
822
634
146
510
681
105
594
283
517
563
2
808
42
411
750
481
65
791
233
684
457
721
281
75
195
777
137
318
290
727
46
743
258
554
15
339
349
175
806
623
38
69
355
315
225
474
611
150
636
696
536
15
579
321
81
743
168
380
503
777
796
41
498
466
552
87
40
587
166
380
198
656
197
749
720
105
232
226
244
73
165
316
378
663
644
44
445
40
793
185
733
719
1
295
53
750
232
507
285
559
57
724
53
692
42
811
374
40
240
280
409
494
663
474
808
91
242
807
68
449
61
90
149
745
431
525
477
803
493
134
323
291
609
575
362
420
448
786
87
681
411
75
829
330
332
447
799
430
372
825
540
673
426
99
129
731
791
71
818
371
182
164
213
286
136
468
48
583
98
412
539
300
38
153
283
274
49
456
330
313
188
49
271
414
64
231
140
397
440
578
595
414
452
239
83
798
647
620
654
203
452
46
335
477
361
86
112
139
821
358
94
149
697
330
531
707
544
475
584
188
798
330
255
606
239
573
557
630
290
311
104
198
109
705
576
145
258
231
209
770
191
720
651
492
627
713
121
514
424
303
795
248
73
261
182
85
270
805
515
664
415
755
448
557
577
665
183
259
91
388
88
348
537
732
96
536
48
816
519
425
302
720
756
423
126
827
83
715
381
726
507
143
770
481
40
684
759
719
701
378
269
300
183
624
772
38
665
694
266
208
764
456
485
727
816
700
782
513
700
752
753
650
679
621
215
725
528
805
34
304
720
644
292
829
156
594
623
687
193
225
374
126
257
720
760
303
321
524
48
157
754
299
318
732
372
243
188
516
290
381
101
183
348
26
737
336
285
314
578
805
353
130
568
250
235
187
477
7
533
346
540
162
21
110
420
668
555
525
86
777
541
590
362
811
534
385
435
716
438
633
65
821
200
14
82
129
286
6
767
577
317
616
91
525
347
797
121
633
481
217
34
4
360
798
522
36
718
721
574
770
655
101
69
540
328
109
460
200
768
34
181
37
5
806
699
781
419
134
540
767
97
781
144
498
741
595
698
529
581
827
676
255
340
210
478
11
159
517
713
133
607
436
186
706
278
481
748
149
188
375
376
235
798
790
367
797
579
798
792
201
150
519
287
808
496
813
674
586
656
553
176
14
28
738
528
511
699
449
805
369
104
146
588
46
113
30
105
419
692
111
326
3
643
823
212
531
41
748
115
677
612
551
305
49
612
577
820
186
779
779
598
342
782
419
202
395
195
163
480
72
561
276
752
407
610
357
232
628
776
342
37
321
776
300
433
155
33
809
75
727
46
149
432
796
528
536
22
484
37
146
636
323
810
264
578
774
584
529
371
217
687
823
725
317
755
261
49
704
194
667
609
702
352
325
100
145
146
168
421
172
534
710
814
430
151
409
511
729
565
235
55
541
344
603
325
334
412
580
250
86
42
197
757
793
186
232
684
671
6
319
718
414
199
580
247
421
335
649
421
580
131
44
804
655
639
211
276
737
113
695
769
309
249
727
635
104
289
415
561
724
413
646
12
663
570
104
457
160
548
698
615
577
822
187
746
645
174
797
571
732
85
436
363
357
531
715
548
142
97
672
743
35
809
259
9
170
441
648
447
714
95
491
225
163
649
543
790
87
49
395
407
251
176
611
264
158
51
412
27
408
737
462
675
76
605
813
816
720
334
267
393
300
98
239
563
198
39
607
580
624
698
578
633
499
167
418
537
5
486
473
11
23
297
425
235
319
714
268
524
333
324
506
336
253
613
297
306
722
237
304
86
641
363
273
558
306
300
218
817
446
724
695
221
594
241
588
117
92
522
341
67
673
246
113
292
65
603
612
40
715
254
681
657
247
761
348
621
627
228
423
581
285
639
315
86
277
289
332
277
136
551
516
290
552
469
362
548
49
344
490
103
247
561
157
229
53
72
688
482
225
224
634
556
428
349
498
802
187
787
827
695
826
113
545
407
285
474
678
15
159
587
774
726
190
526
662
763
647
658
132
455
398
243
672
515
152
661
735
170
177
679
168
355
516
481
708
794
374
756
168
491
448
225
370
582
805
403
339
119
370
611
187
598
509
666
227
780
821
462
429
121
238
742
393
129
384
828
445
720
66
403
586
295
466
109
94
291
241
635
668
789
65
358
519
678
777
146
43
81
264
432
296
385
759
207
702
784
466
521
273
47
469
5
364
310
693
511
726
628
574
247
158
79
177
224
815
137
761
360
380
435
287
148
255
707
536
506
755
436
319
606
503
816
704
333
590
208
492
675
361
210
469
223
220
694
133
756
93
297
136
378
787
676
305
809
41
656
422
127
505
451
618
143
355
184
741
97
365
234
447
741
256
291
7
825
2
18
788
99
701
34
683
609
828
142
336
197
116
710
295
711
696
194
746
701
652
315
368
199
288
601
312
559
25
22
700
668
275
317
229
260
507
427
216
173
817
587
707
95
710
321
645
547
183
251
694
154
666
414
332
200
388
741
318
249
656
389
612
258
774
727
205
522
605
84
334
727
586
390
396
392
347
182
44
663
69
274
182
651
137
512
28
108
419
494
78
291
215
656
672
747
515
747
36
723
412
168
259
686
557
394
215
434
578
394
186
697
18
508
223
30
261
447
287
253
469
809
27
91
352
137
369
765
236
301
299
164
513
607
335
741
685
189
574
495
581
769
554
300
784
266
31
370
83
765
401
102
630
21
721
254
362
562
479
197
768
135
659
658
451
485
18
408
569
87
424
412
421
510
641
744
654
559
52
521
169
334
403
650
703
355
384
270
120
56
747
595
403
569
239
89
471
157
196
399
254
277
450
695
538
303
365
442
551
110
570
347
131
452
99
198
117
91
364
67
453
280
734
115
528
468
797
361
103
486
255
167
336
446
288
385
119
643
335
171
26
746
608
814
286
327
546
641
787
219
792
198
342
543
734
332
328
548
490
5
357
690
549
596
369
517
76
731
398
530
193
689
750
461
347
58
729
577
537
580
467
711
755
524
344
644
506
476
258
589
656
126
120
20
672
627
228
374
588
153
698
791
117
815
136
738
283
238
15
469
612
214
283
763
353
269
178
174
714
447
681
40
773
218
434
213
451
528
789
827
396
496
51
768
15
515
1
780
697
79
701
130
428
541
91
496
433
640
154
479
451
740
411
237
32
38
189
316
278
635
502
779
56
25
208
655
546
225
684
121
63
542
258
616
760
168
778
706
483
752
344
259
284
447
6
509
300
338
316
183
830
255
279
80
808
675
423
744
668
541
457
143
154
715
636
441
29
476
385
777
491
614
70
219
54
179
432
204
133
179
488
311
536
516
678
77
32
551
106
177
147
3
304
367
669
756
751
332
400
229
480
726
338
759
552
123
248
62
480
671
649
488
144
741
628
125
827
688
439
113
182
586
165
183
653
112
503
250
648
130
130
571
577
26
202
482
429
335
405
512
562
803
497
195
364
757
494
297
641
530
106
735
813
76
75
427
472
597
237
659
70
239
824
67
423
228
798
815
364
487
298
668
799
563
674
657
568
599
698
684
592
655
251
653
230
37
85
470
320
269
397
267
344
375
145
733
450
484
69
180
338
728
575
639
655
174
537
570
132
135
582
479
541
270
717
517
499
311
579
122
228
200
74
31
647
4
250
643
560
433
544
784
268
209
112
120
779
542
424
430
688
685
234
589
188
348
444
803
517
438
307
830
509
660
337
621
387
216
506
700
640
32
242
609
290
539
293
266
1
297
760
353
361
181
256
457
811
545
20
175
658
734
661
689
474
742
319
598
651
454
56
455
58
510
226
116
765
628
540
462
826
375
728
230
400
463
220
489
391
344
499
666
90
451
768
224
690
546
397
699
408
386
503
173
160
434
144
464
820
531
620
446
101
674
412
467
620
410
383
352
368
684
819
686
650
314
641
604
195
134
470
177
362
528
462
469
233
172
438
282
619
322
54
278
307
112
688
480
184
561
68
443
767
34
792
734
113
325
275
108
743
735
62
53
152
771
752
229
90
519
260
828
665
591
790
291
488
787
368
362
568
209
324
703
158
428
88
276
667
127
659
706
410
810
721
637
58
596
622
305
788
622
209
108
106
544
296
441
245
663
86
421
646
512
732
457
416
194
400
824
120
426
405
373
815
274
251
134
265
420
479
639
576
325
405
450
200
92
261
713
2
72
311
10
81
547
534
96
628
387
191
388
648
735
400
117
420
144
44
454
199
180
451
482
628
737
447
99
49
184
455
729
712
384
491
191
32
577
230
304
570
538
159
113
153
19
518
684
218
522
629
815
620
243
428
268
350
359
721
130
145
467
345
541
25
160
335
570
471
806
18
825
81
432
106
29
441
753
179
688
680
152
33
167
19
400
77
442
291
525
524
414
632
730
232
785
785
541
685
200
369
692
716
567
467
313
687
730
159
591
726
445
603
608
759
800
231
373
360
517
32
315
335
185
182
830
632
655
116
229
500
458
453
779
104
448
311
353
183
186
283
751
257
768
400
792
716
610
14
420
614
550
161
422
477
753
356
36
789
201
194
696
498
84
447
744
317
12
417
18
699
76
57
143
686
581
198
167
543
494
790
704
780
382
808
465
670
678
290
542
134
728
230
466
527
669
818
558
827
334
424
704
537
541
227
117
467
158
828
641
405
244
588
427
230
462
480
730
573
522
759
208
800
749
117
499
667
708
261
249
40
538
328
94
345
706
444
823
355
762
274
129
532
628
467
438
150
333
553
286
86
680
79
12
578
387
182
74
738
399
492
375
9
820
743
392
29
398
772
160
385
792
204
761
317
445
254
134
1
204
810
201
669
436
543
566
511
49
472
623
567
574
723
106
447
454
254
239
609
391
347
527
219
724
302
433
323
523
1
528
287
785
817
53
427
781
274
591
717
739
788
235
447
676
252
166
374
467
711
642
381
783
625
404
332
769
751
180
650
83
624
656
723
691
568
414
271
780
97
72
336
750
422
824
383
69
477
120
652
497
348
682
291
27
263
808
529
704
601
220
458
130
522
724
658
707
93
807
100
383
723
498
248
522
715
583
662
68
425
621
158
290
411
519
207
126
626
593
47
653
108
43
369
686
223
432
239
227
421
734
446
392
702
445
328
15
114
445
536
91
245
128
607
542
428
569
508
216
64
501
334
232
204
480
590
432
594
625
109
103
617
786
614
103
330
76
659
648
219
267
226
408
55
432
658
139
26
715
829
627
537
125
766
556
182
829
810
395
769
552
329
696
821
587
706
656
4
755
158
529
235
753
607
604
390
150
758
252
147
494
811
297
315
32
66
147
527
372
326
636
73
760
120
238
213
292
327
586
320
322
482
235
387
748
62
192
211
578
812
647
259
499
30
61
48
584
32
704
100
205
89
111
318
421
375
777
261
455
269
488
387
174
372
340
825
306
366
476
707
22
289
672
822
569
279
261
664
725
629
372
80
622
691
333
139
653
771
142
423
85
298
293
97
788
112
391
168
708
159
368
156
322
735
705
53
432
439
805
170
668
723
157
112
741
403
711
467
224
374
737
646
213
247
731
188
782
766
645
35
486
119
443
147
570
678
823
506
497
791
675
33
706
31
637
739
583
663
560
359
436
91
415
627
655
395
18
378
540
462
805
492
554
518
534
566
52
663
807
274
729
165
541
653
423
615
711
712
96
232
339
463
435
825
829
236
81
48
660
791
227
755
260
497
272
351
69
491
223
209
306
255
433
312
573
659
520
420
802
325
349
226
224
647
430
771
68
671
682
461
670
519
392
810
280
358
662
542
157
658
347
728
503
25
774
391
570
314
375
233
605
524
404
33
16
666
81
4
422
471
751
584
496
495
744
424
619
108
607
90
813
594
694
190
286
89
609
320
531
480
112
257
351
142
399
810
446
562
726
804
681
72
621
324
318
264
564
215
431
236
167
754
532
241
167
118
27
494
57
713
679
655
457
345
629
398
1
75
5
142
405
262
117
509
279
468
680
129
33
255
67
37
202
775
445
577
203
603
406
136
829
720
303
92
27
234
525
321
698
709
665
430
759
706
556
188
148
45
513
720
697
737
459
757
268
358
704
55
346
416
74
633
587
563
338
1
274
545
286
555
472
813
53
580
505
450
498
64
734
3
343
86
190
252
189
425
473
293
812
640
788
587
129
252
16
787
717
462
29
673
778
136
679
624
678
448
117
818
394
533
264
446
446
765
183
598
626
490
405
670
49
692
564
141
813
808
371
309
191
266
338
178
636
342
564
145
308
18
345
6
74
518
541
464
465
701
302
788
202
55
336
343
639
706
86
641
179
506
9
477
827
674
620
693
411
36
602
95
681
639
140
167
779
314
809
455
722
414
601
221
524
30
522
259
189
155
799
297
727
258
416
70
417
551
756
232
483
473
513
57
141
252
633
688
754
41
481
803
132
770
798
527
156
344
528
765
253
506
537
827
120
658
346
346
552
271
661
383
748
65
535
287
780
328
423
391
201
173
372
17
351
289
389
298
241
562
313
3
635
604
756
208
174
649
768
268
493
664
171
521
87
445
753
214
189
365
390
117
221
260
397
396
438
561
127
251
580
122
522
13
584
706
281
109
476
606
541
252
691
759
302
764
291
376
450
78
314
449
275
383
657
5
78
477
126
568
284
547
140
498
159
454
494
207
32
105
415
621
642
416
503
23
646
542
493
255
509
130
111
544
214
277
414
675
41
636
300
294
668
413
417
708
139
434
141
822
604
68
141
209
275
790
71
125
199
384
804
219
272
723
120
622
221
616
35
468
30
48
713
437
191
421
734
817
721
781
746
797
158
72
568
290
81
632
371
627
740
368
51
143
520
524
525
435
168
690
737
712
651
799
313
773
25
366
676
68
691
387
779
107
59
165
570
102
117
363
75
562
136
350
626
533
734
495
487
533
500
520
376
343
20
437
50
310
579
525
644
264
205
760
205
428
252
674
822
217
324
365
29
518
70
525
403
342
186
2
758
31
47
626
493
79
716
312
566
362
219
630
5
720
72
528
736
784
238
105
765
526
178
157
326
43
434
742
691
638
239
562
539
118
231
292
635
420
153
742
181
355
477
294
33
602
37
340
162
277
163
138
83
9
484
10
14
336
88
825
219
70
331
413
703
155
744
778
330
811
172
285
755
78
231
606
718
223
798
615
517
45
456
495
767
77
746
631
101
324
433
162
46
743
580
597
81
745
694
204
575
294
92
150
624
650
378
291
802
92
97
295
802
217
154
167
160
272
715
814
546
373
118
132
363
137
133
637
644
710
3
135
806
686
51
349
360
618
642
522
376
64
283
22
71
709
408
44
684
822
46
395
389
670
549
728
363
249
739
736
45
783
50
770
178
337
321
708
107
373
126
789
673
511
82
620
759
551
786
432
18
758
724
563
732
550
718
298
318
137
746
631
564
57
195
703
283
394
178
430
249
343
189
720
480
438
74
665
286
195
299
656
97
492
425
573
60
9
730
345
487
830
660
234
366
441
56
143
565
757
175
216
341
823
201
2
494
573
175
509
37
256
584
254
543
726
460
191
311
705
514
433
765
453
86
251
405
451
725
596
61
817
182
344
461
277
12
483
143
804
80
213
215
737
1
324
120
607
391
542
428
405
435
411
387
117
826
436
508
519
413
240
458
489
209
737
448
751
805
62
5
55
804
525
409
341
599
514
380
492
117
496
524
531
220
388
560
628
666
716
141
746
178
64
144
569
762
173
652
768
464
407
338
107
39
753
823
101
73
822
782
666
297
456
480
646
6
309
383
202
220
289
419
424
570
86
100
669
643
583
502
566
391
315
606
646
760
744
321
676
482
784
86
79
328
280
658
105
518
79
3
602
674
362
75
410
557
596
143
728
307
563
818
94
639
167
351
464
424
417
175
350
78
708
610
207
122
743
713
763
298
315
320
671
510
599
189
11
432
59
753
583
233
678
326
824
260
142
651
491
772
161
801
207
450
416
125
719
742
669
47
77
129
585
323
667
629
199
297
183
492
482
119
597
204
294
285
348
525
49
283
323
541
145
335
369
715
645
526
29
625
370
112
229
647
565
693
556
494
361
156
130
659
441
160
716
543
294
764
28
114
634
120
670
201
807
761
660
679
34
596
364
489
235
77
205
446
325
590
602
180
242
694
808
635
793
553
182
293
154
576
579
769
691
128
568
600
339
654
403
128
338
621
353
737
548
56
651
793
729
477
409
88
637
381
830
811
759
504
234
40
449
180
7
22
109
269
721
797
167
709
736
719
24
225
581
335
695
64
721
498
700
6
505
540
767
811
314
87
55
544
68
620
81
93
584
127
47
403
471
337
469
70
641
485
48
573
710
753
249
519
664
323
489
784
410
821
754
577
685
265
413
315
416
370
308
696
664
414
324
587
821
455
211
696
273
817
747
480
736
549
731
248
352
292
58
483
585
99
293
308
544
251
248
93
232
148
301
605
213
571
734
433
806
38
703
34
742
829
703
580
771
559
226
224
582
337
560
474
48
657
738
721
400
495
410
500
168
446
379
4
54
702
166
77
152
416
273
287
788
140
104
592
796
719
600
187
518
222
644
480
8
15
803
759
9
611
719
542
513
639
142
666
330
469
219
651
742
192
549
47
116
665
423
5
745
47
712
219
400
182
672
351
189
94
239
329
220
254
418
676
436
84
473
92
559
525
197
357
398
388
791
584
310
574
674
703
183
499
680
801
37
210
677
289
225
91
385
16
361
677
771
783
703
758
554
213
456
447
707
767
465
458
755
246
690
408
40
452
504
552
452
519
206
217
172
61
643
498
295
165
389
623
305
667
669
786
204
142
446
815
718
469
751
60
457
128
187
529
254
533
793
490
253
116
574
696
140
321
205
394
643
17
435
134
233
476
703
57
277
307
469
511
342
599
780
629
250
303
761
632
361
744
585
686
167
803
813
307
288
101
126
192
272
316
713
247
772
65
572
211
668
647
140
382
165
480
208
298
122
760
598
748
745
376
416
649
176
376
718
442
638
166
395
676
120
337
546
426
516
58
765
442
782
557
683
757
392
415
241
227
544
310
638
208
519
783
726
14
439
618
103
482
348
124
331
91
162
512
741
526
285
736
405
2
508
747
497
288
252
282
64
23
605
708
629
543
403
247
60
569
50
730
50
14
656
425
733
548
569
270
292
341
590
603
622
212
813
735
520
262
709
817
689
38
110
596
510
487
762
326
780
551
652
186
818
205
336
606
285
21
446
421
97
243
139
576
491
617
316
696
478
594
564
131
744
228
702
598
788
353
145
16
292
4
746
626
87
246
717
309
721
159
652
431
419
245
270
105
749
550
574
15
302
741
550
237
470
161
633
434
441
750
367
169
159
507
576
506
420
370
791
113
655
507
14
17
2
669
336
431
534
381
701
484
398
747
8
132
277
383
76
350
712
256
215
357
146
328
527
497
127
346
728
178
674
675
618
187
18
792
486
682
269
325
601
149
572
349
584
114
432
235
208
739
557
196
271
42
440
332
330
135
539
111
27
589
701
371
35
83
146
391
539
310
145
378
827
569
685
430
419
338
227
601
722
103
187
181
239
356
384
379
623
351
542
662
281
135
262
123
67
324
225
659
27
418
603
344
349
830
611
708
474
279
107
195
447
445
495
455
206
418
569
277
17
114
388
728
702
69
648
747
816
282
374
120
495
323
476
424
353
586
495
163
568
142
69
68
227
525
293
580
488
782
152
628
152
481
74
377
632
290
821
242
237
591
695
771
254
762
711
59
554
303
323
350
588
510
767
730
210
474
448
616
61
547
6
532
726
292
332
272
689
221
70
372
710
252
819
615
661
220
432
817
185
500
719
231
313
716
651
487
236
620
454
396
330
568
541
177
370
43
35
541
464
182
717
445
775
93
33
98
649
96
492
38
429
716
332
784
825
746
364
231
525
784
606
690
284
301
660
696
199
454
130
517
63
65
233
443
482
241
366
451
690
396
612
584
638
511
466
429
153
96
522
671
454
180
221
763
69
174
233
135
289
147
618
648
147
805
697
565
559
625
202
227
276
146
178
431
714
805
812
593
531
26
532
291
625
459
787
445
422
421
816
327
691
802
677
290
789
702
238
438
18
689
354
434
65
508
638
116
356
714
218
679
717
478
816
546
795
317
64
540
435
400
35
54
544
792
411
81
94
794
305
237
343
281
548
91
767
600
300
161
791
57
133
417
182
652
3
11
390
385
136
545
769
273
608
233
77
684
290
607
280
790
750
717
280
104
820
214
743
632
187
681
637
81
91
625
106
785
266
273
743
110
12
756
176
43
152
426
393
8
626
36
418
511
150
313
121
488
220
351
769
138
496
746
734
617
485
329
642
246
216
446
498
225
786
47
245
790
591
607
698
337
779
344
420
146
572
548
213
200
499
528
190
478
473
793
212
492
631
215
441
481
466
298
41
754
331
648
32
409
180
190
301
296
197
827
288
473
434
644
190
514
161
172
298
673
593
677
538
93
76
769
642
570
710
722
6
541
803
80
27
300
686
448
215
7
561
709
172
257
183
821
244
284
264
373
553
210
226
190
689
807
469
500
563
416
449
281
225
260
671
181
186
577
4
276
422
206
612
384
32
402
799
286
125
47
149
658
615
685
378
331
288
164
566
407
523
581
403
513
287
257
750
415
408
684
96
567
464
773
510
700
485
232
720
470
338
156
221
436
617
796
413
172
636
161
235
603
790
684
180
334
295
450
52
129
225
276
497
752
187
676
454
780
798
505
532
763
498
533
227
628
794
311
705
277
2
185
764
180
404
803
487
298
227
691
402
655
557
411
299
772
191
176
158
166
60
527
418
540
609
642
293
67
513
324
286
366
656
373
530
151
727
800
387
605
221
211
91
312
361
163
819
675
243
574
338
238
242
519
279
377
553
628
381
226
503
70
655
662
242
162
10
10
151
450
538
175
571
262
33
754
198
610
265
196
539
426
337
481
347
246
92
695
237
44
351
419
700
695
282
498
504
382
74
499
734
635
826
326
452
221
583
812
300
225
47
44
516
271
89
782
59
505
464
287
313
274
474
89
434
571
368
436
720
429
574
110
375
318
669
454
675
675
155
423
552
668
816
406
232
627
334
303
776
548
73
318
99
435
325
579
549
132
413
301
418
101
503
181
33
134
152
55
682
422
504
531
427
663
468
193
639
536
817
167
496
377
290
781
465
42
203
255
406
193
455
98
693
223
475
761
567
681
302
762
675
276
507
226
611
327
826
774
263
280
231
566
242
336
521
820
249
489
235
285
207
791
83
437
723
711
582
488
375
173
689
326
51
676
411
120
651
467
3
674
297
299
602
749
59
789
456
514
399
70
174
284
72
261
400
513
445
661
460
321
462
395
431
207
729
181
582
209
704
562
745
795
367
547
497
253
470
417
723
408
369
715
433
829
478
253
821
272
30
41
442
732
114
227
159
254
240
727
296
296
771
507
789
34
460
770
330
352
237
663
610
826
421
214
723
654
618
14
503
584
73
702
488
739
740
307
332
629
220
382
146
250
629
304
206
144
358
418
151
14
219
94
511
636
509
802
382
497
132
374
383
737
609
1
384
91
339
657
456
508
751
218
213
320
583
580
323
324
365
510
104
53
365
756
171
58
506
55
203
522
792
286
410
596
157
718
294
459
343
750
606
160
56
418
368
681
463
798
684
804
331
823
754
450
221
200
579
5
814
150
827
295
237
805
285
432
536
313
596
433
50
434
13
692
213
428
32
196
593
549
726
199
669
25
505
510
180
281
798
59
825
397
278
483
754
756
773
267
355
515
196
289
426
475
577
305
415
622
613
328
750
629
646
624
267
829
768
92
532
727
806
438
18
785
654
524
201
638
565
697
741
335
150
156
114
825
207
209
222
431
392
236
669
399
713
828
170
247
362
333
119
691
169
331
494
180
402
412
330
549
680
511
230
277
292
575
495
566
772
316
368
422
17
224
711
41
777
49
296
795
657
223
564
127
67
625
40
303
293
629
50
35
314
189
303
763
230
246
310
454
639
262
51
545
587
312
296
253
783
657
812
175
2
819
778
395
381
80
147
426
295
371
330
134
441
194
556
548
129
58
426
85
84
190
602
476
507
450
442
204
811
138
395
616
633
766
119
442
417
518
39
104
400
568
792
62
258
806
678
559
710
734
350
283
92
20
270
262
116
763
773
213
243
732
620
781
88
164
772
714
259
95
515
541
762
651
335
260
70
508
264
249
58
759
573
549
602
282
206
209
481
371
82
235
35
799
280
13
127
327
333
506
676
590
377
767
234
35
193
602
381
683
463
438
138
796
110
54
89
143
32
190
560
241
188
185
342
398
215
354
209
107
376
162
631
753
484
159
505
646
564
694
392
14
132
571
115
269
375
676
495
299
149
28
808
590
790
756
377
706
667
12
693
425
26
446
644
486
1
316
184
330
786
546
73
742
178
70
684
542
306
508
687
111
602
150
79
80
632
678
278
818
556
188
653
466
125
610
226
276
14
694
592
823
154
646
52
455
188
483
306
14
106
310
784
257
393
586
194
724
557
280
408
226
713
59
56
722
236
408
230
670
66
192
642
501
131
137
194
757
771
471
632
743
139
384
203
249
534
406
74
107
261
30
189
726
818
103
684
559
451
8
349
214
517
538
755
400
555
592
393
664
147
510
281
809
92
172
179
344
261
422
448
650
418
206
375
51
218
659
495
628
32
154
809
391
483
801
391
636
302
283
109
670
802
504
275
465
419
566
400
159
235
385
327
63
247
565
681
118
219
471
766
608
744
240
178
659
301
674
77
639
659
823
309
198
411
241
509
527
577
766
391
86
74
805
789
726
684
361
220
55
656
128
77
530
267
477
139
379
466
672
530
417
789
584
163
209
396
829
538
446
426
795
313
600
412
656
758
46
140
135
633
285
675
507
622
464
10
736
750
205
391
762
234
264
780
244
727
454
92
765
469
414
410
273
767
109
221
146
704
223
375
385
606
288
144
214
288
709
23
764
283
79
737
381
656
45
175
155
406
147
273
776
141
321
757
2
644
326
405
221
185
193
233
67
38
625
602
258
668
645
124
202
604
524
83
88
391
342
441
255
825
730
110
177
721
746
65
747
815
804
160
539
598
234
578
411
290
589
399
695
490
768
791
687
564
265
373
164
400
619
543
183
771
99
185
302
690
553
43
199
343
203
389
214
526
292
479
351
132
547
539
361
201
761
727
216
256
427
198
381
622
201
2
649
122
268
13
532
234
199
678
554
188
327
301
189
355
717
404
209
356
27
576
785
67
132
315
800
98
391
117
548
423
632
63
237
568
67
830
774
702
278
49
492
595
197
207
828
250
396
699
703
563
452
578
764
264
475
364
747
311
738
293
822
331
759
170
513
176
710
99
822
707
370
199
128
540
206
67
112
273
443
555
270
223
169
798
51
666
170
355
483
610
145
779
145
171
382
213
5
9
668
527
758
811
632
361
636
103
78
19
417
68
424
337
716
578
74
263
321
757
670
819
189
415
310
691
711
85
129
737
300
179
410
110
87
789
630
715
694
444
643
490
618
728
514
416
606
552
627
441
684
368
236
578
416
713
743
204
183
776
20
424
736
667
518
493
726
339
289
200
824
697
609
482
324
72
291
504
712
362
631
262
87
244
763
777
602
723
827
538
446
435
736
764
33
564
131
696
408
608
412
537
428
666
279
626
102
438
172
96
357
246
538
136
297
322
162
657
373
421
370
411
752
777
334
175
221
159
603
555
183
534
270
553
233
210
543
329
442
635
408
39
546
147
265
73
345
677
17
498
518
464
222
812
796
12
688
344
627
694
654
152
519
347
405
391
129
441
196
428
577
384
170
671
763
587
615
92
101
728
261
379
781
811
240
458
328
575
718
121
254
53
92
251
47
627
510
806
77
280
289
251
134
437
428
261
349
542
55
229
285
608
792
30
473
133
262
733
123
705
271
36
563
133
455
155
771
347
35
64
383
198
468
285
241
570
442
247
675
615
703
819
567
780
67
439
477
344
808
99
251
205
442
217
273
8
742
596
616
508
86
323
363
222
161
317
294
148
736
414
38
455
363
77
365
124
234
742
83
457
627
508
337
727
299
193
199
741
643
261
764
503
151
686
188
50
257
721
208
387
128
438
399
719
324
682
160
280
782
139
376
166
258
731
73
774
289
483
21
340
737
502
764
361
701
347
32
569
184
354
4
667
410
721
570
385
78
19
396
476
594
467
628
590
20
447
70
131
585
28
662
807
715
193
619
238
709
457
754
320
509
359
341
665
781
93
707
578
441
91
131
9
68
512
725
9
739
273
703
323
10
802
460
299
439
260
379
534
369
815
295
352
703
495
272
210
366
228
19
539
74
612
138
621
573
179
97
558
375
647
107
165
275
112
261
566
275
202
264
59
720
576
27
779
788
387
681
439
629
150
34
104
544
549
462
702
14
212
161
681
538
470
415
205
289
386
678
70
800
57
144
654
686
372
724
348
435
267
297
191
410
125
20
276
377
607
459
735
31
571
559
68
572
672
104
343
584
806
813
157
34
59
344
315
50
385
78
476
21
337
381
168
330
3
93
690
144
44
304
4
821
162
771
566
11
713
826
129
562
789
17
219
440
471
817
708
591
271
233
162
688
127
196
647
580
241
714
492
526
260
307
223
490
161
45
347
5
265
420
771
766
410
388
276
317
597
399
492
481
438
274
345
113
566
183
268
511
467
454
504
331
281
428
561
319
36
567
499
32
369
399
349
254
2
251
306
142
587
717
526
828
584
752
169
134
477
462
404
65
355
787
350
532
746
172
271
381
252
763
286
588
144
78
36
572
255
487
679
485
808
26
85
34
363
309
736
571
159
65
429
794
262
136
459
616
783
806
122
631
176
260
178
719
83
177
188
705
377
306
647
563
811
24
19
222
446
587
785
188
363
188
281
220
31
56
420
400
341
553
24
689
767
535
278
273
42
106
230
395
780
136
763
225
703
284
289
769
780
470
334
78
709
359
257
593
449
360
202
399
92
418
405
267
582
244
689
787
42
18
145
380
315
185
420
743
550
629
669
562
232
15
392
625
176
226
822
65
681
126
589
6
757
186
313
625
98
670
725
756
166
244
721
155
604
493
257
228
347
787
59
97
251
754
484
523
17
332
504
31
603
639
143
597
789
288
401
461
746
370
87
216
439
629
124
629
397
612
403
437
607
80
739
298
254
309
554
690
441
76
753
217
718
716
707
224
759
393
101
121
783
413
414
829
554
220
437
377
278
288
627
712
240
202
541
28
529
191
22
183
447
464
688
782
625
487
708
198
174
731
819
766
620
649
476
212
643
375
8
785
483
201
506
152
528
677
687
538
744
216
522
247
443
319
270
152
538
404
685
646
625
145
696
294
424
473
172
549
444
303
656
611
818
489
799
303
17
348
401
698
755
101
627
319
154
309
266
80
349
25
243
34
181
787
51
505
446
219
599
153
827
336
270
611
461
191
131
8
802
279
366
152
505
72
772
61
763
204
761
731
35
219
353
209
177
411
764
775
162
583
722
624
340
456
691
153
225
455
791
802
73
807
205
550
243
514
51
771
470
88
122
480
197
310
87
58
242
381
346
468
684
706
582
35
666
757
516
181
83
586
244
56
74
538
657
764
356
23
260
141
50
749
775
320
629
537
37
637
119
531
564
718
773
821
353
535
558
387
526
37
541
581
396
251
641
519
52
26
338
215
522
542
778
118
823
700
623
327
563
140
243
810
11
212
470
397
492
436
646
382
696
609
250
593
660
480
521
439
254
661
775
240
751
308
478
616
783
126
736
545
681
656
609
340
586
210
576
44
725
170
141
726
191
66
636
5
223
685
240
757
30
326
697
344
37
188
529
153
733
667
483
816
39
702
304
503
327
791
378
766
745
433
409
299
232
548
180
304
87
151
571
99
125
214
652
824
270
552
553
330
26
600
754
693
519
729
627
746
516
281
664
234
503
576
623
641
82
312
135
127
293
621
634
581
545
227
506
88
825
575
141
36
216
795
729
275
517
25
742
173
702
785
419
75
490
460
216
169
357
51
645
317
236
712
705
208
234
756
147
151
765
320
386
579
764
214
247
249
119
542
56
714
787
790
110
82
240
639
451
669
244
602
48
492
44
289
560
545
645
234
394
291
450
724
333
373
346
12
367
828
676
133
673
303
38
505
607
19
78
564
703
22
229
128
429
667
586
52
555
77
823
748
602
725
571
359
186
453
763
266
147
347
247
416
187
554
724
779
95
266
674
456
449
481
740
283
789
347
815
307
544
251
102
530
481
628
26
714
643
177
294
653
178
636
675
271
487
608
451
247
323
739
465
197
235
766
583
615
51
353
55
411
555
567
690
692
616
320
647
102
514
205
279
553
734
401
61
389
526
802
70
640
768
160
416
123
663
482
311
546
562
569
690
287
390
494
280
389
653
101
13
337
779
311
701
157
810
582
441
744
560
19
170
376
586
477
479
715
255
284
638
512
586
815
354
751
782
559
343
322
730
202
519
696
311
176
675
200
361
29
295
369
364
679
135
385
363
16
46
784
313
163
212
587
51
18
395
514
761
365
671
152
779
729
651
759
177
135
710
588
825
350
195
269
31
478
652
272
61
217
744
15
716
393
543
206
135
660
218
513
717
377
667
386
90
468
480
492
176
694
62
440
811
701
31
422
724
404
170
394
810
338
418
385
21
418
43
83
628
476
383
232
54
160
405
726
649
738
326
506
614
347
180
8
758
243
41
443
660
790
735
348
732
258
294
76
247
354
501
295
112
824
118
301
830
138
761
71
422
590
185
439
679
800
62
666
418
764
792
76
634
171
406
714
540
475
674
607
169
411
58
347
168
129
399
679
127
192
615
526
331
662
784
223
768
804
631
719
600
617
366
242
633
694
335
145
289
564
1
524
593
221
164
572
65
562
651
172
215
131
656
275
528
437
310
633
768
44
215
730
34
806
204
437
454
86
214
612
58
611
725
361
744
422
38
723
387
739
460
144
210
54
429
391
751
145
770
482
450
668
34
254
730
678
677
508
280
188
412
557
530
616
582
429
231
496
824
614
726
782
512
23
776
705
258
431
763
276
638
343
690
352
305
617
629
264
57
117
337
676
325
195
478
58
725
400
543
745
333
672
640
583
613
472
87
808
189
740
50
222
110
703
794
46
420
396
760
374
367
200
513
10
655
515
450
105
476
586
126
723
26
394
673
251
763
747
354
701
478
329
656
96
704
802
439
287
640
13
350
812
483
91
291
572
581
598
269
596
649
176
72
404
158
101
115
132
431
535
553
625
244
745
644
609
396
413
574
359
465
492
679
536
203
566
189
658
271
100
646
395
43
70
752
661
34
549
124
13
799
494
286
442
155
272
757
684
580
774
418
523
508
333
176
61
676
156
632
99
822
382
564
363
577
747
736
24
700
446
505
663
809
107
731
667
135
583
536
825
571
675
141
676
98
598
24
439
645
255
154
719
698
528
153
514
426
221
599
554
227
23
293
58
690
793
231
711
20
612
311
785
729
310
553
349
68
801
505
821
46
516
407
569
66
731
357
794
653
382
341
473
333
745
636
232
809
151
508
529
786
51
767
626
357
202
268
421
466
698
416
36
788
412
408
375
524
555
601
566
425
750
141
294
251
751
283
281
591
190
276
656
352
794
67
303
251
234
782
411
392
641
467
456
681
23
245
756
393
487
308
171
311
359
573
89
12
87
742
330
375
350
784
570
321
825
353
41
489
719
357
764
748
642
448
724
313
597
569
621
472
562
650
291
57
666
373
776
21
816
620
688
498
799
275
786
649
491
822
470
263
199
772
816
229
66
320
396
601
753
22
477
670
103
203
86
83
801
827
767
611
649
781
114
416
769
783
645
698
795
296
607
107
5
132
27
655
510
366
296
268
65
15
791
635
218
821
170
294
595
578
651
22
523
53
107
4
643
519
10
582
706
155
776
103
118
547
546
634
346
487
578
678
110
227
40
630
45
744
619
313
438
579
275
83
228
775
162
171
628
436
166
252
616
679
186
138
699
480
138
753
542
776
742
157
215
761
54
343
98
290
324
305
629
482
748
397
71
753
146
362
473
33
286
185
178
283
763
518
128
206
211
13
141
727
536
431
495
567
203
199
244
201
558
55
232
627
767
495
475
823
127
651
631
338
367
523
619
691
181
476
368
459
80
749
382
516
755
276
19
363
478
341
451
341
234
417
339
72
667
195
228
362
210
134
25
547
64
160
644
88
807
675
385
60
791
562
248
446
651
741
820
268
332
390
229
320
768
559
150
14
170
625
475
756
304
800
371
161
439
46
232
530
698
651
580
534
82
87
228
69
146
813
706
594
382
693
501
758
250
810
105
706
461
319
2
382
336
198
384
245
147
746
464
79
118
810
769
667
165
249
532
294
798
199
184
387
340
664
635
195
180
430
567
504
317
260
412
473
466
402
465
300
612
112
564
745
227
117
57
529
239
75
825
758
696
362
259
263
9
514
773
526
95
82
500
263
496
210
519
147
419
205
617
200
293
221
743
509
467
560
528
485
670
631
69
334
169
816
125
530
156
343
515
750
579
753
400
323
130
825
153
489
414
763
768
6
541
117
800
259
83
762
459
398
63
505
34
110
640
403
445
478
590
161
260
381
799
43
374
687
289
726
582
620
146
358
338
765
310
40
554
570
136
441
727
348
746
761
185
20
279
479
94
470
782
559
128
248
210
255
623
769
487
279
523
464
261
585
500
549
344
735
132
607
244
330
281
652
317
743
380
354
478
109
578
777
651
434
574
733
763
778
618
667
203
575
12
748
459
475
238
756
383
425
402
563
398
825
285
318
791
9
38
282
822
373
387
236
520
796
579
418
668
144
212
24
569
505
237
676
282
177
570
830
809
102
14
750
775
567
801
405
661
257
724
188
79
136
501
381
238
644
711
48
21
591
322
658
222
319
235
519
171
475
356
204
59
58
89
149
520
262
349
817
758
115
686
408
185
100
14
598
135
381
51
448
354
544
303
653
574
446
423
221
638
651
72
819
689
94
488
421
718
749
695
527
730
96
797
762
464
417
8
781
403
110
191
680
62
825
56
50
598
450
627
470
338
732
296
419
597
613
374
725
89
118
621
727
110
776
11
504
254
797
598
756
371
348
81
208
197
502
469
392
24
276
387
829
584
337
265
577
547
223
270
602
796
579
620
514
151
724
617
261
452
465
22
789
